-0.79,1.45,-0.16,-0.79,1.45,-0.16,-0.85,1.1,0.11,0.35746,-0.07832,-0.1934,-0.91032,-0.86,1.06,0.06,0.35746,-0.07832,-0.1934,-0.91032,-0.82,1.08,0.09,0.45027,-0.15253,0.50657,-0.71929,-0.8,1.09,0.1,0.22575,-0.00136,0.45004,-0.864,-0.8,1.11,0.13,0.10936,0.01973,0.52584,-0.84329,-0.79,1.11,0.16,0.10936,0.01973,0.52584,-0.84329,-0.84,1.08,0.09,0.35746,-0.07832,-0.1934,-0.91032,-0.83,1.12,0.13,0.02974,-0.13571,-0.10885,-0.9843,-0.82,1.13,0.16,-0.40816,-0.17521,-0.06316,-0.89371,-0.82,1.11,0.18,-0.57774,-0.15711,-0.03416,-0.80023,-0.81,1.09,0.18,-0.57774,-0.15711,-0.03416,-0.80023,-0.85,1.08,0.09,0.35746,-0.07832,-0.1934,-0.91032,-0.86,1.12,0.13,0.06608,-0.12048,-0.1789,-0.97422,-0.85,1.13,0.17,-0.38759,-0.19097,-0.11661,-0.89426,-0.83,1.11,0.19,-0.60828,-0.19692,-0.12877,-0.75805,-0.82,1.09,0.19,-0.60828,-0.19692,-0.12877,-0.75805,-0.87,1.07,0.09,0.35746,-0.07832,-0.1934,-0.91032,-0.87,1.11,0.13,0.14537,-0.09251,-0.24574,-0.9539,-0.87,1.12,0.17,-0.35194,-0.22253,-0.20386,-0.88604,-0.85,1.11,0.18,-0.60858,-0.29409,-0.1514,-0.72126,-0.84,1.09,0.19,-0.60858,-0.29409,-0.1514,-0.72126,-0.88,1.07,0.09,0.28601,-0.02561,-0.42442,-0.85873,-0.88,1.09,0.13,0.21625,-0.06869,-0.33074,-0.91604,-0.88,1.1,0.16,-0.28514,-0.22649,-0.32498,-0.8728,-0.87,1.1,0.17,-0.54176,-0.3617,-0.24309,-0.71873,-0.86,1.08,0.18,-0.54176,-0.3617,-0.24309,-0.71873,-0.7,1.09,0.12,-0.32514,-0.21159,-0.13385,0.91192,-0.68,1.05,0.07,-0.32514,-0.21159,-0.13385,0.91192,-0.72,1.07,0.09,-0.44441,-0.27438,0.57012,0.63418,-0.75,1.07,0.1,-0.26508,-0.12126,0.54776,0.78421,-0.77,1.08,0.13,-0.18568,-0.1013,0.62999,0.74725,-0.78,1.09,0.15,-0.18568,-0.1013,0.62999,0.74725,-0.71,1.07,0.09,-0.32514,-0.21159,-0.13385,0.91192,-0.73,1.11,0.13,-0.05023,-0.23189,-0.02749,0.97105,-0.75,1.12,0.16,0.38803,-0.22629,0.05288,0.89187,-0.76,1.1,0.17,0.5571,-0.18499,0.08941,0.80463,-0.76,1.08,0.18,0.5571,-0.18499,0.08941,0.80463,-0.7,1.07,0.1,-0.32514,-0.21159,-0.13385,0.91192,-0.71,1.11,0.14,-0.04414,-0.22062,-0.08994,0.9702,-0.73,1.12,0.17,0.32898,-0.23901,-0.01224,0.91351,-0.74,1.1,0.19,0.48797,-0.22395,-0.02899,0.84314,-0.75,1.08,0.2,0.48797,-0.22395,-0.02899,0.84314,-0.68,1.07,0.1,-0.32514,-0.21159,-0.13385,0.91192,-0.69,1.1,0.14,-0.13262,-0.18361,-0.17449,0.95825,-0.71,1.11,0.18,0.3109,-0.25882,-0.11287,0.90753,-0.72,1.1,0.19,0.52391,-0.30026,-0.06981,0.79403,-0.73,1.08,0.2,0.52391,-0.30026,-0.06981,0.79403,-0.68,1.07,0.11,-0.23546,-0.14661,-0.36013,0.89072,-0.68,1.09,0.15,-0.26487,-0.10752,-0.28033,0.91635,-0.68,1.11,0.17,0.29816,-0.25257,-0.251,0.88561,-0.69,1.1,0.18,0.52752,-0.35578,-0.18004,0.75015,-0.71,1.08,0.19,0.52752,-0.35578,-0.18004,0.75015,-0.81,1.08,0.19
-0.79,1.45,-0.16,-0.79,1.45,-0.16,-0.85,1.1,0.11,0.37053,-0.08581,-0.19682,-0.90366,-0.86,1.06,0.06,0.37053,-0.08581,-0.19682,-0.90366,-0.82,1.08,0.08,0.46188,-0.15053,0.50716,-0.7119,-0.8,1.1,0.1,0.23604,0.00117,0.45032,-0.8611,-0.8,1.11,0.13,0.10869,0.02995,0.52489,-0.84367,-0.79,1.12,0.15,0.10869,0.02995,0.52489,-0.84367,-0.84,1.08,0.08,0.37053,-0.08581,-0.19682,-0.90366,-0.83,1.13,0.12,0.04193,-0.14036,-0.11182,-0.98287,-0.82,1.13,0.16,-0.39697,-0.18102,-0.06364,-0.89755,-0.81,1.11,0.17,-0.5681,-0.16302,-0.03371,-0.80595,-0.81,1.1,0.18,-0.5681,-0.16302,-0.03371,-0.80595,-0.85,1.08,0.09,0.37053,-0.08581,-0.19682,-0.90366,-0.85,1.12,0.13,0.07083,-0.13147,-0.17816,-0.9726,-0.85,1.13,0.17,-0.37495,-0.1995,-0.11263,-0.89829,-0.83,1.11,0.18,-0.59363,-0.20473,-0.12361,-0.76838,-0.82,1.09,0.19,-0.59363,-0.20473,-0.12361,-0.76838,-0.87,1.07,0.09,0.37053,-0.08581,-0.19682,-0.90366,-0.87,1.11,0.13,0.15296,-0.1041,-0.24654,-0.95131,-0.87,1.12,0.17,-0.3345,-0.23108,-0.20092,-0.89126,-0.85,1.11,0.18,-0.58926,-0.30115,-0.14704,-0.73516,-0.84,1.09,0.19,-0.58926,-0.30115,-0.14704,-0.73516,-0.87,1.07,0.09,0.29675,-0.03657,-0.42805,-0.85286,-0.88,1.09,0.13,0.22678,-0.0809,-0.33279,-0.91175,-0.88,1.11,0.16,-0.2648,-0.2354,-0.32269,-0.87769,-0.87,1.1,0.17,-0.51726,-0.36752,-0.2402,-0.73463,-0.85,1.09,0.18,-0.51726,-0.36752,-0.2402,-0.73463,-0.71,1.09,0.12,-0.31552,-0.21226,-0.11571,0.91761,-0.68,1.05,0.07,-0.31552,-0.21226,-0.11571,0.91761,-0.72,1.06,0.09,-0.43768,-0.28173,0.57714,0.62927,-0.75,1.07,0.11,-0.26312,-0.12878,0.55631,0.77763,-0.77,1.08,0.13,-0.18728,-0.11037,0.63821,0.73854,-0.78,1.08,0.15,-0.18728,-0.11037,0.63821,0.73854,-0.71,1.07,0.09,-0.31552,-0.21226,-0.11571,0.91761,-0.73,1.11,0.13,-0.01148,-0.24583,0.01132,0.96918,-0.75,1.11,0.16,0.4115,-0.22187,0.09089,0.87931,-0.76,1.09,0.18,0.57156,-0.17387,0.1253,0.79208,-0.76,1.07,0.18,0.57156,-0.17387,0.1253,0.79208,-0.7,1.07,0.1,-0.31552,-0.21226,-0.11571,0.91761,-0.71,1.11,0.14,-0.07204,-0.21554,-0.07913,0.97061,-0.73,1.12,0.17,0.27737,-0.23039,-0.01051,0.93267,-0.74,1.1,0.19,0.42536,-0.21854,-0.03165,0.87767,-0.75,1.09,0.21,0.42536,-0.21854,-0.03165,0.87767,-0.68,1.07,0.1,-0.31552,-0.21226,-0.11571,0.91761,-0.7,1.1,0.14,-0.15843,-0.17445,-0.16292,0.95808,-0.71,1.11,0.18,0.27468,-0.24515,-0.10935,0.92331,-0.72,1.1,0.2,0.48595,-0.28694,-0.07067,0.82251,-0.73,1.09,0.21,0.48595,-0.28694,-0.07067,0.82251,-0.68,1.07,0.11,-0.22845,-0.14414,-0.34239,0.89989,-0.68,1.09,0.15,-0.26887,-0.10034,-0.2629,0.92115,-0.68,1.1,0.17,0.29233,-0.23615,-0.24188,0.89458,-0.69,1.1,0.19,0.52277,-0.33743,-0.1766,0.76267,-0.71,1.08,0.19,0.52277,-0.33743,-0.1766,0.76267,-0.81,1.08,0.19
-0.79,1.45,-0.16,-0.79,1.45,-0.16,-0.85,1.1,0.11,0.3719,-0.08698,-0.19424,-0.90355,-0.86,1.06,0.06,0.3719,-0.08698,-0.19424,-0.90355,-0.82,1.08,0.08,0.46026,-0.15188,0.51166,-0.70943,-0.8,1.1,0.1,0.23225,0.00293,0.45547,-0.85942,-0.8,1.11,0.13,0.096,0.03752,0.52834,-0.84275,-0.79,1.12,0.15,0.096,0.03752,0.52834,-0.84275,-0.84,1.08,0.08,0.3719,-0.08698,-0.19424,-0.90355,-0.83,1.13,0.12,0.03488,-0.13935,-0.1093,-0.98357,-0.82,1.13,0.16,-0.4014,-0.17868,-0.06231,-0.89614,-0.81,1.11,0.17,-0.57194,-0.16042,-0.03278,-0.80379,-0.81,1.09,0.18,-0.57194,-0.16042,-0.03278,-0.80379,-0.85,1.08,0.09,0.3719,-0.08698,-0.19424,-0.90355,-0.85,1.12,0.13,0.06192,-0.13449,-0.17325,-0.97368,-0.84,1.13,0.17,-0.37353,-0.19869,-0.1091,-0.8995,-0.83,1.11,0.18,-0.58607,-0.20267,-0.1215,-0.77504,-0.82,1.09,0.19,-0.58607,-0.20267,-0.1215,-0.77504,-0.87,1.07,0.09,0.3719,-0.08698,-0.19424,-0.90355,-0.87,1.11,0.13,0.14813,-0.10766,-0.24231,-0.95276,-0.87,1.12,0.17,-0.32904,-0.22968,-0.19811,-0.89428,-0.85,1.11,0.18,-0.57944,-0.29842,-0.14647,-0.74414,-0.84,1.09,0.19,-0.57944,-0.29842,-0.14647,-0.74414,-0.87,1.07,0.09,0.2982,-0.03795,-0.4257,-0.85347,-0.88,1.09,0.13,0.22423,-0.08574,-0.32909,-0.91327,-0.88,1.11,0.16,-0.2613,-0.23522,-0.31867,-0.88025,-0.87,1.1,0.17,-0.51087,-0.36501,-0.23808,-0.74101,-0.85,1.09,0.18,-0.51087,-0.36501,-0.23808,-0.74101,-0.71,1.09,0.12,-0.30779,-0.20733,-0.10357,0.9228,-0.68,1.05,0.07,-0.30779,-0.20733,-0.10357,0.9228,-0.72,1.06,0.09,-0.43898,-0.28337,0.57259,0.63178,-0.75,1.07,0.11,-0.26675,-0.13402,0.55128,0.77909,-0.77,1.08,0.13,-0.19487,-0.11849,0.63364,0.73924,-0.78,1.08,0.15,-0.19487,-0.11849,0.63364,0.73924,-0.71,1.07,0.09,-0.30779,-0.20733,-0.10357,0.9228,-0.73,1.11,0.13,0.00236,-0.25201,0.03332,0.96715,-0.75,1.11,0.16,0.4161,-0.21859,0.11157,0.87557,-0.76,1.09,0.18,0.57387,-0.16692,0.14492,0.78855,-0.76,1.07,0.18,0.57387,-0.16692,0.14492,0.78855,-0.7,1.07,0.1,-0.30779,-0.20733,-0.10357,0.9228,-0.71,1.11,0.14,-0.09936,-0.20518,-0.07608,0.97069,-0.73,1.12,0.18,0.23907,-0.21981,-0.01424,0.94569,-0.74,1.11,0.2,0.37841,-0.21093,-0.03881,0.90045,-0.75,1.09,0.21,0.37841,-0.21093,-0.03881,0.90045,-0.68,1.07,0.1,-0.30779,-0.20733,-0.10357,0.9228,-0.7,1.1,0.14,-0.16861,-0.16296,-0.15507,0.95967,-0.71,1.11,0.18,0.25281,-0.23042,-0.11008,0.93321,-0.72,1.1,0.2,0.45702,-0.27299,-0.07675,0.84304,-0.73,1.09,0.21,0.45702,-0.27299,-0.07675,0.84304,-0.67,1.07,0.11,-0.2236,-0.13682,-0.33071,0.9066,-0.68,1.09,0.15,-0.26298,-0.08782,-0.25151,0.92729,-0.68,1.1,0.17,0.28068,-0.21423,-0.24328,0.9034,-0.69,1.1,0.19,0.50741,-0.31587,-0.18599,0.77985,-0.71,1.08,0.19,0.50741,-0.31587,-0.18599,0.77985,-0.81,1.08,0.19
-0.79,1.45,-0.16,-0.79,1.45,-0.16,-0.85,1.1,0.11,0.36606,-0.08805,-0.19065,-0.90659,-0.86,1.06,0.06,0.36606,-0.08805,-0.19065,-0.90659,-0.82,1.08,0.08,0.45356,-0.15791,0.51582,-0.70942,-0.8,1.09,0.1,0.22387,-4e-05,0.46163,-0.85836,-0.8,1.11,0.13,0.08612,0.03582,0.53411,-0.84026,-0.79,1.11,0.16,0.08612,0.03582,0.53411,-0.84026,-0.84,1.08,0.08,0.36606,-0.08805,-0.19065,-0.90659,-0.83,1.13,0.12,0.01496,-0.13988,-0.10392,-0.98459,-0.82,1.13,0.16,-0.4138,-0.1759,-0.05856,-0.89129,-0.81,1.11,0.17,-0.58072,-0.15674,-0.02978,-0.79832,-0.81,1.09,0.18,-0.58072,-0.15674,-0.02978,-0.79832,-0.85,1.08,0.09,0.36606,-0.08805,-0.19065,-0.90659,-0.85,1.12,0.13,0.04473,-0.13635,-0.16771,-0.97534,-0.84,1.13,0.17,-0.38373,-0.19702,-0.10466,-0.89609,-0.83,1.11,0.18,-0.59157,-0.19903,-0.11801,-0.77234,-0.82,1.09,0.19,-0.59157,-0.19903,-0.11801,-0.77234,-0.87,1.07,0.09,0.36606,-0.08805,-0.19065,-0.90659,-0.87,1.11,0.13,0.13425,-0.10981,-0.23725,-0.95584,-0.86,1.12,0.17,-0.33823,-0.22765,-0.19403,-0.89226,-0.85,1.11,0.18,-0.58526,-0.29472,-0.14417,-0.7415,-0.84,1.09,0.19,-0.58526,-0.29472,-0.14417,-0.7415,-0.87,1.07,0.09,0.29277,-0.03728,-0.42201,-0.85721,-0.88,1.09,0.13,0.21256,-0.08938,-0.32428,-0.91743,-0.88,1.11,0.16,-0.27323,-0.23493,-0.31292,-0.87877,-0.87,1.1,0.17,-0.52275,-0.36309,-0.23293,-0.73528,-0.85,1.09,0.18,-0.52275,-0.36309,-0.23293,-0.73528,-0.7,1.09,0.12,-0.3072,-0.19715,-0.1047,0.92509,-0.68,1.06,0.07,-0.3072,-0.19715,-0.1047,0.92509,-0.72,1.06,0.09,-0.43921,-0.27479,0.56747,0.63997,-0.75,1.07,0.1,-0.26818,-0.12871,0.54285,0.78538,-0.77,1.08,0.13,-0.1994,-0.11682,0.62527,0.7454,-0.78,1.09,0.15,-0.1994,-0.11682,0.62527,0.7454,-0.71,1.07,0.09,-0.3072,-0.19715,-0.1047,0.92509,-0.73,1.11,0.13,-0.00669,-0.25391,0.03379,0.96662,-0.75,1.11,0.16,0.40909,-0.22016,0.1132,0.87827,-0.76,1.09,0.18,0.57151,-0.16753,0.14755,0.78964,-0.76,1.07,0.18,0.57151,-0.16753,0.14755,0.78964,-0.7,1.07,0.1,-0.3072,-0.19715,-0.1047,0.92509,-0.71,1.11,0.14,-0.10598,-0.1953,-0.08066,0.97166,-0.73,1.12,0.17,0.23354,-0.21216,-0.0218,0.94867,-0.74,1.11,0.2,0.37507,-0.20476,-0.04721,0.90287,-0.75,1.09,0.21,0.37507,-0.20476,-0.04721,0.90287,-0.68,1.07,0.1,-0.3072,-0.19715,-0.1047,0.92509,-0.69,1.1,0.14,-0.16291,-0.15198,-0.15736,0.96208,-0.7,1.12,0.18,0.25528,-0.22083,-0.1176,0.93394,-0.72,1.1,0.2,0.45929,-0.26533,-0.08631,0.84333,-0.73,1.09,0.21,0.45929,-0.26533,-0.08631,0.84333,-0.67,1.07,0.11,-0.22493,-0.12654,-0.33239,0.90715,-0.68,1.09,0.15,-0.2534,-0.06633,-0.2551,0.93076,-0.68,1.1,0.17,0.2742,-0.1932,-0.26034,0.90538,-0.69,1.1,0.19,0.49567,-0.29925,-0.20962,0.78792,-0.7,1.08,0.19,0.49567,-0.29925,-0.20962,0.78792,-0.81,1.08,0.19
-0.79,1.45,-0.16,-0.79,1.45,-0.16,-0.85,1.1,0.11,0.36159,-0.09658,-0.19283,-0.90705,-0.86,1.06,0.06,0.36159,-0.09658,-0.19283,-0.90705,-0.82,1.08,0.08,0.45355,-0.16542,0.51459,-0.70861,-0.8,1.09,0.1,0.22246,-0.00702,0.46288,-0.85802,-0.79,1.11,0.13,0.0845,0.02947,0.53607,-0.83942,-0.79,1.11,0.16,0.0845,0.02947,0.53607,-0.83942,-0.84,1.08,0.08,0.36159,-0.09658,-0.19283,-0.90705,-0.83,1.13,0.12,-0.001,-0.14903,-0.10154,-0.98361,-0.82,1.13,0.16,-0.42426,-0.18249,-0.0533,-0.88536,-0.81,1.11,0.17,-0.58737,-0.16204,-0.02359,-0.79258,-0.81,1.09,0.18,-0.58737,-0.16204,-0.02359,-0.79258,-0.85,1.08,0.09,0.36159,-0.09658,-0.19283,-0.90705,-0.85,1.12,0.13,0.02855,-0.14711,-0.16505,-0.97483,-0.84,1.13,0.17,-0.39607,-0.20512,-0.09809,-0.88962,-0.83,1.11,0.18,-0.60198,-0.20447,-0.10958,-0.76407,-0.82,1.09,0.19,-0.60198,-0.20447,-0.10958,-0.76407,-0.87,1.07,0.09,0.36159,-0.09658,-0.19283,-0.90705,-0.87,1.11,0.13,0.11936,-0.12085,-0.23585,-0.95683,-0.86,1.12,0.17,-0.35067,-0.23575,-0.18817,-0.88659,-0.85,1.11,0.18,-0.59586,-0.30033,-0.13642,-0.73222,-0.83,1.09,0.19,-0.59586,-0.30033,-0.13642,-0.73222,-0.87,1.07,0.1,0.28637,-0.04459,-0.42344,-0.85832,-0.88,1.09,0.13,0.19914,-0.10196,-0.32379,-0.9193,-0.88,1.11,0.16,-0.28821,-0.24506,-0.30596,-0.87365,-0.87,1.1,0.17,-0.5386,-0.37106,-0.22247,-0.723,-0.85,1.09,0.18,-0.5386,-0.37106,-0.22247,-0.723,-0.7,1.09,0.12,-0.30844,-0.19151,-0.10621,0.92569,-0.68,1.06,0.07,-0.30844,-0.19151,-0.10621,0.92569,-0.72,1.07,0.09,-0.44325,-0.27105,0.56127,0.64423,-0.75,1.07,0.1,-0.27291,-0.12813,0.53497,0.78925,-0.77,1.08,0.13,-0.20494,-0.11708,0.61793,0.74997,-0.78,1.09,0.15,-0.20494,-0.11708,0.61793,0.74997,-0.71,1.07,0.09,-0.30844,-0.19151,-0.10621,0.92569,-0.73,1.11,0.13,-0.02384,-0.25611,0.03063,0.96587,-0.75,1.11,0.16,0.39594,-0.2236,0.11204,0.88356,-0.76,1.09,0.18,0.56619,-0.17013,0.14822,0.79279,-0.76,1.07,0.18,0.56619,-0.17013,0.14822,0.79279,-0.7,1.07,0.09,-0.30844,-0.19151,-0.10621,0.92569,-0.71,1.11,0.14,-0.11003,-0.19169,-0.08291,0.97174,-0.73,1.12,0.17,0.23441,-0.20971,-0.02412,0.94894,-0.74,1.11,0.2,0.38332,-0.20271,-0.04892,0.89977,-0.75,1.09,0.21,0.38332,-0.20271,-0.04892,0.89977,-0.68,1.07,0.1,-0.30844,-0.19151,-0.10621,0.92569,-0.69,1.1,0.14,-0.15061,-0.14816,-0.1578,0.96461,-0.7,1.12,0.18,0.26832,-0.21718,-0.11962,0.93088,-0.72,1.1,0.2,0.47484,-0.26218,-0.0886,0.83543,-0.73,1.09,0.21,0.47484,-0.26218,-0.0886,0.83543,-0.67,1.07,0.11,-0.22708,-0.12128,-0.33424,0.90665,-0.68,1.09,0.14,-0.23833,-0.05549,-0.25862,0.93447,-0.68,1.1,0.17,0.28346,-0.18321,-0.26973,0.90185,-0.69,1.1,0.19,0.50164,-0.29164,-0.22229,0.78352,-0.7,1.08,0.19,0.50164,-0.29164,-0.22229,0.78352,-0.81,1.08,0.19
-0.79,1.45,-0.16,-0.79,1.45,-0.16,-0.85,1.1,0.11,0.35556,-0.10619,-0.1992,-0.90698,-0.86,1.06,0.06,0.35556,-0.10619,-0.1992,-0.90698,-0.82,1.08,0.08,0.45347,-0.17372,0.51041,-0.70969,-0.8,1.09,0.1,0.21957,-0.0152,0.46151,-0.8594,-0.79,1.11,0.13,0.08231,0.02085,0.53577,-0.84008,-0.79,1.11,0.15,0.08231,0.02085,0.53577,-0.84008,-0.84,1.08,0.08,0.35556,-0.10619,-0.1992,-0.90698,-0.83,1.13,0.12,-0.01802,-0.16107,-0.1022,-0.98147,-0.82,1.13,0.16,-0.43663,-0.19307,-0.04932,-0.8773,-0.81,1.11,0.17,-0.59609,-0.17158,-0.01775,-0.78417,-0.8,1.09,0.18,-0.59609,-0.17158,-0.01775,-0.78417,-0.85,1.08,0.09,0.35556,-0.10619,-0.1992,-0.90698,-0.85,1.12,0.13,0.00757,-0.16099,-0.16499,-0.97304,-0.84,1.13,0.17,-0.41706,-0.21762,-0.09141,-0.8777,-0.83,1.11,0.18,-0.62298,-0.21371,-0.09917,-0.74591,-0.82,1.08,0.19,-0.62298,-0.21371,-0.09917,-0.74591,-0.87,1.07,0.09,0.35556,-0.10619,-0.1992,-0.90698,-0.87,1.11,0.13,0.1002,-0.13424,-0.23771,-0.95678,-0.86,1.12,0.17,-0.37053,-0.24811,-0.18306,-0.87615,-0.84,1.1,0.18,-0.6147,-0.31024,-0.12738,-0.71391,-0.83,1.09,0.19,-0.6147,-0.31024,-0.12738,-0.71391,-0.87,1.07,0.1,0.27765,-0.05277,-0.42857,-0.85817,-0.88,1.09,0.13,0.18406,-0.11509,-0.32726,-0.91966,-0.88,1.11,0.16,-0.30862,-0.259,-0.30083,-0.8644,-0.86,1.1,0.17,-0.56231,-0.38406,-0.21062,-0.70139,-0.85,1.08,0.18,-0.56231,-0.38406,-0.21062,-0.70139,-0.7,1.09,0.11,-0.31008,-0.18808,-0.10874,0.92556,-0.68,1.06,0.07,-0.31008,-0.18808,-0.10874,0.92556,-0.72,1.07,0.09,-0.45847,-0.27295,0.54329,0.64819,-0.75,1.08,0.1,-0.28783,-0.13697,0.51651,0.79474,-0.77,1.09,0.13,-0.22082,-0.12579,0.60142,0.75744,-0.78,1.09,0.15,-0.22082,-0.12579,0.60142,0.75744,-0.71,1.07,0.09,-0.31008,-0.18808,-0.10874,0.92556,-0.73,1.11,0.13,-0.0603,-0.25476,0.01716,0.96497,-0.75,1.11,0.16,0.37046,-0.22815,0.10152,0.89465,-0.76,1.1,0.18,0.55353,-0.17532,0.14043,0.80196,-0.76,1.08,0.18,0.55353,-0.17532,0.14043,0.80196,-0.7,1.07,0.09,-0.31008,-0.18808,-0.10874,0.92556,-0.71,1.11,0.14,-0.11056,-0.19049,-0.08506,0.97173,-0.73,1.12,0.17,0.24615,-0.20965,-0.02388,0.94598,-0.74,1.11,0.19,0.40605,-0.20203,-0.04713,0.88999,-0.75,1.09,0.21,0.40605,-0.20203,-0.04713,0.88999,-0.68,1.07,0.1,-0.31008,-0.18808,-0.10874,0.92556,-0.69,1.1,0.14,-0.12042,-0.15042,-0.15577,0.96882,-0.7,1.11,0.18,0.30216,-0.21774,-0.11638,0.92073,-0.71,1.1,0.19,0.51333,-0.26159,-0.0843,0.813,-0.73,1.08,0.2,0.51333,-0.26159,-0.0843,0.813,-0.67,1.07,0.11,-0.22902,-0.11836,-0.33696,0.90554,-0.68,1.09,0.14,-0.22196,-0.05446,-0.26195,0.93763,-0.68,1.1,0.17,0.301,-0.18325,-0.27278,0.89522,-0.69,1.09,0.19,0.51781,-0.29253,-0.22565,0.77161,-0.7,1.08,0.19,0.51781,-0.29253,-0.22565,0.77161,-0.81,1.08,0.19
-0.79,1.45,-0.16,-0.79,1.45,-0.16,-0.85,1.1,0.11,0.35302,-0.10732,-0.20578,-0.90637,-0.86,1.06,0.06,0.35302,-0.10732,-0.20578,-0.90637,-0.82,1.08,0.08,0.45245,-0.1746,0.5063,-0.71306,-0.8,1.1,0.1,0.21519,-0.01589,0.45785,-0.86245,-0.79,1.11,0.13,0.07798,0.01908,0.53229,-0.84275,-0.79,1.11,0.15,0.07798,0.01908,0.53229,-0.84275,-0.84,1.08,0.08,0.35302,-0.10732,-0.20578,-0.90637,-0.83,1.13,0.12,-0.03102,-0.16556,-0.10604,-0.97999,-0.82,1.13,0.16,-0.44637,-0.19833,-0.05125,-0.87109,-0.81,1.11,0.17,-0.60344,-0.17702,-0.01865,-0.77728,-0.8,1.09,0.18,-0.60344,-0.17702,-0.01865,-0.77728,-0.85,1.08,0.09,0.35302,-0.10732,-0.20578,-0.90637,-0.85,1.12,0.13,-0.00918,-0.16722,-0.16785,-0.97148,-0.84,1.12,0.17,-0.43697,-0.22482,-0.08989,-0.86628,-0.83,1.11,0.18,-0.64671,-0.21921,-0.09416,-0.72446,-0.81,1.08,0.18,-0.64671,-0.21921,-0.09416,-0.72446,-0.87,1.07,0.09,0.35302,-0.10732,-0.20578,-0.90637,-0.87,1.11,0.13,0.08495,-0.13991,-0.24177,-0.95643,-0.86,1.12,0.17,-0.39176,-0.25596,-0.182,-0.86481,-0.84,1.1,0.18,-0.63878,-0.3174,-0.12183,-0.6902,-0.83,1.08,0.18,-0.63878,-0.3174,-0.12183,-0.6902,-0.87,1.07,0.09,0.27405,-0.05355,-0.43443,-0.85633,-0.88,1.09,0.13,0.1721,-0.1204,-0.33243,-0.91944,-0.88,1.1,0.16,-0.3287,-0.26831,-0.30001,-0.85438,-0.86,1.1,0.17,-0.58719,-0.3945,-0.20293,-0.67705,-0.85,1.08,0.17,-0.58719,-0.3945,-0.20293,-0.67705,-0.7,1.09,0.12,-0.31068,-0.18381,-0.11831,0.92504,-0.68,1.06,0.07,-0.31068,-0.18381,-0.11831,0.92504,-0.72,1.07,0.09,-0.48673,-0.27171,0.50508,0.65892,-0.75,1.08,0.1,-0.31014,-0.1465,0.47727,0.80905,-0.77,1.09,0.12,-0.23456,-0.12935,0.56629,0.77946,-0.78,1.1,0.14,-0.23456,-0.12935,0.56629,0.77946,-0.71,1.07,0.09,-0.31068,-0.18381,-0.11831,0.92504,-0.73,1.11,0.13,-0.10571,-0.24035,-0.01412,0.96481,-0.75,1.12,0.16,0.34816,-0.22842,0.07218,0.90631,-0.76,1.1,0.18,0.54773,-0.18034,0.11429,0.80896,-0.76,1.08,0.19,0.54773,-0.18034,0.11429,0.80896,-0.7,1.07,0.09,-0.31068,-0.18381,-0.11831,0.92504,-0.71,1.11,0.14,-0.11552,-0.18651,-0.09692,0.97081,-0.72,1.12,0.17,0.2613,-0.21095,-0.0319,0.94139,-0.73,1.11,0.2,0.42689,-0.20377,-0.05379,0.8794,-0.74,1.09,0.21,0.42689,-0.20377,-0.05379,0.8794,-0.68,1.07,0.1,-0.31068,-0.18381,-0.11831,0.92504,-0.69,1.1,0.14,-0.10008,-0.15227,-0.16215,0.9698,-0.7,1.11,0.18,0.33472,-0.22296,-0.11864,0.90784,-0.71,1.1,0.19,0.5477,-0.26662,-0.08452,0.78854,-0.73,1.08,0.2,0.5477,-0.26662,-0.08452,0.78854,-0.67,1.07,0.11,-0.22915,-0.1146,-0.34628,0.90247,-0.68,1.09,0.14,-0.21665,-0.05652,-0.27054,0.93631,-0.68,1.1,0.17,0.31523,-0.192,-0.27717,0.8871,-0.69,1.09,0.19,0.53211,-0.30257,-0.22715,0.75744,-0.7,1.08,0.19,0.53211,-0.30257,-0.22715,0.75744,-0.81,1.08,0.19
-0.79,1.45,-0.16,-0.79,1.45,-0.16,-0.85,1.1,0.11,0.35477,-0.10881,-0.21002,-0.90454,-0.86,1.06,0.06,0.35477,-0.10881,-0.21002,-0.90454,-0.82,1.08,0.08,0.45572,-0.17436,0.50296,-0.71341,-0.8,1.1,0.1,0.21626,-0.01596,0.4546,-0.8639,-0.79,1.11,0.13,0.07921,0.01847,0.52928,-0.84454,-0.79,1.11,0.15,0.07921,0.01847,0.52928,-0.84454,-0.84,1.08,0.08,0.35477,-0.10881,-0.21002,-0.90454,-0.83,1.13,0.12,-0.03938,-0.16908,-0.10784,-0.97889,-0.82,1.13,0.16,-0.44996,-0.20185,-0.05224,-0.86837,-0.81,1.11,0.17,-0.60453,-0.18058,-0.01937,-0.77561,-0.8,1.09,0.17,-0.60453,-0.18058,-0.01937,-0.77561,-0.85,1.08,0.09,0.35477,-0.10881,-0.21002,-0.90454,-0.85,1.12,0.13,-0.01499,-0.17196,-0.16951,-0.9703,-0.84,1.13,0.17,-0.44366,-0.22992,-0.08878,-0.86164,-0.82,1.11,0.18,-0.65584,-0.22352,-0.09089,-0.7153,-0.81,1.08,0.18,-0.65584,-0.22352,-0.09089,-0.7153,-0.87,1.08,0.09,0.35477,-0.10881,-0.21002,-0.90454,-0.87,1.11,0.13,0.08075,-0.14433,-0.24438,-0.95547,-0.86,1.12,0.17,-0.40003,-0.26187,-0.18077,-0.85949,-0.84,1.1,0.18,-0.64951,-0.32276,-0.11731,-0.67838,-0.83,1.08,0.18,-0.64951,-0.32276,-0.11731,-0.67838,-0.87,1.07,0.09,0.27486,-0.05569,-0.43838,-0.85392,-0.88,1.09,0.13,0.17082,-0.1238,-0.33603,-0.91792,-0.88,1.11,0.16,-0.33417,-0.27456,-0.29994,-0.85028,-0.86,1.1,0.17,-0.59574,-0.40138,-0.19838,-0.66681,-0.85,1.08,0.17,-0.59574,-0.40138,-0.19838,-0.66681,-0.7,1.09,0.12,-0.31164,-0.17861,-0.1183,0.92573,-0.68,1.06,0.07,-0.31164,-0.17861,-0.1183,0.92573,-0.72,1.07,0.09,-0.49166,-0.26588,0.49802,0.66299,-0.75,1.08,0.1,-0.31119,-0.14109,0.46916,0.81434,-0.77,1.09,0.12,-0.21889,-0.11371,0.55942,0.79133,-0.78,1.1,0.15,-0.21889,-0.11371,0.55942,0.79133,-0.71,1.07,0.09,-0.31164,-0.17861,-0.1183,0.92573,-0.73,1.11,0.13,-0.13707,-0.21516,-0.03447,0.9663,-0.74,1.12,0.16,0.32781,-0.21561,0.04459,0.91873,-0.75,1.11,0.18,0.53674,-0.17373,0.08518,0.82126,-0.76,1.09,0.19,0.53674,-0.17373,0.08518,0.82126,-0.7,1.07,0.09,-0.31164,-0.17861,-0.1183,0.92573,-0.71,1.11,0.14,-0.12585,-0.17763,-0.10128,0.97075,-0.72,1.12,0.18,0.27413,-0.20536,-0.03443,0.93888,-0.73,1.11,0.2,0.4459,-0.19803,-0.05625,0.87109,-0.74,1.09,0.21,0.4459,-0.19803,-0.05625,0.87109,-0.68,1.07,0.1,-0.31164,-0.17861,-0.1183,0.92573,-0.69,1.1,0.14,-0.09771,-0.14832,-0.16245,0.9706,-0.7,1.11,0.18,0.36573,-0.22292,-0.11432,0.89637,-0.71,1.1,0.19,0.58349,-0.26506,-0.07886,0.76358,-0.73,1.08,0.2,0.58349,-0.26506,-0.07886,0.76358,-0.67,1.07,0.11,-0.23115,-0.10967,-0.34665,0.90243,-0.68,1.09,0.14,-0.22092,-0.05892,-0.26919,0.93555,-0.67,1.1,0.17,0.33709,-0.20111,-0.27025,0.87915,-0.69,1.09,0.19,0.56178,-0.31176,-0.21519,0.73546,-0.7,1.08,0.19,0.56178,-0.31176,-0.21519,0.73546,-0.81,1.08,0.19
-0.79,1.45,-0.16,-0.79,1.45,-0.16,-0.85,1.1,0.11,0.35429,-0.10901,-0.21058,-0.90457,-0.86,1.06,0.06,0.35429,-0.10901,-0.21058,-0.90457,-0.82,1.08,0.08,0.4539,-0.17555,0.50416,-0.71343,-0.8,1.1,0.1,0.21293,-0.01572,0.45632,-0.86382,-0.79,1.11,0.13,0.07852,0.01701,0.53106,-0.84352,-0.79,1.11,0.15,0.07852,0.01701,0.53106,-0.84352,-0.84,1.08,0.08,0.35429,-0.10901,-0.21058,-0.90457,-0.83,1.13,0.12,-0.0475,-0.17091,-0.10615,-0.9784,-0.82,1.13,0.16,-0.45033,-0.20218,-0.05158,-0.86814,-0.81,1.11,0.17,-0.60215,-0.18067,-0.01933,-0.77743,-0.8,1.09,0.17,-0.60215,-0.18067,-0.01933,-0.77743,-0.85,1.08,0.08,0.35429,-0.10901,-0.21058,-0.90457,-0.85,1.12,0.13,-0.02293,-0.1745,-0.16781,-0.96998,-0.84,1.12,0.17,-0.44933,-0.23121,-0.0865,-0.85858,-0.82,1.1,0.18,-0.66241,-0.22386,-0.08786,-0.70949,-0.81,1.08,0.18,-0.66241,-0.22386,-0.08786,-0.70949,-0.87,1.08,0.09,0.35429,-0.10901,-0.21058,-0.90457,-0.87,1.11,0.13,0.07699,-0.14558,-0.24424,-0.95563,-0.86,1.12,0.17,-0.40378,-0.26281,-0.18,-0.85761,-0.84,1.1,0.18,-0.65451,-0.32347,-0.11559,-0.67352,-0.83,1.08,0.18,-0.65451,-0.32347,-0.11559,-0.67352,-0.87,1.07,0.09,0.27428,-0.05578,-0.43885,-0.85385,-0.88,1.09,0.13,0.169,-0.12347,-0.33685,-0.918,-0.88,1.11,0.16,-0.33974,-0.27587,-0.29969,-0.84774,-0.86,1.1,0.17,-0.60368,-0.40331,-0.19597,-0.65917,-0.85,1.08,0.17,-0.60368,-0.40331,-0.19597,-0.65917,-0.7,1.09,0.12,-0.30051,-0.18233,-0.11867,0.92864,-0.68,1.06,0.07,-0.30051,-0.18233,-0.11867,0.92864,-0.72,1.07,0.09,-0.48313,-0.27519,0.49837,0.6652,-0.75,1.08,0.1,-0.30071,-0.14858,0.47228,0.81514,-0.77,1.09,0.13,-0.20046,-0.116,0.56329,0.79314,-0.78,1.1,0.15,-0.20046,-0.116,0.56329,0.79314,-0.71,1.07,0.09,-0.30051,-0.18233,-0.11867,0.92864,-0.73,1.11,0.13,-0.13436,-0.21204,-0.04022,0.96714,-0.75,1.12,0.17,0.32412,-0.21568,0.03651,0.92038,-0.75,1.1,0.18,0.53261,-0.17582,0.07697,0.82431,-0.76,1.08,0.19,0.53261,-0.17582,0.07697,0.82431,-0.7,1.07,0.1,-0.30051,-0.18233,-0.11867,0.92864,-0.71,1.11,0.14,-0.12149,-0.17828,-0.10312,0.97099,-0.72,1.12,0.18,0.29173,-0.20713,-0.03291,0.93323,-0.73,1.11,0.2,0.47489,-0.19851,-0.05259,0.85575,-0.74,1.09,0.21,0.47489,-0.19851,-0.05259,0.85575,-0.68,1.07,0.1,-0.30051,-0.18233,-0.11867,0.92864,-0.69,1.1,0.14,-0.09863,-0.14942,-0.16327,0.9702,-0.7,1.11,0.18,0.384,-0.22653,-0.1101,0.88831,-0.72,1.09,0.19,0.61191,-0.26736,-0.0708,0.74099,-0.73,1.07,0.2,0.61191,-0.26736,-0.0708,0.74099,-0.67,1.07,0.11,-0.2195,-0.11057,-0.34598,0.90548,-0.68,1.09,0.15,-0.22892,-0.06289,-0.26654,0.93413,-0.68,1.1,0.17,0.34689,-0.20837,-0.26268,0.87593,-0.69,1.09,0.19,0.59156,-0.32142,-0.19817,0.71237,-0.7,1.08,0.19,0.59156,-0.32142,-0.19817,0.71237,-0.81,1.08,0.19
-0.79,1.45,-0.16,-0.79,1.45,-0.16,-0.85,1.1,0.11,0.35305,-0.10885,-0.20837,-0.90558,-0.86,1.06,0.06,0.35305,-0.10885,-0.20837,-0.90558,-0.82,1.08,0.08,0.45023,-0.17779,0.50786,-0.71257,-0.8,1.1,0.1,0.20892,-0.016,0.4608,-0.86241,-0.79,1.11,0.13,0.07847,0.01458,0.53562,-0.84068,-0.79,1.11,0.15,0.07847,0.01458,0.53562,-0.84068,-0.84,1.08,0.08,0.35305,-0.10885,-0.20837,-0.90558,-0.83,1.13,0.12,-0.05552,-0.17132,-0.10215,-0.97833,-0.82,1.13,0.16,-0.45273,-0.20042,-0.04895,-0.86745,-0.81,1.11,0.17,-0.60236,-0.17837,-0.01747,-0.77785,-0.8,1.09,0.17,-0.60236,-0.17837,-0.01747,-0.77785,-0.85,1.08,0.08,0.35305,-0.10885,-0.20837,-0.90558,-0.85,1.12,0.13,-0.03475,-0.17589,-0.16334,-0.97014,-0.84,1.12,0.17,-0.45872,-0.23022,-0.08223,-0.85429,-0.82,1.1,0.18,-0.67266,-0.22122,-0.08332,-0.70117,-0.81,1.08,0.18,-0.67266,-0.22122,-0.08332,-0.70117,-0.87,1.08,0.09,0.35305,-0.10885,-0.20837,-0.90558,-0.87,1.11,0.13,0.06887,-0.14649,-0.24104,-0.95692,-0.86,1.12,0.17,-0.41274,-0.26194,-0.17661,-0.85431,-0.84,1.1,0.18,-0.66503,-0.32157,-0.11167,-0.66473,-0.83,1.08,0.18,-0.66503,-0.32157,-0.11167,-0.66473,-0.87,1.07,0.09,0.27341,-0.05519,-0.43676,-0.85525,-0.88,1.09,0.13,0.16477,-0.12195,-0.33536,-0.91952,-0.88,1.11,0.16,-0.34818,-0.27483,-0.2981,-0.84521,-0.86,1.1,0.17,-0.61399,-0.40248,-0.19343,-0.65086,-0.85,1.08,0.17,-0.61399,-0.40248,-0.19343,-0.65086,-0.71,1.09,0.12,-0.29229,-0.19017,-0.1142,0.93025,-0.68,1.06,0.07,-0.29229,-0.19017,-0.1142,0.93025,-0.72,1.07,0.09,-0.47958,-0.28495,0.49939,0.66288,-0.75,1.08,0.1,-0.29837,-0.15833,0.47573,0.81215,-0.77,1.09,0.13,-0.19826,-0.12479,0.56741,0.78941,-0.78,1.09,0.15,-0.19826,-0.12479,0.56741,0.78941,-0.71,1.07,0.09,-0.29229,-0.19017,-0.1142,0.93025,-0.73,1.11,0.13,-0.12672,-0.22332,-0.03263,0.96592,-0.75,1.12,0.17,0.30298,-0.22342,0.04161,0.9255,-0.76,1.1,0.18,0.5032,-0.18326,0.08077,0.84065,-0.76,1.08,0.19,0.5032,-0.18326,0.08077,0.84065,-0.7,1.07,0.1,-0.29229,-0.19017,-0.1142,0.93025,-0.71,1.11,0.14,-0.1203,-0.18483,-0.09824,0.97042,-0.73,1.12,0.18,0.29106,-0.21102,-0.02612,0.93278,-0.74,1.11,0.2,0.47978,-0.20107,-0.04445,0.85288,-0.75,1.09,0.21,0.47978,-0.20107,-0.04445,0.85288,-0.68,1.07,0.1,-0.29229,-0.19017,-0.1142,0.93025,-0.69,1.1,0.14,-0.1219,-0.15092,-0.16197,0.96754,-0.7,1.11,0.18,0.36434,-0.22837,-0.10738,0.89642,-0.72,1.09,0.2,0.60052,-0.2691,-0.06582,0.75009,-0.73,1.07,0.2,0.60052,-0.2691,-0.06582,0.75009,-0.68,1.07,0.11,-0.21052,-0.11615,-0.34068,0.90892,-0.68,1.09,0.15,-0.25236,-0.06182,-0.26116,0.92967,-0.68,1.1,0.17,0.32791,-0.20724,-0.25826,0.88478,-0.69,1.09,0.19,0.58845,-0.32198,-0.18879,0.71722,-0.7,1.08,0.19,0.58845,-0.32198,-0.18879,0.71722,-0.81,1.08,0.19
-0.79,1.45,-0.15,-0.79,1.45,-0.15,-0.85,1.1,0.11,0.35315,-0.10603,-0.20668,-0.90627,-0.86,1.06,0.06,0.35315,-0.10603,-0.20668,-0.90627,-0.82,1.08,0.08,0.44685,-0.17793,0.51096,-0.71245,-0.8,1.1,0.1,0.20307,-0.01334,0.46416,-0.86206,-0.79,1.11,0.13,0.07478,0.01565,0.53854,-0.83913,-0.79,1.11,0.15,0.07478,0.01565,0.53854,-0.83913,-0.84,1.08,0.08,0.35315,-0.10603,-0.20668,-0.90627,-0.83,1.13,0.12,-0.06482,-0.17012,-0.09883,-0.97831,-0.82,1.12,0.16,-0.45604,-0.19744,-0.04762,-0.86647,-0.81,1.11,0.17,-0.60294,-0.17508,-0.0172,-0.77815,-0.8,1.09,0.17,-0.60294,-0.17508,-0.0172,-0.77815,-0.85,1.08,0.08,0.35315,-0.10603,-0.20668,-0.90627,-0.85,1.12,0.13,-0.04793,-0.17586,-0.15951,-0.97022,-0.84,1.12,0.17,-0.46814,-0.22811,-0.07948,-0.84999,-0.83,1.1,0.18,-0.68279,-0.21787,-0.08054,-0.6927,-0.82,1.08,0.18,-0.68279,-0.21787,-0.08054,-0.6927,-0.87,1.08,0.09,0.35315,-0.10603,-0.20668,-0.90627,-0.87,1.11,0.13,0.06222,-0.14506,-0.23913,-0.95807,-0.86,1.12,0.17,-0.41915,-0.25952,-0.17576,-0.8521,-0.84,1.1,0.18,-0.67336,-0.31907,-0.11061,-0.65768,-0.83,1.08,0.18,-0.67336,-0.31907,-0.11061,-0.65768,-0.87,1.07,0.09,0.27431,-0.05235,-0.43533,-0.85586,-0.88,1.09,0.13,0.16303,-0.11846,-0.33465,-0.92054,-0.88,1.11,0.16,-0.35075,-0.27162,-0.29911,-0.84483,-0.86,1.1,0.17,-0.61889,-0.40051,-0.19416,-0.6472,-0.85,1.08,0.17,-0.61889,-0.40051,-0.19416,-0.6472,-0.71,1.09,0.12,-0.27651,-0.18751,-0.0948,0.93776,-0.68,1.06,0.07,-0.27651,-0.18751,-0.0948,0.93776,-0.72,1.06,0.09,-0.4661,-0.29174,0.50686,0.66388,-0.75,1.07,0.1,-0.29025,-0.16524,0.48372,0.80899,-0.77,1.08,0.13,-0.19899,-0.13711,0.57466,0.7819,-0.78,1.09,0.15,-0.19899,-0.13711,0.57466,0.7819,-0.71,1.07,0.09,-0.27651,-0.18751,-0.0948,0.93776,-0.73,1.1,0.14,-0.10179,-0.24116,-0.00102,0.96513,-0.75,1.11,0.17,0.28744,-0.22844,0.06819,0.92765,-0.76,1.1,0.18,0.47098,-0.1844,0.10336,0.85644,-0.77,1.08,0.2,0.47098,-0.1844,0.10336,0.85644,-0.7,1.07,0.1,-0.27651,-0.18751,-0.0948,0.93776,-0.71,1.1,0.14,-0.12331,-0.18044,-0.08133,0.97243,-0.73,1.12,0.18,0.27553,-0.19992,-0.01539,0.94015,-0.74,1.1,0.2,0.4656,-0.18913,-0.03642,0.86378,-0.75,1.08,0.21,0.4656,-0.18913,-0.03642,0.86378,-0.68,1.07,0.1,-0.27651,-0.18751,-0.0948,0.93776,-0.7,1.1,0.15,-0.16629,-0.13479,-0.15163,0.96498,-0.7,1.11,0.18,0.31593,-0.21023,-0.10702,0.91899,-0.72,1.1,0.2,0.55857,-0.25307,-0.06985,0.78682,-0.73,1.08,0.21,0.55857,-0.25307,-0.06985,0.78682,-0.68,1.06,0.11,-0.19838,-0.10889,-0.3213,0.91954,-0.68,1.08,0.15,-0.28838,-0.03906,-0.24098,0.92587,-0.68,1.1,0.17,0.27889,-0.17609,-0.25703,0.90838,-0.69,1.09,0.19,0.55282,-0.2938,-0.19468,0.7551,-0.7,1.08,0.19,0.55282,-0.2938,-0.19468,0.7551,-0.81,1.08,0.19
-0.79,1.45,-0.15,-0.79,1.45,-0.15,-0.85,1.1,0.11,0.35428,-0.10203,-0.20617,-0.9064,-0.86,1.06,0.06,0.35428,-0.10203,-0.20617,-0.9064,-0.82,1.08,0.08,0.44408,-0.17611,0.51312,-0.71308,-0.8,1.1,0.1,0.19644,-0.00844,0.46601,-0.86266,-0.8,1.11,0.13,0.06918,0.0192,0.53965,-0.83882,-0.79,1.11,0.15,0.06918,0.0192,0.53965,-0.83882,-0.84,1.08,0.08,0.35428,-0.10203,-0.20617,-0.9064,-0.83,1.13,0.12,-0.07477,-0.16914,-0.09609,-0.97804,-0.82,1.12,0.16,-0.45894,-0.19486,-0.04692,-0.86556,-0.81,1.1,0.17,-0.6023,-0.17227,-0.01768,-0.77926,-0.8,1.08,0.18,-0.6023,-0.17227,-0.01768,-0.77926,-0.85,1.08,0.09,0.35428,-0.10203,-0.20617,-0.9064,-0.85,1.12,0.13,-0.05853,-0.17569,-0.15686,-0.9701,-0.84,1.12,0.17,-0.4733,-0.22628,-0.07833,-0.84773,-0.83,1.1,0.18,-0.68795,-0.21545,-0.07961,-0.68845,-0.82,1.08,0.18,-0.68795,-0.21545,-0.07961,-0.68845,-0.87,1.08,0.09,0.35428,-0.10203,-0.20617,-0.9064,-0.87,1.11,0.13,0.05952,-0.14248,-0.239,-0.95866,-0.86,1.12,0.17,-0.42114,-0.257,-0.17712,-0.8516,-0.84,1.1,0.18,-0.67633,-0.3172,-0.11224,-0.65526,-0.83,1.08,0.18,-0.67633,-0.3172,-0.11224,-0.65526,-0.87,1.07,0.09,0.2763,-0.04869,-0.4351,-0.85556,-0.88,1.09,0.13,0.16468,-0.11368,-0.33535,-0.9206,-0.88,1.11,0.16,-0.3499,-0.26833,-0.30196,-0.84521,-0.87,1.1,0.17,-0.61954,-0.39885,-0.19719,-0.64669,-0.85,1.08,0.17,-0.61954,-0.39885,-0.19719,-0.64669,-0.71,1.08,0.12,-0.25776,-0.1794,-0.08419,0.94567,-0.68,1.06,0.07,-0.25776,-0.1794,-0.08419,0.94567,-0.72,1.06,0.09,-0.45729,-0.28942,0.50005,0.67607,-0.75,1.07,0.1,-0.28843,-0.16934,0.47331,0.81493,-0.77,1.08,0.13,-0.21187,-0.15246,0.56364,0.78369,-0.78,1.09,0.15,-0.21187,-0.15246,0.56364,0.78369,-0.71,1.07,0.09,-0.25776,-0.1794,-0.08419,0.94567,-0.73,1.1,0.14,-0.06171,-0.25836,0.02534,0.96374,-0.75,1.1,0.17,0.293,-0.23623,0.09095,0.92199,-0.76,1.09,0.19,0.46017,-0.18948,0.12386,0.85849,-0.77,1.07,0.2,0.46017,-0.18948,0.12386,0.85849,-0.7,1.07,0.1,-0.25776,-0.1794,-0.08419,0.94567,-0.71,1.1,0.14,-0.11767,-0.17599,-0.07158,0.97471,-0.73,1.11,0.18,0.26284,-0.19171,-0.01202,0.94553,-0.74,1.1,0.2,0.45334,-0.18127,-0.035,0.87201,-0.74,1.08,0.22,0.45334,-0.18127,-0.035,0.87201,-0.68,1.07,0.1,-0.25776,-0.1794,-0.08419,0.94567,-0.69,1.09,0.15,-0.1847,-0.11958,-0.14547,0.96459,-0.7,1.11,0.18,0.29096,-0.19381,-0.11007,0.93041,-0.71,1.1,0.2,0.53759,-0.23892,-0.07675,0.805,-0.72,1.08,0.21,0.53759,-0.23892,-0.07675,0.805,-0.67,1.06,0.11,-0.18325,-0.09586,-0.31017,0.92791,-0.68,1.08,0.15,-0.29932,-0.01694,-0.22725,0.92654,-0.67,1.1,0.17,0.24707,-0.14537,-0.26051,0.92193,-0.68,1.09,0.19,0.53248,-0.2678,-0.20516,0.77631,-0.7,1.08,0.2,0.53248,-0.2678,-0.20516,0.77631,-0.81,1.08,0.19
-0.79,1.45,-0.15,-0.79,1.45,-0.15,-0.85,1.1,0.11,0.353,-0.09719,-0.20983,-0.9066,-0.86,1.06,0.06,0.353,-0.09719,-0.20983,-0.9066,-0.83,1.08,0.08,0.44408,-0.17499,0.50833,-0.71678,-0.8,1.1,0.1,0.19211,-0.0071,0.46107,-0.86629,-0.8,1.11,0.13,0.06463,0.0194,0.53469,-0.84235,-0.79,1.11,0.16,0.06463,0.0194,0.53469,-0.84235,-0.84,1.08,0.08,0.353,-0.09719,-0.20983,-0.9066,-0.83,1.13,0.12,-0.08882,-0.1702,-0.09644,-0.97665,-0.82,1.12,0.16,-0.46838,-0.19544,-0.04753,-0.86033,-0.81,1.1,0.17,-0.60915,-0.17283,-0.01826,-0.77378,-0.8,1.08,0.17,-0.60915,-0.17283,-0.01826,-0.77378,-0.85,1.08,0.08,0.353,-0.09719,-0.20983,-0.9066,-0.85,1.12,0.13,-0.07189,-0.17636,-0.15846,-0.96882,-0.84,1.12,0.17,-0.48495,-0.22741,-0.07944,-0.84071,-0.83,1.1,0.18,-0.70158,-0.21603,-0.07916,-0.67443,-0.82,1.08,0.18,-0.70158,-0.21603,-0.07916,-0.67443,-0.87,1.08,0.09,0.353,-0.09719,-0.20983,-0.9066,-0.87,1.11,0.13,0.05267,-0.1407,-0.24269,-0.9584,-0.86,1.12,0.17,-0.43072,-0.25775,-0.18021,-0.84591,-0.84,1.1,0.18,-0.68846,-0.31903,-0.11305,-0.64145,-0.83,1.08,0.18,-0.68846,-0.31903,-0.11305,-0.64145,-0.88,1.07,0.09,0.27555,-0.04377,-0.43859,-0.85428,-0.88,1.09,0.13,0.16331,-0.10814,-0.34024,-0.91971,-0.88,1.1,0.16,-0.35601,-0.268,-0.30736,-0.84081,-0.87,1.1,0.17,-0.62753,-0.40143,-0.20025,-0.63637,-0.85,1.08,0.17,-0.62753,-0.40143,-0.20025,-0.63637,-0.71,1.08,0.12,-0.23007,-0.17315,-0.06968,0.95511,-0.68,1.06,0.07,-0.23007,-0.17315,-0.06968,0.95511,-0.72,1.06,0.09,-0.44141,-0.29316,0.4948,0.68876,-0.75,1.07,0.1,-0.28103,-0.17913,0.46555,0.81988,-0.77,1.08,0.13,-0.22556,-0.17722,0.55404,0.78151,-0.78,1.08,0.15,-0.22556,-0.17722,0.55404,0.78151,-0.71,1.07,0.09,-0.23007,-0.17315,-0.06968,0.95511,-0.73,1.09,0.14,-0.01081,-0.27119,0.05235,0.96104,-0.75,1.09,0.17,0.30598,-0.24157,0.11166,0.91409,-0.76,1.08,0.19,0.45535,-0.19334,0.14172,0.85744,-0.77,1.06,0.2,0.45535,-0.19334,0.14172,0.85744,-0.7,1.07,0.1,-0.23007,-0.17315,-0.06968,0.95511,-0.71,1.1,0.15,-0.10316,-0.17104,-0.05862,0.97809,-0.73,1.11,0.18,0.2639,-0.18199,-0.00453,0.94722,-0.74,1.09,0.21,0.4537,-0.17025,-0.02972,0.87424,-0.74,1.07,0.22,0.4537,-0.17025,-0.02972,0.87424,-0.68,1.07,0.1,-0.23007,-0.17315,-0.06968,0.95511,-0.69,1.09,0.15,-0.18485,-0.10729,-0.13275,0.96783,-0.7,1.1,0.18,0.28385,-0.1762,-0.10606,0.93655,-0.71,1.09,0.2,0.53272,-0.22123,-0.07761,0.81317,-0.72,1.07,0.21,0.53272,-0.22123,-0.07761,0.81317,-0.67,1.06,0.11,-0.1596,-0.08248,-0.29431,0.93867,-0.68,1.08,0.15,-0.2932,0.0022,-0.20759,0.93324,-0.67,1.09,0.17,0.23396,-0.11294,-0.25619,0.93106,-0.68,1.09,0.19,0.52648,-0.23695,-0.21073,0.78884,-0.69,1.07,0.2,0.52648,-0.23695,-0.21073,0.78884,-0.81,1.08,0.19
-0.79,1.45,-0.15,-0.79,1.45,-0.15,-0.86,1.1,0.11,0.34928,-0.08004,-0.22398,-0.90633,-0.86,1.06,0.06,0.34928,-0.08004,-0.22398,-0.90633,-0.83,1.08,0.08,0.4432,-0.16651,0.49182,-0.73072,-0.8,1.1,0.1,0.18641,-0.00365,0.44173,-0.87756,-0.8,1.11,0.13,0.05658,0.02056,0.51557,-0.85473,-0.8,1.11,0.16,0.05658,0.02056,0.51557,-0.85473,-0.84,1.09,0.08,0.34928,-0.08004,-0.22398,-0.90633,-0.84,1.13,0.12,-0.10323,-0.16362,-0.11387,-0.97448,-0.82,1.12,0.16,-0.48353,-0.19607,-0.06543,-0.85057,-0.81,1.1,0.17,-0.62515,-0.17654,-0.03471,-0.75949,-0.81,1.08,0.17,-0.62515,-0.17654,-0.03471,-0.75949,-0.85,1.08,0.09,0.34928,-0.08004,-0.22398,-0.90633,-0.86,1.12,0.13,-0.08058,-0.16808,-0.17743,-0.96632,-0.84,1.12,0.17,-0.49547,-0.22847,-0.09904,-0.83216,-0.83,1.1,0.18,-0.71759,-0.22171,-0.09537,-0.65331,-0.82,1.08,0.18,-0.71759,-0.22171,-0.09537,-0.65331,-0.87,1.07,0.09,0.34928,-0.08004,-0.22398,-0.90633,-0.87,1.11,0.13,0.04515,-0.1295,-0.26048,-0.95569,-0.86,1.12,0.17,-0.44404,-0.25848,-0.19867,-0.83459,-0.85,1.1,0.18,-0.70497,-0.32626,-0.1268,-0.61684,-0.83,1.08,0.18,-0.70497,-0.32626,-0.1268,-0.61684,-0.88,1.07,0.09,0.27351,-0.0267,-0.45202,-0.84862,-0.88,1.09,0.13,0.16038,-0.09248,-0.35696,-0.91559,-0.88,1.1,0.16,-0.3601,-0.26504,-0.3281,-0.83212,-0.87,1.09,0.17,-0.63328,-0.4078,-0.21719,-0.62087,-0.85,1.08,0.17,-0.63328,-0.4078,-0.21719,-0.62087,-0.71,1.08,0.12,-0.20862,-0.16933,-0.07108,0.9606,-0.68,1.06,0.07,-0.20862,-0.16933,-0.07108,0.9606,-0.72,1.06,0.09,-0.42327,-0.29858,0.49274,0.69921,-0.75,1.07,0.1,-0.26486,-0.18536,0.46352,0.82501,-0.77,1.08,0.13,-0.22784,-0.19711,0.54903,0.77962,-0.78,1.08,0.15,-0.22784,-0.19711,0.54903,0.77962,-0.71,1.07,0.09,-0.20862,-0.16933,-0.07108,0.9606,-0.73,1.09,0.14,0.02527,-0.28136,0.0586,0.95748,-0.75,1.09,0.17,0.31482,-0.2514,0.11408,0.90811,-0.76,1.08,0.19,0.44816,-0.20498,0.14212,0.85845,-0.77,1.06,0.2,0.44816,-0.20498,0.14212,0.85845,-0.7,1.07,0.1,-0.20862,-0.16933,-0.07108,0.9606,-0.71,1.1,0.15,-0.0852,-0.16888,-0.06037,0.98009,-0.73,1.1,0.19,0.26981,-0.1803,-0.00915,0.94584,-0.74,1.09,0.21,0.45527,-0.16915,-0.03489,0.87344,-0.74,1.07,0.22,0.45527,-0.16915,-0.03489,0.87344,-0.68,1.07,0.1,-0.20862,-0.16933,-0.07108,0.9606,-0.69,1.09,0.15,-0.16542,-0.10165,-0.133,0.97191,-0.7,1.1,0.18,0.29463,-0.16967,-0.11059,0.9339,-0.71,1.09,0.2,0.54,-0.21585,-0.08443,0.80912,-0.72,1.07,0.21,0.54,-0.21585,-0.08443,0.80912,-0.67,1.06,0.11,-0.13933,-0.0736,-0.29386,0.94277,-0.68,1.08,0.15,-0.26853,0.01302,-0.20504,0.94111,-0.67,1.09,0.17,0.24342,-0.09639,-0.2607,0.92924,-0.68,1.08,0.19,0.5318,-0.22221,-0.22172,0.78654,-0.69,1.07,0.2,0.5318,-0.22221,-0.22172,0.78654,-0.81,1.08,0.19
-0.79,1.45,-0.16,-0.79,1.45,-0.16,-0.86,1.1,0.11,0.35648,-0.06243,-0.22173,-0.90546,-0.86,1.06,0.06,0.35648,-0.06243,-0.22173,-0.90546,-0.83,1.08,0.08,0.44114,-0.15239,0.49362,-0.73384,-0.8,1.1,0.1,0.18327,0.01122,0.43875,-0.87965,-0.8,1.11,0.13,0.05076,0.03541,0.51066,-0.85755,-0.8,1.12,0.16,0.05076,0.03541,0.51066,-0.85755,-0.84,1.09,0.08,0.35648,-0.06243,-0.22173,-0.90546,-0.84,1.13,0.12,-0.09327,-0.14734,-0.11942,-0.97741,-0.83,1.12,0.16,-0.47306,-0.1834,-0.07744,-0.85824,-0.82,1.1,0.17,-0.61702,-0.16616,-0.04886,-0.76765,-0.81,1.08,0.18,-0.61702,-0.16616,-0.04886,-0.76765,-0.85,1.08,0.09,0.35648,-0.06243,-0.22173,-0.90546,-0.86,1.12,0.13,-0.05651,-0.14762,-0.18621,-0.96971,-0.85,1.12,0.17,-0.47142,-0.21371,-0.11678,-0.84762,-0.83,1.1,0.18,-0.69656,-0.21416,-0.11741,-0.67465,-0.82,1.08,0.18,-0.69656,-0.21416,-0.11741,-0.67465,-0.87,1.08,0.09,0.35648,-0.06243,-0.22173,-0.90546,-0.87,1.11,0.13,0.06868,-0.1074,-0.26641,-0.95539,-0.87,1.12,0.17,-0.41549,-0.24165,-0.21643,-0.84978,-0.85,1.1,0.18,-0.67988,-0.31727,-0.14986,-0.64394,-0.84,1.08,0.18,-0.67988,-0.31727,-0.14986,-0.64394,-0.88,1.07,0.09,0.28447,-0.01122,-0.45099,-0.84591,-0.89,1.09,0.13,0.18136,-0.06955,-0.35933,-0.91277,-0.89,1.1,0.16,-0.33272,-0.24615,-0.34387,-0.84289,-0.87,1.1,0.17,-0.60895,-0.39599,-0.23903,-0.6444,-0.86,1.08,0.17,-0.60895,-0.39599,-0.23903,-0.6444,-0.71,1.09,0.12,-0.2291,-0.16812,-0.08809,0.95472,-0.68,1.06,0.06,-0.2291,-0.16812,-0.08809,0.95472,-0.72,1.07,0.09,-0.43346,-0.27536,0.49655,0.6998,-0.75,1.08,0.1,-0.2722,-0.1601,0.46297,0.82821,-0.77,1.09,0.13,-0.24026,-0.17638,0.54745,0.78196,-0.78,1.09,0.15,-0.24026,-0.17638,0.54745,0.78196,-0.71,1.07,0.09,-0.2291,-0.16812,-0.08809,0.95472,-0.73,1.1,0.14,0.01223,-0.28404,0.04841,0.95751,-0.75,1.1,0.17,0.30091,-0.25749,0.10471,0.91224,-0.76,1.09,0.19,0.42928,-0.21341,0.13176,0.86765,-0.77,1.07,0.2,0.42928,-0.21341,0.13176,0.86765,-0.7,1.07,0.09,-0.2291,-0.16812,-0.08809,0.95472,-0.71,1.1,0.14,-0.06363,-0.17655,-0.06856,0.97984,-0.73,1.11,0.18,0.29151,-0.19012,-0.01378,0.93738,-0.74,1.1,0.2,0.4734,-0.17828,-0.03744,0.8618,-0.74,1.08,0.22,0.4734,-0.17828,-0.03744,0.8618,-0.68,1.07,0.1,-0.2291,-0.16812,-0.08809,0.95472,-0.69,1.1,0.15,-0.1422,-0.11034,-0.14599,0.97277,-0.7,1.11,0.18,0.31714,-0.18249,-0.11834,0.9231,-0.71,1.09,0.2,0.55824,-0.22956,-0.08891,0.79231,-0.72,1.07,0.21,0.55824,-0.22956,-0.08891,0.79231,-0.67,1.07,0.1,-0.15713,-0.0778,-0.31201,0.93376,-0.68,1.08,0.15,-0.26985,0.00942,-0.22588,0.93599,-0.67,1.1,0.17,0.24251,-0.11075,-0.27631,0.92335,-0.68,1.09,0.19,0.52394,-0.23961,-0.23258,0.78357,-0.69,1.08,0.2,0.52394,-0.23961,-0.23258,0.78357,-0.81,1.08,0.19
-0.79,1.45,-0.16,-0.79,1.45,-0.16,-0.86,1.1,0.11,0.33031,-0.04949,-0.17995,-0.92524,-0.86,1.06,0.06,0.33031,-0.04949,-0.17995,-0.92524,-0.83,1.08,0.09,0.41783,-0.17816,0.51249,-0.72872,-0.8,1.09,0.11,0.16124,-0.00499,0.46627,-0.86981,-0.8,1.1,0.14,0.03489,0.01845,0.53848,-0.84171,-0.8,1.11,0.16,0.03489,0.01845,0.53848,-0.84171,-0.84,1.08,0.09,0.33031,-0.04949,-0.17995,-0.92524,-0.84,1.12,0.13,-0.03363,-0.11215,-0.09868,-0.98821,-0.83,1.12,0.17,-0.37482,-0.14049,-0.07976,-0.91292,-0.82,1.1,0.18,-0.51998,-0.12393,-0.06314,-0.84278,-0.81,1.09,0.19,-0.51998,-0.12393,-0.06314,-0.84278,-0.85,1.08,0.09,0.33031,-0.04949,-0.17995,-0.92524,-0.86,1.12,0.13,0.0472,-0.09207,-0.17163,-0.97971,-0.85,1.12,0.17,-0.32123,-0.14996,-0.1377,-0.92486,-0.84,1.11,0.19,-0.52539,-0.16417,-0.16315,-0.81878,-0.83,1.09,0.2,-0.52539,-0.16417,-0.16315,-0.81878,-0.87,1.07,0.09,0.33031,-0.04949,-0.17995,-0.92524,-0.87,1.11,0.13,0.14541,-0.05091,-0.24072,-0.95829,-0.87,1.12,0.17,-0.29152,-0.1694,-0.23105,-0.91265,-0.86,1.11,0.19,-0.53824,-0.25029,-0.19726,-0.78022,-0.85,1.09,0.2,-0.53824,-0.25029,-0.19726,-0.78022,-0.88,1.07,0.09,0.26731,0.01026,-0.4112,-0.87141,-0.89,1.09,0.13,0.22043,-0.01848,-0.32189,-0.92058,-0.89,1.1,0.16,-0.23544,-0.16245,-0.3495,-0.8922,-0.88,1.1,0.18,-0.48969,-0.30662,-0.28879,-0.7634,-0.87,1.08,0.19,-0.48969,-0.30662,-0.28879,-0.7634,-0.71,1.09,0.12,-0.2692,-0.16676,-0.09398,0.94387,-0.68,1.06,0.06,-0.2692,-0.16676,-0.09398,0.94387,-0.73,1.07,0.09,-0.45559,-0.24587,0.50905,0.68764,-0.75,1.08,0.1,-0.2915,-0.12641,0.4704,0.82327,-0.77,1.09,0.13,-0.25476,-0.13978,0.55505,0.77941,-0.78,1.1,0.15,-0.25476,-0.13978,0.55505,0.77941,-0.71,1.08,0.09,-0.2692,-0.16676,-0.09398,0.94387,-0.73,1.11,0.13,-0.01903,-0.27824,0.04898,0.95907,-0.75,1.11,0.17,0.27161,-0.25258,0.1036,0.92288,-0.76,1.1,0.18,0.39656,-0.20966,0.12775,0.88457,-0.77,1.08,0.2,0.39656,-0.20966,0.12775,0.88457,-0.7,1.07,0.09,-0.2692,-0.16676,-0.09398,0.94387,-0.71,1.11,0.14,-0.05632,-0.18518,-0.06301,0.97906,-0.73,1.12,0.18,0.28891,-0.19606,-0.00743,0.93704,-0.74,1.1,0.2,0.46035,-0.18325,-0.03127,0.86805,-0.74,1.08,0.21,0.46035,-0.18325,-0.03127,0.86805,-0.68,1.07,0.1,-0.2692,-0.16676,-0.09398,0.94387,-0.69,1.1,0.14,-0.14135,-0.12182,-0.14821,0.97119,-0.7,1.11,0.18,0.30872,-0.19262,-0.11671,0.92411,-0.71,1.1,0.2,0.54466,-0.2387,-0.08563,0.79939,-0.72,1.08,0.21,0.54466,-0.2387,-0.08563,0.79939,-0.68,1.07,0.1,-0.1956,-0.08642,-0.32112,0.92258,-0.68,1.09,0.14,-0.29356,0.00085,-0.23899,0.92558,-0.67,1.11,0.17,0.21933,-0.1272,-0.28273,0.92508,-0.68,1.1,0.19,0.49182,-0.25453,-0.23492,0.79884,-0.69,1.09,0.2,0.49182,-0.25453,-0.23492,0.79884,-0.81,1.08,0.19
-0.79,1.45,-0.16,-0.79,1.45,-0.16,-0.85,1.09,0.11,0.29297,-0.04444,-0.13884,-0.94494,-0.86,1.06,0.06,0.29297,-0.04444,-0.13884,-0.94494,-0.82,1.07,0.09,0.4049,-0.21486,0.51256,-0.72606,-0.8,1.08,0.11,0.1462,-0.03811,0.47913,-0.86465,-0.79,1.09,0.14,0.03269,-0.0204,0.55453,-0.83127,-0.79,1.09,0.16,0.03269,-0.0204,0.55453,-0.83127,-0.84,1.08,0.09,0.29297,-0.04444,-0.13884,-0.94494,-0.83,1.11,0.14,0.02788,-0.09014,-0.07307,-0.99285,-0.83,1.11,0.17,-0.28111,-0.11003,-0.06774,-0.95094,-0.82,1.1,0.19,-0.42873,-0.09237,-0.05947,-0.89673,-0.82,1.08,0.21,-0.42873,-0.09237,-0.05947,-0.89673,-0.85,1.07,0.09,0.29297,-0.04444,-0.13884,-0.94494,-0.85,1.11,0.14,0.10536,-0.04641,-0.14779,-0.9823,-0.85,1.12,0.18,-0.21815,-0.0925,-0.13741,-0.96175,-0.85,1.11,0.2,-0.36955,-0.10592,-0.17857,-0.90572,-0.84,1.09,0.22,-0.36955,-0.10592,-0.17857,-0.90572,-0.87,1.07,0.09,0.29297,-0.04444,-0.13884,-0.94494,-0.87,1.1,0.14,0.16858,-0.01269,-0.20648,-0.96374,-0.87,1.11,0.17,-0.21127,-0.10719,-0.22319,-0.94555,-0.87,1.1,0.2,-0.41065,-0.17881,-0.2141,-0.86807,-0.85,1.09,0.21,-0.41065,-0.17881,-0.2141,-0.86807,-0.88,1.06,0.1,0.23761,0.0264,-0.37034,-0.8976,-0.89,1.08,0.14,0.22114,0.0107,-0.27989,-0.93415,-0.89,1.09,0.16,-0.14559,-0.08493,-0.33275,-0.92783,-0.89,1.09,0.18,-0.32504,-0.19887,-0.31201,-0.87032,-0.87,1.08,0.2,-0.32504,-0.19887,-0.31201,-0.87032,-0.7,1.1,0.11,-0.30593,-0.16017,-0.09791,0.93336,-0.68,1.06,0.06,-0.30593,-0.16017,-0.09791,0.93336,-0.72,1.07,0.09,-0.45232,-0.22791,0.54289,0.66987,-0.75,1.08,0.1,-0.27927,-0.09143,0.50383,0.81228,-0.76,1.1,0.13,-0.22849,-0.09767,0.58638,0.77098,-0.77,1.1,0.15,-0.22849,-0.09767,0.58638,0.77098,-0.71,1.08,0.09,-0.30593,-0.16017,-0.09791,0.93336,-0.73,1.12,0.13,-0.04755,-0.26277,0.04583,0.9626,-0.75,1.12,0.16,0.24486,-0.23949,0.09593,0.93461,-0.76,1.11,0.18,0.36647,-0.19855,0.11629,0.90153,-0.76,1.09,0.2,0.36647,-0.19855,0.11629,0.90153,-0.7,1.08,0.09,-0.30593,-0.16017,-0.09791,0.93336,-0.71,1.12,0.14,-0.05636,-0.19028,-0.05609,0.9785,-0.72,1.12,0.17,0.26689,-0.19843,-0.00373,0.94307,-0.73,1.11,0.2,0.42211,-0.18656,-0.02941,0.88665,-0.74,1.09,0.21,0.42211,-0.18656,-0.02941,0.88665,-0.68,1.08,0.1,-0.30593,-0.16017,-0.09791,0.93336,-0.69,1.11,0.14,-0.14941,-0.12914,-0.14846,0.969,-0.7,1.12,0.17,0.27665,-0.19674,-0.11809,0.93317,-0.71,1.11,0.19,0.50293,-0.24311,-0.08793,0.82476,-0.72,1.09,0.21,0.50293,-0.24311,-0.08793,0.82476,-0.67,1.07,0.1,-0.23216,-0.08919,-0.32803,0.91134,-0.67,1.1,0.14,-0.31664,-0.00345,-0.24881,0.91532,-0.67,1.11,0.17,0.19482,-0.13784,-0.28858,0.92724,-0.68,1.11,0.18,0.45191,-0.26201,-0.24061,0.81807,-0.69,1.09,0.19,0.45191,-0.26201,-0.24061,0.81807,-0.81,1.08,0.19
-0.79,1.45,-0.16,-0.79,1.45,-0.16,-0.85,1.09,0.11,0.28082,-0.06169,-0.1032,-0.9522,-0.86,1.05,0.06,0.28082,-0.06169,-0.1032,-0.9522,-0.82,1.07,0.09,0.41977,-0.23152,0.51001,-0.7142,-0.8,1.08,0.1,0.16602,-0.0582,0.48208,-0.85828,-0.79,1.09,0.14,0.05505,-0.03851,0.56009,-0.8257,-0.79,1.09,0.16,0.05505,-0.03851,0.56009,-0.8257,-0.83,1.07,0.09,0.28082,-0.06169,-0.1032,-0.9522,-0.83,1.1,0.14,0.09093,-0.09352,-0.04455,-0.99046,-0.82,1.11,0.17,-0.23627,-0.10676,-0.03767,-0.96507,-0.82,1.1,0.19,-0.39517,-0.08529,-0.0305,-0.91413,-0.81,1.09,0.21,-0.39517,-0.08529,-0.0305,-0.91413,-0.85,1.07,0.09,0.28082,-0.06169,-0.1032,-0.9522,-0.85,1.1,0.14,0.09743,-0.05082,-0.11183,-0.98763,-0.85,1.11,0.18,-0.23415,-0.08566,-0.10144,-0.96309,-0.84,1.1,0.2,-0.37082,-0.09094,-0.1444,-0.91289,-0.83,1.09,0.22,-0.37082,-0.09094,-0.1444,-0.91289,-0.87,1.07,0.09,0.28082,-0.06169,-0.1032,-0.9522,-0.87,1.09,0.14,0.13299,-0.02531,-0.1692,-0.97624,-0.87,1.1,0.18,-0.23367,-0.10021,-0.18618,-0.94905,-0.86,1.09,0.2,-0.41626,-0.16054,-0.18225,-0.87621,-0.85,1.08,0.21,-0.41626,-0.16054,-0.18225,-0.87621,-0.88,1.06,0.1,0.22716,0.01389,-0.33533,-0.9142,-0.88,1.08,0.14,0.19773,-0.00377,-0.24452,-0.94926,-0.89,1.09,0.16,-0.15564,-0.07803,-0.29579,-0.93925,-0.88,1.09,0.18,-0.29797,-0.17253,-0.28424,-0.89479,-0.87,1.08,0.2,-0.29797,-0.17253,-0.28424,-0.89479,-0.7,1.1,0.11,-0.31837,-0.15642,-0.11408,0.92799,-0.68,1.06,0.06,-0.31837,-0.15642,-0.11408,0.92799,-0.72,1.07,0.09,-0.43902,-0.24486,0.55628,0.66171,-0.75,1.08,0.1,-0.25548,-0.09553,0.52457,0.80649,-0.76,1.09,0.13,-0.19326,-0.09431,0.60579,0.76601,-0.77,1.1,0.15,-0.19326,-0.09431,0.60579,0.76601,-0.71,1.08,0.09,-0.31837,-0.15642,-0.11408,0.92799,-0.73,1.12,0.13,-0.10382,-0.24745,0.00753,0.96329,-0.75,1.13,0.16,0.21044,-0.23642,0.05979,0.9467,-0.76,1.12,0.18,0.33902,-0.20019,0.08008,0.91574,-0.76,1.1,0.2,0.33902,-0.20019,0.08008,0.91574,-0.7,1.08,0.09,-0.31837,-0.15642,-0.11408,0.92799,-0.71,1.12,0.13,-0.09999,-0.18785,-0.07894,0.9739,-0.72,1.13,0.17,0.2199,-0.20399,-0.02698,0.95357,-0.73,1.12,0.2,0.36905,-0.19834,-0.05281,0.90646,-0.74,1.1,0.21,0.36905,-0.19834,-0.05281,0.90646,-0.68,1.08,0.1,-0.31837,-0.15642,-0.11408,0.92799,-0.69,1.11,0.14,-0.16848,-0.13058,-0.16514,0.96296,-0.7,1.12,0.17,0.24927,-0.20479,-0.13359,0.93706,-0.71,1.11,0.19,0.46903,-0.25475,-0.10194,0.83948,-0.72,1.1,0.21,0.46903,-0.25475,-0.10194,0.83948,-0.67,1.07,0.1,-0.24281,-0.08919,-0.34438,0.90249,-0.67,1.1,0.14,-0.31496,-0.01045,-0.26592,0.91103,-0.67,1.11,0.17,0.19764,-0.15328,-0.29906,0.92087,-0.68,1.11,0.18,0.44669,-0.27809,-0.24766,0.81351,-0.69,1.1,0.19,0.44669,-0.27809,-0.24766,0.81351,-0.81,1.08,0.19
-0.79,1.45,-0.16,-0.79,1.45,-0.16,-0.85,1.09,0.11,0.30234,-0.06946,-0.11229,-0.94401,-0.86,1.05,0.06,0.30234,-0.06946,-0.11229,-0.94401,-0.82,1.07,0.09,0.45164,-0.21623,0.49562,-0.70966,-0.8,1.08,0.1,0.20434,-0.05459,0.46188,-0.86136,-0.79,1.09,0.13,0.08171,-0.02668,0.54138,-0.83638,-0.78,1.09,0.16,0.08171,-0.02668,0.54138,-0.83638,-0.83,1.07,0.09,0.30234,-0.06946,-0.11229,-0.94401,-0.83,1.11,0.13,0.106,-0.09433,-0.05466,-0.98837,-0.82,1.11,0.17,-0.26893,-0.11338,-0.04125,-0.95557,-0.82,1.1,0.19,-0.44758,-0.09305,-0.02932,-0.88891,-0.81,1.09,0.2,-0.44758,-0.09305,-0.02932,-0.88891,-0.85,1.07,0.09,0.30234,-0.06946,-0.11229,-0.94401,-0.85,1.11,0.14,0.10823,-0.06171,-0.11935,-0.985,-0.85,1.12,0.18,-0.25808,-0.10229,-0.10136,-0.95533,-0.84,1.1,0.2,-0.40829,-0.10753,-0.14138,-0.89541,-0.83,1.09,0.22,-0.40829,-0.10753,-0.14138,-0.89541,-0.87,1.07,0.09,0.30234,-0.06946,-0.11229,-0.94401,-0.87,1.1,0.14,0.12769,-0.042,-0.17633,-0.97511,-0.87,1.11,0.17,-0.25729,-0.12164,-0.18476,-0.94067,-0.86,1.09,0.2,-0.44923,-0.18247,-0.17563,-0.85677,-0.85,1.08,0.21,-0.44923,-0.18247,-0.17563,-0.85677,-0.87,1.06,0.1,0.24525,0.0006,-0.3453,-0.90588,-0.88,1.08,0.14,0.19248,-0.02707,-0.25354,-0.94759,-0.88,1.09,0.16,-0.17336,-0.1062,-0.295,-0.93362,-0.88,1.09,0.18,-0.32507,-0.20302,-0.27764,-0.88092,-0.87,1.08,0.2,-0.32507,-0.20302,-0.27764,-0.88092,-0.7,1.1,0.11,-0.30207,-0.16239,-0.14129,0.92867,-0.69,1.06,0.06,-0.30207,-0.16239,-0.14129,0.92867,-0.72,1.07,0.09,-0.42845,-0.26626,0.54223,0.67196,-0.75,1.08,0.1,-0.23163,-0.1127,0.51813,0.81559,-0.76,1.09,0.13,-0.15744,-0.1041,0.60037,0.77713,-0.77,1.1,0.15,-0.15744,-0.1041,0.60037,0.77713,-0.71,1.08,0.09,-0.30207,-0.16239,-0.14129,0.92867,-0.73,1.12,0.13,-0.15584,-0.21871,-0.05921,0.96144,-0.74,1.13,0.16,0.20758,-0.23182,-0.00073,0.95035,-0.75,1.12,0.18,0.35471,-0.20351,0.02347,0.91225,-0.76,1.11,0.2,0.35471,-0.20351,0.02347,0.91225,-0.7,1.08,0.09,-0.30207,-0.16239,-0.14129,0.92867,-0.71,1.12,0.14,-0.09132,-0.19116,-0.11014,0.97108,-0.72,1.13,0.17,0.26871,-0.21922,-0.04593,0.93682,-0.73,1.11,0.19,0.4234,-0.21349,-0.06749,0.87784,-0.74,1.1,0.21,0.4234,-0.21349,-0.06749,0.87784,-0.68,1.08,0.1,-0.30207,-0.16239,-0.14129,0.92867,-0.69,1.11,0.14,-0.10975,-0.14785,-0.18343,0.96563,-0.7,1.12,0.18,0.33874,-0.2307,-0.13597,0.90197,-0.71,1.1,0.19,0.55626,-0.2786,-0.09765,0.7768,-0.73,1.08,0.2,0.55626,-0.2786,-0.09765,0.7768,-0.68,1.07,0.1,-0.22196,-0.09199,-0.36846,0.89806,-0.68,1.09,0.14,-0.24574,-0.04824,-0.28772,0.92439,-0.67,1.11,0.17,0.32328,-0.20872,-0.28843,0.87677,-0.68,1.1,0.18,0.56545,-0.32909,-0.2225,0.72281,-0.7,1.08,0.19,0.56545,-0.32909,-0.2225,0.72281,-0.81,1.08,0.19
-0.79,1.45,-0.16,-0.79,1.45,-0.16,-0.85,1.09,0.11,0.33899,-0.06415,-0.13593,-0.92871,-0.86,1.05,0.06,0.33899,-0.06415,-0.13593,-0.92871,-0.82,1.07,0.09,0.48195,-0.18156,0.48451,-0.70712,-0.8,1.09,0.1,0.23814,-0.02897,0.43918,-0.86578,-0.79,1.1,0.13,0.10605,0.00302,0.51731,-0.8492,-0.79,1.1,0.15,0.10605,0.00302,0.51731,-0.8492,-0.84,1.07,0.09,0.33899,-0.06415,-0.13593,-0.92871,-0.83,1.11,0.13,0.10114,-0.09134,-0.07593,-0.98776,-0.82,1.12,0.17,-0.31546,-0.12103,-0.05665,-0.93948,-0.82,1.11,0.19,-0.5018,-0.10369,-0.04011,-0.85781,-0.81,1.09,0.2,-0.5018,-0.10369,-0.04011,-0.85781,-0.85,1.07,0.09,0.33899,-0.06415,-0.13593,-0.92871,-0.85,1.11,0.13,0.13103,-0.06599,-0.14261,-0.97885,-0.85,1.12,0.17,-0.27072,-0.11951,-0.11702,-0.94802,-0.84,1.11,0.2,-0.44033,-0.12864,-0.15288,-0.87532,-0.83,1.09,0.21,-0.44033,-0.12864,-0.15288,-0.87532,-0.87,1.07,0.09,0.33899,-0.06415,-0.13593,-0.92871,-0.87,1.1,0.13,0.1578,-0.04971,-0.19948,-0.96583,-0.87,1.11,0.17,-0.25948,-0.14571,-0.19815,-0.9339,-0.86,1.1,0.19,-0.46629,-0.21141,-0.18072,-0.83977,-0.85,1.08,0.2,-0.46629,-0.21141,-0.18072,-0.83977,-0.88,1.06,0.1,0.27879,-0.00443,-0.37026,-0.88609,-0.88,1.08,0.13,0.21316,-0.04686,-0.27471,-0.93643,-0.89,1.1,0.16,-0.16775,-0.139,-0.30566,-0.92688,-0.88,1.09,0.18,-0.33035,-0.24062,-0.27907,-0.86896,-0.87,1.08,0.19,-0.33035,-0.24062,-0.27907,-0.86896,-0.7,1.1,0.11,-0.30456,-0.17217,-0.14356,0.92574,-0.69,1.06,0.06,-0.30456,-0.17217,-0.14356,0.92574,-0.73,1.07,0.09,-0.43334,-0.26822,0.5426,0.66773,-0.75,1.08,0.1,-0.23681,-0.11473,0.51925,0.81311,-0.77,1.09,0.13,-0.15447,-0.09921,0.60209,0.77703,-0.77,1.1,0.15,-0.15447,-0.09921,0.60209,0.77703,-0.71,1.08,0.09,-0.30456,-0.17217,-0.14356,0.92574,-0.73,1.12,0.13,-0.17606,-0.19625,-0.0792,0.96136,-0.74,1.13,0.16,0.23647,-0.21976,-0.01618,0.94632,-0.75,1.12,0.18,0.4019,-0.19355,0.01165,0.89492,-0.76,1.1,0.19,0.4019,-0.19355,0.01165,0.89492,-0.7,1.08,0.09,-0.30456,-0.17217,-0.14356,0.92574,-0.71,1.12,0.14,-0.08044,-0.19157,-0.11375,0.97154,-0.72,1.13,0.17,0.32767,-0.22302,-0.0376,0.91732,-0.74,1.11,0.19,0.49968,-0.21259,-0.05476,0.83793,-0.75,1.09,0.2,0.49968,-0.21259,-0.05476,0.83793,-0.68,1.08,0.1,-0.30456,-0.17217,-0.14356,0.92574,-0.69,1.11,0.14,-0.07781,-0.16369,-0.17828,0.96714,-0.7,1.11,0.18,0.41519,-0.24704,-0.11291,0.86824,-0.72,1.1,0.19,0.64353,-0.28689,-0.06632,0.70652,-0.73,1.08,0.19,0.64353,-0.28689,-0.06632,0.70652,-0.68,1.07,0.1,-0.22208,-0.10243,-0.37022,0.89617,-0.68,1.09,0.14,-0.22492,-0.08176,-0.28595,0.92788,-0.68,1.11,0.17,0.3877,-0.2457,-0.25836,0.85005,-0.69,1.1,0.18,0.63957,-0.35816,-0.17601,0.65703,-0.71,1.08,0.18,0.63957,-0.35816,-0.17601,0.65703,-0.81,1.08,0.19
-0.79,1.45,-0.16,-0.79,1.45,-0.16,-0.85,1.09,0.11,0.36711,-0.05311,-0.14327,-0.91754,-0.86,1.05,0.06,0.36711,-0.05311,-0.14327,-0.91754,-0.82,1.07,0.09,0.48511,-0.14773,0.49825,-0.70327,-0.8,1.09,0.1,0.24535,0.00703,0.44172,-0.86292,-0.8,1.1,0.13,0.11169,0.03894,0.51554,-0.84866,-0.79,1.11,0.16,0.11169,0.03894,0.51554,-0.84866,-0.84,1.07,0.09,0.36711,-0.05311,-0.14327,-0.91754,-0.83,1.12,0.13,0.10106,-0.08164,-0.08398,-0.98796,-0.83,1.12,0.17,-0.33647,-0.11701,-0.06532,-0.93211,-0.82,1.11,0.18,-0.52347,-0.10149,-0.04846,-0.84459,-0.82,1.09,0.19,-0.52347,-0.10149,-0.04846,-0.84459,-0.85,1.07,0.09,0.36711,-0.05311,-0.14327,-0.91754,-0.86,1.11,0.13,0.15739,-0.0616,-0.15046,-0.97406,-0.85,1.13,0.17,-0.26121,-0.12112,-0.12384,-0.94961,-0.85,1.12,0.19,-0.44024,-0.13318,-0.15884,-0.87363,-0.84,1.1,0.21,-0.44024,-0.13318,-0.15884,-0.87363,-0.87,1.07,0.09,0.36711,-0.05311,-0.14327,-0.91754,-0.87,1.1,0.13,0.19307,-0.04798,-0.20651,-0.95801,-0.87,1.12,0.17,-0.24152,-0.15209,-0.20214,-0.93684,-0.86,1.11,0.19,-0.45675,-0.22016,-0.18132,-0.84264,-0.85,1.09,0.2,-0.45675,-0.22016,-0.18132,-0.84264,-0.88,1.06,0.1,0.30747,-0.00127,-0.3792,-0.87273,-0.89,1.09,0.13,0.24212,-0.05252,-0.27959,-0.9276,-0.89,1.1,0.16,-0.14593,-0.15078,-0.30722,-0.92822,-0.88,1.1,0.18,-0.31786,-0.25507,-0.27514,-0.87075,-0.87,1.09,0.19,-0.31786,-0.25507,-0.27514,-0.87075,-0.7,1.1,0.12,-0.3126,-0.17784,-0.13487,0.92329,-0.69,1.06,0.07,-0.3126,-0.17784,-0.13487,0.92329,-0.73,1.07,0.09,-0.43711,-0.2641,0.55222,0.65897,-0.75,1.08,0.1,-0.24374,-0.10898,0.52785,0.80628,-0.77,1.09,0.13,-0.1603,-0.09144,0.61004,0.77058,-0.77,1.1,0.15,-0.1603,-0.09144,0.61004,0.77058,-0.71,1.08,0.09,-0.3126,-0.17784,-0.13487,0.92329,-0.73,1.12,0.13,-0.18015,-0.18644,-0.07548,0.96286,-0.74,1.13,0.16,0.24444,-0.20959,-0.01428,0.94664,-0.75,1.12,0.18,0.42163,-0.183,0.01466,0.88799,-0.76,1.1,0.19,0.42163,-0.183,0.01466,0.88799,-0.7,1.08,0.09,-0.3126,-0.17784,-0.13487,0.92329,-0.71,1.12,0.14,-0.0902,-0.18685,-0.10915,0.97213,-0.72,1.13,0.17,0.31309,-0.21672,-0.03671,0.92393,-0.74,1.11,0.19,0.48689,-0.20719,-0.05521,0.84674,-0.75,1.09,0.21,0.48689,-0.20719,-0.05521,0.84674,-0.68,1.08,0.1,-0.3126,-0.17784,-0.13487,0.92329,-0.69,1.11,0.14,-0.0987,-0.16212,-0.17309,0.96645,-0.7,1.12,0.18,0.39019,-0.24321,-0.11052,0.88113,-0.72,1.1,0.19,0.62137,-0.28333,-0.06514,0.72759,-0.73,1.08,0.19,0.62137,-0.28333,-0.06514,0.72759,-0.68,1.07,0.11,-0.22995,-0.10976,-0.36233,0.89655,-0.68,1.09,0.14,-0.24907,-0.08574,-0.27822,0.92369,-0.68,1.11,0.17,0.35987,-0.24458,-0.25122,0.86462,-0.69,1.1,0.18,0.61734,-0.35505,-0.16899,0.68138,-0.71,1.08,0.18,0.61734,-0.35505,-0.16899,0.68138,-0.81,1.08,0.19
-0.79,1.45,-0.16,-0.79,1.45,-0.16,-0.85,1.09,0.11,0.35092,-0.05982,-0.13685,-0.92442,-0.86,1.05,0.06,0.35092,-0.05982,-0.13685,-0.92442,-0.82,1.07,0.09,0.46558,-0.15984,0.50951,-0.70575,-0.8,1.09,0.11,0.22713,-5e-05,0.45665,-0.86016,-0.79,1.1,0.14,0.09822,0.02981,0.53059,-0.84139,-0.79,1.1,0.16,0.09822,0.02981,0.53059,-0.84139,-0.84,1.07,0.09,0.35092,-0.05982,-0.13685,-0.92442,-0.83,1.11,0.13,0.08417,-0.08399,-0.07784,-0.98985,-0.83,1.12,0.17,-0.36293,-0.11671,-0.05757,-0.92268,-0.82,1.1,0.18,-0.54942,-0.0995,-0.03989,-0.82864,-0.82,1.09,0.19,-0.54942,-0.0995,-0.03989,-0.82864,-0.85,1.07,0.09,0.35092,-0.05982,-0.13685,-0.92442,-0.85,1.11,0.13,0.13397,-0.07027,-0.14016,-0.9785,-0.85,1.12,0.17,-0.29857,-0.12608,-0.1091,-0.93971,-0.84,1.11,0.19,-0.48471,-0.13395,-0.14261,-0.85251,-0.83,1.09,0.21,-0.48471,-0.13395,-0.14261,-0.85251,-0.87,1.07,0.09,0.35092,-0.05982,-0.13685,-0.92442,-0.87,1.1,0.13,0.17694,-0.05772,-0.1957,-0.96284,-0.87,1.12,0.17,-0.27613,-0.15896,-0.18602,-0.92945,-0.86,1.1,0.19,-0.49834,-0.22354,-0.16319,-0.82162,-0.85,1.09,0.2,-0.49834,-0.22354,-0.16319,-0.82162,-0.88,1.06,0.1,0.29119,-0.00333,-0.37202,-0.88136,-0.89,1.09,0.13,0.22267,-0.06541,-0.26878,-0.93482,-0.89,1.1,0.16,-0.18464,-0.16221,-0.29015,-0.92488,-0.88,1.09,0.18,-0.37226,-0.26718,-0.25369,-0.85187,-0.86,1.08,0.19,-0.37226,-0.26718,-0.25369,-0.85187,-0.71,1.09,0.12,-0.27468,-0.16129,-0.07181,0.94519,-0.69,1.06,0.07,-0.27468,-0.16129,-0.07181,0.94519,-0.73,1.07,0.09,-0.40233,-0.27624,0.57677,0.6551,-0.75,1.07,0.11,-0.22146,-0.11849,0.55441,0.79343,-0.77,1.08,0.14,-0.14974,-0.10911,0.63429,0.75057,-0.78,1.08,0.16,-0.14974,-0.10911,0.63429,0.75057,-0.72,1.07,0.09,-0.27468,-0.16129,-0.07181,0.94519,-0.73,1.11,0.14,-0.12997,-0.16726,-0.01102,0.97725,-0.75,1.12,0.17,0.26119,-0.16512,0.02951,0.9506,-0.75,1.1,0.19,0.43205,-0.13097,0.04876,0.89096,-0.76,1.09,0.2,0.43205,-0.13097,0.04876,0.89096,-0.7,1.07,0.1,-0.27468,-0.16129,-0.07181,0.94519,-0.71,1.11,0.14,-0.10819,-0.14956,-0.06154,0.98089,-0.72,1.12,0.18,0.23578,-0.16272,-0.01922,0.95789,-0.73,1.11,0.2,0.3855,-0.1556,-0.05138,0.90804,-0.74,1.09,0.22,0.3855,-0.1556,-0.05138,0.90804,-0.68,1.07,0.1,-0.27468,-0.16129,-0.07181,0.94519,-0.69,1.1,0.15,-0.16975,-0.11358,-0.12928,0.97035,-0.7,1.11,0.18,0.27772,-0.17745,-0.10391,0.93839,-0.71,1.1,0.2,0.49801,-0.22064,-0.08057,0.83475,-0.72,1.08,0.21,0.49801,-0.22064,-0.08057,0.83475,-0.68,1.07,0.11,-0.20512,-0.08167,-0.3008,0.92778,-0.68,1.09,0.15,-0.30804,-0.03667,-0.21462,0.92612,-0.68,1.11,0.17,0.26756,-0.16243,-0.23609,0.91994,-0.68,1.1,0.19,0.53836,-0.27277,-0.18157,0.7764,-0.7,1.08,0.19,0.53836,-0.27277,-0.18157,0.7764,-0.81,1.08,0.19
-0.79,1.45,-0.16,-0.79,1.45,-0.16,-0.85,1.09,0.11,0.32941,-0.06831,-0.13356,-0.93219,-0.86,1.05,0.06,0.32941,-0.06831,-0.13356,-0.93219,-0.82,1.07,0.09,0.44413,-0.17557,0.51719,-0.71024,-0.8,1.08,0.11,0.20488,-0.01083,0.46932,-0.85886,-0.79,1.09,0.14,0.08019,0.01667,0.54357,-0.83536,-0.79,1.1,0.16,0.08019,0.01667,0.54357,-0.83536,-0.83,1.07,0.09,0.32941,-0.06831,-0.13356,-0.93219,-0.83,1.11,0.13,0.06094,-0.09159,-0.07235,-0.99129,-0.82,1.12,0.17,-0.38707,-0.12066,-0.04912,-0.9128,-0.82,1.1,0.19,-0.57028,-0.10139,-0.03019,-0.81461,-0.81,1.08,0.19,-0.57028,-0.10139,-0.03019,-0.81461,-0.85,1.07,0.09,0.32941,-0.06831,-0.13356,-0.93219,-0.85,1.11,0.13,0.09572,-0.08105,-0.1324,-0.98323,-0.85,1.12,0.18,-0.35274,-0.13381,-0.0951,-0.92121,-0.84,1.1,0.19,-0.55074,-0.13665,-0.12558,-0.81378,-0.83,1.08,0.2,-0.55074,-0.13665,-0.12558,-0.81378,-0.87,1.07,0.09,0.32941,-0.06831,-0.13356,-0.93219,-0.87,1.1,0.14,0.14741,-0.06724,-0.18891,-0.96854,-0.87,1.11,0.17,-0.33041,-0.16775,-0.17235,-0.91268,-0.85,1.1,0.19,-0.56524,-0.22958,-0.14528,-0.7789,-0.84,1.08,0.2,-0.56524,-0.22958,-0.14528,-0.7789,-0.87,1.06,0.1,0.26893,-0.00595,-0.36727,-0.89037,-0.88,1.08,0.14,0.19627,-0.07262,-0.26364,-0.94165,-0.88,1.1,0.16,-0.23937,-0.17273,-0.27864,-0.91391,-0.87,1.09,0.18,-0.45173,-0.28178,-0.23466,-0.81331,-0.86,1.08,0.19,-0.45173,-0.28178,-0.23466,-0.81331,-0.71,1.08,0.12,-0.22845,-0.14878,-0.0313,0.96161,-0.69,1.06,0.07,-0.22845,-0.14878,-0.0313,0.96161,-0.73,1.06,0.09,-0.4012,-0.28504,0.54951,0.67515,-0.75,1.07,0.11,-0.24136,-0.15208,0.52194,0.80386,-0.77,1.08,0.14,-0.20321,-0.16624,0.60252,0.75368,-0.78,1.08,0.16,-0.20321,-0.16624,0.60252,0.75368,-0.72,1.07,0.1,-0.22845,-0.14878,-0.0313,0.96161,-0.74,1.1,0.14,-0.056,-0.17511,0.04178,0.98207,-0.75,1.1,0.18,0.25848,-0.15589,0.0688,0.95087,-0.76,1.09,0.2,0.4064,-0.11663,0.08232,0.90247,-0.76,1.07,0.21,0.4064,-0.11663,0.08232,0.90247,-0.7,1.07,0.1,-0.22845,-0.14878,-0.0313,0.96161,-0.72,1.1,0.15,-0.11076,-0.1303,-0.0288,0.98485,-0.73,1.11,0.19,0.19111,-0.13355,-0.00098,0.97244,-0.73,1.1,0.21,0.31353,-0.12654,-0.03939,0.94028,-0.74,1.09,0.23,0.31353,-0.12654,-0.03939,0.94028,-0.68,1.07,0.1,-0.22845,-0.14878,-0.0313,0.96161,-0.7,1.09,0.15,-0.20073,-0.08733,-0.09528,0.97108,-0.7,1.11,0.18,0.21524,-0.13732,-0.08881,0.96277,-0.71,1.1,0.21,0.41498,-0.17842,-0.0778,0.88876,-0.72,1.08,0.22,0.41498,-0.17842,-0.0778,0.88876,-0.68,1.07,0.11,-0.16834,-0.05694,-0.25873,0.94946,-0.68,1.08,0.15,-0.32535,-0.00525,-0.16683,0.93075,-0.68,1.1,0.17,0.19824,-0.09933,-0.21832,0.95035,-0.68,1.09,0.19,0.46768,-0.20563,-0.18503,0.8395,-0.69,1.08,0.2,0.46768,-0.20563,-0.18503,0.8395,-0.81,1.08,0.19
-0.79,1.45,-0.15,-0.79,1.45,-0.15,-0.85,1.09,0.11,0.32667,-0.0703,-0.14542,-0.93124,-0.86,1.05,0.06,0.32667,-0.0703,-0.14542,-0.93124,-0.82,1.07,0.09,0.43779,-0.1744,0.51579,-0.71547,-0.8,1.08,0.11,0.19661,-0.00907,0.46752,-0.86179,-0.79,1.09,0.14,0.07391,0.01594,0.54164,-0.83721,-0.79,1.1,0.16,0.07391,0.01594,0.54164,-0.83721,-0.83,1.07,0.09,0.32667,-0.0703,-0.14542,-0.93124,-0.83,1.11,0.13,0.05558,-0.09877,-0.08178,-0.99019,-0.82,1.12,0.17,-0.38711,-0.13086,-0.05502,-0.91104,-0.82,1.1,0.18,-0.56849,-0.11252,-0.0341,-0.81424,-0.81,1.08,0.19,-0.56849,-0.11252,-0.0341,-0.81424,-0.85,1.07,0.09,0.32667,-0.0703,-0.14542,-0.93124,-0.85,1.11,0.13,0.08549,-0.08689,-0.14266,-0.98224,-0.84,1.12,0.18,-0.37008,-0.14441,-0.10036,-0.9122,-0.84,1.1,0.19,-0.58178,-0.1483,-0.12666,-0.78962,-0.83,1.08,0.2,-0.58178,-0.1483,-0.12666,-0.78962,-0.87,1.07,0.09,0.32667,-0.0703,-0.14542,-0.93124,-0.87,1.1,0.14,0.14529,-0.07,-0.20057,-0.96631,-0.86,1.11,0.17,-0.34475,-0.17817,-0.17889,-0.9041,-0.85,1.1,0.19,-0.59169,-0.24287,-0.14545,-0.75483,-0.84,1.08,0.2,-0.59169,-0.24287,-0.14545,-0.75483,-0.87,1.06,0.1,0.26421,-0.00766,-0.37813,-0.88721,-0.88,1.08,0.14,0.19793,-0.07072,-0.27619,-0.93784,-0.88,1.09,0.16,-0.25094,-0.18104,-0.28832,-0.90616,-0.87,1.09,0.18,-0.48228,-0.2978,-0.23546,-0.78948,-0.86,1.08,0.19,-0.48228,-0.2978,-0.23546,-0.78948,-0.71,1.08,0.12,-0.20511,-0.14108,-0.02835,0.9681,-0.69,1.06,0.07,-0.20511,-0.14108,-0.02835,0.9681,-0.73,1.06,0.09,-0.39454,-0.28082,0.53414,0.69295,-0.75,1.07,0.11,-0.23865,-0.15528,0.50285,0.81613,-0.77,1.08,0.14,-0.21816,-0.18283,0.58206,0.7617,-0.78,1.08,0.16,-0.21816,-0.18283,0.58206,0.7617,-0.72,1.07,0.1,-0.20511,-0.14108,-0.02835,0.9681,-0.74,1.09,0.15,-0.02847,-0.19054,0.05152,0.97991,-0.75,1.09,0.18,0.26584,-0.16835,0.07956,0.94586,-0.76,1.08,0.2,0.4017,-0.12829,0.09335,0.90192,-0.76,1.07,0.21,0.4017,-0.12829,0.09335,0.90192,-0.7,1.07,0.1,-0.20511,-0.14108,-0.02835,0.9681,-0.72,1.1,0.15,-0.0924,-0.13029,-0.02451,0.98686,-0.73,1.1,0.19,0.21665,-0.13199,0.0041,0.96728,-0.73,1.09,0.21,0.34497,-0.12296,-0.03415,0.9299,-0.74,1.08,0.23,0.34497,-0.12296,-0.03415,0.9299,-0.68,1.07,0.1,-0.20511,-0.14108,-0.02835,0.9681,-0.7,1.09,0.15,-0.18298,-0.0848,-0.09023,0.97529,-0.7,1.1,0.19,0.24498,-0.13326,-0.08423,0.95663,-0.71,1.09,0.21,0.45039,-0.1732,-0.07408,0.87273,-0.72,1.08,0.22,0.45039,-0.1732,-0.07408,0.87273,-0.68,1.07,0.11,-0.14764,-0.04369,-0.25408,0.95485,-0.68,1.08,0.15,-0.30652,0.00437,-0.15969,0.93836,-0.67,1.1,0.17,0.21289,-0.08488,-0.21758,0.94875,-0.68,1.09,0.19,0.48924,-0.1932,-0.18794,0.82946,-0.69,1.07,0.2,0.48924,-0.1932,-0.18794,0.82946,-0.81,1.08,0.19
-0.79,1.45,-0.15,-0.79,1.45,-0.15,-0.85,1.09,0.11,0.33692,-0.07261,-0.15567,-0.92573,-0.86,1.05,0.06,0.33692,-0.07261,-0.15567,-0.92573,-0.82,1.07,0.09,0.44318,-0.16817,0.51468,-0.71444,-0.8,1.08,0.11,0.20045,-0.00287,0.46453,-0.86257,-0.79,1.1,0.14,0.08029,0.02009,0.53856,-0.83851,-0.79,1.1,0.16,0.08029,0.02009,0.53856,-0.83851,-0.83,1.07,0.09,0.33692,-0.07261,-0.15567,-0.92573,-0.83,1.11,0.13,0.06475,-0.10687,-0.08865,-0.98819,-0.82,1.12,0.17,-0.37069,-0.1409,-0.0587,-0.91613,-0.82,1.1,0.18,-0.55219,-0.12317,-0.03637,-0.82377,-0.81,1.08,0.19,-0.55219,-0.12317,-0.03637,-0.82377,-0.85,1.07,0.09,0.33692,-0.07261,-0.15567,-0.92573,-0.85,1.11,0.13,0.09699,-0.09173,-0.15228,-0.97928,-0.85,1.12,0.17,-0.35901,-0.15329,-0.1066,-0.91447,-0.84,1.1,0.19,-0.57838,-0.1597,-0.13002,-0.78935,-0.83,1.08,0.2,-0.57838,-0.1597,-0.13002,-0.78935,-0.87,1.07,0.09,0.33692,-0.07261,-0.15567,-0.92573,-0.87,1.1,0.13,0.16313,-0.07174,-0.21179,-0.96093,-0.87,1.11,0.17,-0.32975,-0.18647,-0.18676,-0.90643,-0.85,1.1,0.19,-0.58418,-0.25428,-0.14858,-0.7563,-0.84,1.08,0.2,-0.58418,-0.25428,-0.14858,-0.7563,-0.87,1.06,0.1,0.27232,-0.01298,-0.38831,-0.88028,-0.88,1.08,0.13,0.21443,-0.0687,-0.28796,-0.93079,-0.88,1.1,0.16,-0.23877,-0.1876,-0.29865,-0.90477,-0.87,1.09,0.18,-0.47939,-0.30955,-0.23967,-0.78544,-0.86,1.08,0.19,-0.47939,-0.30955,-0.23967,-0.78544,-0.7,1.09,0.12,-0.26453,-0.15222,-0.10069,0.94695,-0.69,1.06,0.07,-0.26453,-0.15222,-0.10069,0.94695,-0.73,1.07,0.09,-0.42334,-0.2341,0.53409,0.69334,-0.75,1.08,0.11,-0.24222,-0.0946,0.49678,0.828,-0.76,1.09,0.14,-0.20457,-0.11404,0.57791,0.78177,-0.77,1.09,0.16,-0.20457,-0.11404,0.57791,0.78177,-0.71,1.07,0.09,-0.26453,-0.15222,-0.10069,0.94695,-0.73,1.11,0.14,-0.09415,-0.21177,-0.01421,0.97267,-0.75,1.11,0.17,0.26746,-0.20758,0.03788,0.94018,-0.76,1.1,0.19,0.41812,-0.17246,0.061,0.88978,-0.76,1.09,0.2,0.41812,-0.17246,0.061,0.88978,-0.7,1.07,0.1,-0.26453,-0.15222,-0.10069,0.94695,-0.71,1.11,0.14,-0.09578,-0.16473,-0.08263,0.97819,-0.72,1.12,0.18,0.30315,-0.18568,-0.02286,0.9344,-0.73,1.1,0.2,0.48638,-0.1749,-0.04682,0.85479,-0.74,1.08,0.21,0.48638,-0.1749,-0.04682,0.85479,-0.68,1.07,0.1,-0.26453,-0.15222,-0.10069,0.94695,-0.69,1.1,0.14,-0.14814,-0.12451,-0.15143,0.96934,-0.7,1.11,0.18,0.35444,-0.20275,-0.108,0.90642,-0.71,1.1,0.2,0.59834,-0.24534,-0.07224,0.75933,-0.72,1.08,0.2,0.59834,-0.24534,-0.07224,0.75933,-0.68,1.07,0.1,-0.19309,-0.07107,-0.32786,0.92205,-0.68,1.09,0.15,-0.28659,-0.03046,-0.24081,0.92679,-0.67,1.1,0.17,0.28682,-0.17051,-0.26076,0.90591,-0.68,1.09,0.19,0.58145,-0.29469,-0.19285,0.73341,-0.7,1.08,0.19,0.58145,-0.29469,-0.19285,0.73341,-0.81,1.08,0.19
-0.79,1.45,-0.15,-0.79,1.45,-0.15,-0.85,1.09,0.11,0.34162,-0.07598,-0.16929,-0.92134,-0.86,1.05,0.06,0.34162,-0.07598,-0.16929,-0.92134,-0.82,1.07,0.09,0.44907,-0.16663,0.50709,-0.71654,-0.8,1.09,0.11,0.20353,-0.00331,0.45659,-0.86608,-0.79,1.1,0.14,0.08684,0.0167,0.53155,-0.8424,-0.79,1.1,0.16,0.08684,0.0167,0.53155,-0.8424,-0.83,1.07,0.09,0.34162,-0.07598,-0.16929,-0.92134,-0.83,1.12,0.13,0.06621,-0.11699,-0.09828,-0.98604,-0.82,1.12,0.17,-0.36349,-0.15385,-0.06384,-0.91659,-0.81,1.11,0.18,-0.54343,-0.13688,-0.03934,-0.82728,-0.81,1.09,0.19,-0.54343,-0.13688,-0.03934,-0.82728,-0.85,1.07,0.09,0.34162,-0.07598,-0.16929,-0.92134,-0.85,1.11,0.13,0.1033,-0.09847,-0.16473,-0.97596,-0.85,1.12,0.17,-0.35116,-0.16492,-0.11473,-0.91451,-0.84,1.11,0.19,-0.57215,-0.17351,-0.13491,-0.79015,-0.82,1.09,0.2,-0.57215,-0.17351,-0.13491,-0.79015,-0.87,1.07,0.09,0.34162,-0.07598,-0.16929,-0.92134,-0.87,1.1,0.13,0.17483,-0.07529,-0.22565,-0.95543,-0.87,1.11,0.17,-0.31801,-0.19701,-0.19647,-0.90634,-0.85,1.1,0.19,-0.57394,-0.26761,-0.15403,-0.75846,-0.84,1.08,0.19,-0.57394,-0.26761,-0.15403,-0.75846,-0.87,1.06,0.1,0.27434,-0.01808,-0.40119,-0.87376,-0.88,1.08,0.14,0.22287,-0.07019,-0.30184,-0.92428,-0.88,1.1,0.16,-0.23098,-0.19667,-0.30963,-0.90117,-0.87,1.09,0.18,-0.47274,-0.32193,-0.24628,-0.78245,-0.86,1.08,0.19,-0.47274,-0.32193,-0.24628,-0.78245,-0.7,1.1,0.11,-0.34162,-0.17275,-0.15305,0.91106,-0.68,1.06,0.06,-0.34162,-0.17275,-0.15305,0.91106,-0.72,1.07,0.09,-0.46626,-0.19655,0.53795,0.67423,-0.75,1.09,0.1,-0.27124,-0.04911,0.49347,0.82493,-0.76,1.1,0.13,-0.20205,-0.04666,0.57492,0.79149,-0.77,1.11,0.15,-0.20205,-0.04666,0.57492,0.79149,-0.71,1.08,0.09,-0.34162,-0.17275,-0.15305,0.91106,-0.73,1.12,0.13,-0.12323,-0.23023,-0.04861,0.96408,-0.74,1.13,0.16,0.32355,-0.23575,0.03484,0.91571,-0.75,1.12,0.17,0.4905,-0.19898,0.0695,0.84557,-0.76,1.1,0.18,0.4905,-0.19898,0.0695,0.84557,-0.7,1.08,0.09,-0.34162,-0.17275,-0.15305,0.91106,-0.71,1.12,0.13,-0.09089,-0.20752,-0.111,0.96765,-0.72,1.13,0.17,0.35395,-0.2375,-0.01889,0.90441,-0.73,1.11,0.19,0.55386,-0.22099,-0.02814,0.80225,-0.74,1.09,0.19,0.55386,-0.22099,-0.02814,0.80225,-0.68,1.08,0.1,-0.34162,-0.17275,-0.15305,0.91106,-0.69,1.11,0.14,-0.13288,-0.17799,-0.18507,0.9573,-0.7,1.12,0.17,0.39712,-0.2687,-0.10102,0.87171,-0.71,1.11,0.19,0.65022,-0.30461,-0.04066,0.69481,-0.73,1.09,0.19,0.65022,-0.30461,-0.04066,0.69481,-0.67,1.07,0.1,-0.25677,-0.1129,-0.38156,0.88076,-0.67,1.1,0.14,-0.2788,-0.09634,-0.29613,0.90846,-0.67,1.11,0.17,0.3288,-0.26653,-0.25813,0.86846,-0.69,1.1,0.18,0.61919,-0.38381,-0.15157,0.66807,-0.7,1.09,0.18,0.61919,-0.38381,-0.15157,0.66807,-0.81,1.08,0.19
-0.79,1.45,-0.15,-0.79,1.45,-0.15,-0.85,1.09,0.11,0.33991,-0.09076,-0.17677,-0.91923,-0.86,1.05,0.06,0.33991,-0.09076,-0.17677,-0.91923,-0.82,1.07,0.09,0.45614,-0.17821,0.50072,-0.71376,-0.8,1.09,0.1,0.20971,-0.01683,0.45422,-0.86569,-0.79,1.1,0.13,0.09963,0.00019,0.53138,-0.84126,-0.79,1.1,0.16,0.09963,0.00019,0.53138,-0.84126,-0.83,1.08,0.09,0.33991,-0.09076,-0.17677,-0.91923,-0.83,1.12,0.13,0.05884,-0.14062,-0.09543,-0.9837,-0.82,1.12,0.16,-0.36494,-0.17351,-0.05208,-0.91323,-0.81,1.11,0.18,-0.54194,-0.15373,-0.02428,-0.82588,-0.8,1.09,0.19,-0.54194,-0.15373,-0.02428,-0.82588,-0.85,1.07,0.09,0.33991,-0.09076,-0.17677,-0.91923,-0.85,1.11,0.13,0.10603,-0.11493,-0.16823,-0.97327,-0.84,1.12,0.17,-0.34445,-0.18082,-0.11099,-0.91451,-0.83,1.11,0.19,-0.56602,-0.18836,-0.12745,-0.7924,-0.82,1.09,0.2,-0.56602,-0.18836,-0.12745,-0.7924,-0.87,1.07,0.09,0.33991,-0.09076,-0.17677,-0.91923,-0.87,1.1,0.13,0.18262,-0.08806,-0.23171,-0.95142,-0.86,1.12,0.17,-0.31005,-0.21144,-0.19511,-0.90614,-0.85,1.1,0.19,-0.56704,-0.28114,-0.14803,-0.75994,-0.84,1.09,0.19,-0.56704,-0.28114,-0.14803,-0.75994,-0.87,1.06,0.1,0.26862,-0.03246,-0.40747,-0.87221,-0.88,1.08,0.14,0.22921,-0.07873,-0.30887,-0.91971,-0.88,1.1,0.16,-0.22705,-0.20899,-0.31125,-0.89883,-0.87,1.09,0.18,-0.47167,-0.33501,-0.24269,-0.77872,-0.85,1.08,0.19,-0.47167,-0.33501,-0.24269,-0.77872,-0.7,1.1,0.11,-0.37235,-0.17463,-0.15161,0.89882,-0.68,1.06,0.07,-0.37235,-0.17463,-0.15161,0.89882,-0.72,1.07,0.09,-0.46655,-0.17975,0.56311,0.65797,-0.74,1.09,0.11,-0.27969,-0.02775,0.51416,0.81034,-0.76,1.1,0.13,-0.20164,-0.01788,0.59326,0.77915,-0.76,1.11,0.15,-0.20164,-0.01788,0.59326,0.77915,-0.71,1.08,0.09,-0.37235,-0.17463,-0.15161,0.89882,-0.72,1.12,0.12,-0.08757,-0.21706,-0.03974,0.97141,-0.74,1.13,0.16,0.39086,-0.21773,0.04449,0.89322,-0.75,1.11,0.17,0.5609,-0.17809,0.07973,0.80456,-0.75,1.09,0.18,0.5609,-0.17809,0.07973,0.80456,-0.69,1.08,0.09,-0.37235,-0.17463,-0.15161,0.89882,-0.7,1.12,0.13,-0.07981,-0.2117,-0.10102,0.96882,-0.72,1.13,0.17,0.37071,-0.23669,-0.0065,0.89806,-0.73,1.11,0.18,0.56953,-0.21638,-0.01586,0.79282,-0.74,1.09,0.19,0.56953,-0.21638,-0.01586,0.79282,-0.68,1.08,0.1,-0.37235,-0.17463,-0.15161,0.89882,-0.69,1.11,0.14,-0.12696,-0.18845,-0.17663,0.95769,-0.7,1.13,0.17,0.40407,-0.27298,-0.08812,0.86859,-0.71,1.11,0.18,0.65598,-0.30445,-0.02733,0.69011,-0.72,1.09,0.18,0.65598,-0.30445,-0.02733,0.69011,-0.67,1.07,0.1,-0.28656,-0.12277,-0.38191,0.87003,-0.67,1.1,0.14,-0.27605,-0.12044,-0.29282,0.9075,-0.67,1.12,0.16,0.34758,-0.28749,-0.23676,0.86051,-0.69,1.11,0.18,0.63278,-0.39458,-0.12571,0.65429,-0.7,1.09,0.17,0.63278,-0.39458,-0.12571,0.65429,-0.81,1.08,0.19
-0.79,1.45,-0.15,-0.79,1.45,-0.15,-0.85,1.09,0.11,0.32735,-0.11756,-0.18055,-0.92001,-0.86,1.05,0.06,0.32735,-0.11756,-0.18055,-0.92001,-0.82,1.07,0.08,0.46277,-0.20382,0.49198,-0.7087,-0.8,1.09,0.1,0.21537,-0.04461,0.45421,-0.86332,-0.79,1.1,0.13,0.11464,-0.0311,0.53458,-0.83673,-0.78,1.1,0.15,0.11464,-0.0311,0.53458,-0.83673,-0.83,1.08,0.09,0.32735,-0.11756,-0.18055,-0.92001,-0.82,1.12,0.13,0.03758,-0.18523,-0.07721,-0.97894,-0.81,1.12,0.16,-0.36271,-0.20523,-0.02146,-0.90877,-0.8,1.1,0.18,-0.53418,-0.17891,0.01092,-0.82615,-0.8,1.09,0.19,-0.53418,-0.17891,0.01092,-0.82615,-0.85,1.07,0.09,0.32735,-0.11756,-0.18055,-0.92001,-0.85,1.11,0.13,0.12,-0.13902,-0.16815,-0.9685,-0.84,1.13,0.17,-0.31551,-0.20087,-0.10318,-0.92166,-0.82,1.11,0.19,-0.53879,-0.20768,-0.11558,-0.80822,-0.81,1.09,0.2,-0.53879,-0.20768,-0.11558,-0.80822,-0.86,1.07,0.09,0.32735,-0.11756,-0.18055,-0.92001,-0.86,1.1,0.14,0.2082,-0.10355,-0.23616,-0.94348,-0.86,1.12,0.17,-0.28318,-0.22779,-0.19096,-0.91184,-0.84,1.11,0.19,-0.544,-0.29618,-0.13834,-0.77279,-0.83,1.09,0.2,-0.544,-0.29618,-0.13834,-0.77279,-0.87,1.06,0.1,0.25036,-0.05576,-0.40905,-0.87572,-0.88,1.09,0.14,0.2411,-0.08736,-0.31306,-0.91446,-0.87,1.1,0.16,-0.21554,-0.21977,-0.31075,-0.89927,-0.86,1.1,0.18,-0.46571,-0.34646,-0.23654,-0.77919,-0.85,1.08,0.19,-0.46571,-0.34646,-0.23654,-0.77919,-0.7,1.1,0.11,-0.36434,-0.17255,-0.13782,0.9047,-0.68,1.05,0.07,-0.36434,-0.17255,-0.13782,0.9047,-0.72,1.07,0.09,-0.44264,-0.19045,0.58578,0.65166,-0.74,1.08,0.11,-0.26827,-0.03696,0.5393,0.79738,-0.76,1.09,0.14,-0.19909,-0.03247,0.61752,0.76025,-0.76,1.1,0.16,-0.19909,-0.03247,0.61752,0.76025,-0.71,1.08,0.09,-0.36434,-0.17255,-0.13782,0.9047,-0.72,1.12,0.13,-0.05623,-0.20654,-0.02629,0.97647,-0.74,1.12,0.16,0.41794,-0.20146,0.05037,0.88442,-0.75,1.11,0.17,0.58759,-0.16052,0.08358,0.78866,-0.75,1.08,0.18,0.58759,-0.16052,0.08358,0.78866,-0.69,1.07,0.1,-0.36434,-0.17255,-0.13782,0.9047,-0.7,1.12,0.13,-0.0633,-0.20179,-0.0904,0.97319,-0.72,1.13,0.17,0.37455,-0.22279,-0.00474,0.90003,-0.73,1.11,0.19,0.56938,-0.2024,-0.01783,0.79657,-0.74,1.09,0.2,0.56938,-0.2024,-0.01783,0.79657,-0.68,1.07,0.1,-0.36434,-0.17255,-0.13782,0.9047,-0.69,1.11,0.14,-0.1153,-0.18064,-0.16464,0.96279,-0.7,1.12,0.17,0.40403,-0.25855,-0.0859,0.87323,-0.71,1.1,0.19,0.653,-0.2903,-0.03116,0.69882,-0.72,1.08,0.19,0.653,-0.2903,-0.03116,0.69882,-0.67,1.07,0.11,-0.28106,-0.11803,-0.3687,0.87814,-0.67,1.09,0.14,-0.26252,-0.11959,-0.27811,0.91621,-0.67,1.11,0.17,0.36238,-0.27641,-0.22653,0.86079,-0.69,1.1,0.18,0.64372,-0.38007,-0.12281,0.65276,-0.7,1.09,0.18,0.64372,-0.38007,-0.12281,0.65276,-0.81,1.08,0.19
-0.79,1.45,-0.15,-0.79,1.45,-0.15,-0.84,1.09,0.11,0.29216,-0.14101,-0.16462,-0.93148,-0.86,1.06,0.06,0.29216,-0.14101,-0.16462,-0.93148,-0.82,1.07,0.08,0.45122,-0.2416,0.48965,-0.70589,-0.79,1.08,0.1,0.20182,-0.07997,0.46476,-0.85841,-0.78,1.09,0.13,0.10799,-0.06864,0.54716,-0.82719,-0.78,1.1,0.15,0.10799,-0.06864,0.54716,-0.82719,-0.83,1.07,0.08,0.29216,-0.14101,-0.16462,-0.93148,-0.82,1.11,0.13,-0.02402,-0.22788,-0.03327,-0.97282,-0.8,1.11,0.16,-0.37402,-0.22651,0.02456,-0.899,-0.79,1.09,0.18,-0.5319,-0.19161,0.05779,-0.82282,-0.79,1.07,0.18,-0.5319,-0.19161,0.05779,-0.82282,-0.85,1.07,0.09,0.29216,-0.14101,-0.16462,-0.93148,-0.84,1.11,0.13,0.12038,-0.15266,-0.15298,-0.96892,-0.83,1.12,0.17,-0.28785,-0.20397,-0.08967,-0.9314,-0.82,1.11,0.19,-0.50803,-0.20895,-0.10312,-0.82923,-0.81,1.09,0.2,-0.50803,-0.20895,-0.10312,-0.82923,-0.86,1.07,0.09,0.29216,-0.14101,-0.16462,-0.93148,-0.86,1.1,0.14,0.22251,-0.10798,-0.22409,-0.94266,-0.85,1.12,0.17,-0.26018,-0.22434,-0.18038,-0.92165,-0.84,1.11,0.19,-0.52407,-0.29028,-0.12916,-0.79019,-0.82,1.09,0.2,-0.52407,-0.29028,-0.12916,-0.79019,-0.87,1.06,0.1,0.21347,-0.06928,-0.39063,-0.89277,-0.87,1.08,0.14,0.24205,-0.08175,-0.29874,-0.9195,-0.87,1.1,0.16,-0.21064,-0.20644,-0.30203,-0.90653,-0.86,1.09,0.18,-0.46863,-0.33273,-0.23027,-0.78527,-0.84,1.08,0.19,-0.46863,-0.33273,-0.23027,-0.78527,-0.7,1.09,0.12,-0.33757,-0.17634,-0.12812,0.91571,-0.68,1.05,0.07,-0.33757,-0.17634,-0.12812,0.91571,-0.72,1.07,0.09,-0.42498,-0.21381,0.58892,0.65334,-0.75,1.07,0.11,-0.26071,-0.06541,0.54736,0.79256,-0.76,1.09,0.14,-0.20287,-0.06808,0.62613,0.74978,-0.77,1.09,0.16,-0.20287,-0.06808,0.62613,0.74978,-0.71,1.07,0.09,-0.33757,-0.17634,-0.12812,0.91571,-0.73,1.11,0.13,-0.02639,-0.20929,-0.01484,0.97739,-0.74,1.11,0.16,0.41286,-0.19978,0.05427,0.88695,-0.75,1.1,0.18,0.57742,-0.15866,0.08567,0.79628,-0.75,1.08,0.19,0.57742,-0.15866,0.08567,0.79628,-0.69,1.07,0.1,-0.33757,-0.17634,-0.12812,0.91571,-0.71,1.11,0.14,-0.04081,-0.19988,-0.0824,0.9755,-0.72,1.12,0.18,0.37395,-0.21726,-0.00367,0.90163,-0.73,1.1,0.19,0.5624,-0.19712,-0.01899,0.8028,-0.74,1.08,0.2,0.5624,-0.19712,-0.01899,0.8028,-0.68,1.07,0.1,-0.33757,-0.17634,-0.12812,0.91571,-0.69,1.1,0.14,-0.09972,-0.17583,-0.15739,0.96663,-0.7,1.11,0.18,0.40749,-0.24909,-0.08565,0.8744,-0.71,1.1,0.19,0.65242,-0.28128,-0.03522,0.70285,-0.72,1.07,0.19,0.65242,-0.28128,-0.03522,0.70285,-0.67,1.07,0.11,-0.25552,-0.11443,-0.35776,0.89085,-0.67,1.09,0.15,-0.2414,-0.11654,-0.26702,0.92566,-0.68,1.1,0.17,0.37939,-0.26421,-0.22153,0.85859,-0.69,1.09,0.18,0.65765,-0.36665,-0.12411,0.64627,-0.7,1.08,0.18,0.65765,-0.36665,-0.12411,0.64627,-0.81,1.08,0.19
-0.79,1.45,-0.15,-0.79,1.45,-0.15,-0.84,1.09,0.11,0.27239,-0.14178,-0.17214,-0.93598,-0.86,1.06,0.06,0.27239,-0.14178,-0.17214,-0.93598,-0.82,1.07,0.08,0.44628,-0.24805,0.4727,-0.71823,-0.79,1.08,0.09,0.19236,-0.09073,0.44998,-0.86734,-0.78,1.09,0.12,0.10023,-0.08228,0.53362,-0.83572,-0.78,1.1,0.15,0.10023,-0.08228,0.53362,-0.83572,-0.83,1.08,0.08,0.27239,-0.14178,-0.17214,-0.93598,-0.82,1.11,0.13,-0.06561,-0.24399,-0.02696,-0.96718,-0.8,1.11,0.16,-0.38841,-0.23905,0.03,-0.88943,-0.79,1.09,0.17,-0.53538,-0.20354,0.06341,-0.81726,-0.79,1.07,0.18,-0.53538,-0.20354,0.06341,-0.81726,-0.85,1.07,0.08,0.27239,-0.14178,-0.17214,-0.93598,-0.84,1.11,0.13,0.11111,-0.15197,-0.16203,-0.96866,-0.83,1.12,0.17,-0.27895,-0.20507,-0.10199,-0.93259,-0.82,1.11,0.19,-0.49181,-0.21285,-0.11602,-0.83628,-0.81,1.09,0.2,-0.49181,-0.21285,-0.11602,-0.83628,-0.86,1.07,0.09,0.27239,-0.14178,-0.17214,-0.93598,-0.86,1.1,0.13,0.21898,-0.10082,-0.2334,-0.94202,-0.85,1.11,0.17,-0.2548,-0.22082,-0.19368,-0.92131,-0.84,1.1,0.19,-0.51656,-0.29079,-0.14324,-0.79252,-0.83,1.09,0.2,-0.51656,-0.29079,-0.14324,-0.79252,-0.87,1.06,0.09,0.19303,-0.06544,-0.39606,-0.89532,-0.87,1.08,0.14,0.24299,-0.06406,-0.30681,-0.918,-0.87,1.1,0.16,-0.20592,-0.19374,-0.31743,-0.90515,-0.86,1.09,0.18,-0.47206,-0.32797,-0.24534,-0.78064,-0.85,1.08,0.19,-0.47206,-0.32797,-0.24534,-0.78064,-0.7,1.09,0.12,-0.33482,-0.18192,-0.12633,0.91588,-0.68,1.05,0.07,-0.33482,-0.18192,-0.12633,0.91588,-0.72,1.06,0.09,-0.43158,-0.21614,0.58412,0.65256,-0.75,1.07,0.11,-0.27168,-0.07283,0.54227,0.79172,-0.76,1.09,0.14,-0.21561,-0.07545,0.6219,0.74904,-0.77,1.09,0.16,-0.21561,-0.07545,0.6219,0.74904,-0.71,1.07,0.09,-0.33482,-0.18192,-0.12633,0.91588,-0.73,1.11,0.13,-0.01659,-0.21516,-0.00868,0.9764,-0.74,1.11,0.16,0.39363,-0.20391,0.05596,0.89462,-0.75,1.09,0.18,0.54616,-0.16382,0.08445,0.81716,-0.75,1.07,0.19,0.54616,-0.16382,0.08445,0.81716,-0.69,1.07,0.1,-0.33482,-0.18192,-0.12633,0.91588,-0.71,1.11,0.14,-0.04085,-0.20448,-0.0795,0.97478,-0.72,1.12,0.18,0.36809,-0.22023,-0.00046,0.90333,-0.73,1.1,0.19,0.55558,-0.19982,-0.01554,0.80695,-0.74,1.08,0.2,0.55558,-0.19982,-0.01554,0.80695,-0.68,1.07,0.1,-0.33482,-0.18192,-0.12633,0.91588,-0.69,1.1,0.14,-0.10741,-0.17857,-0.15653,0.96544,-0.7,1.11,0.18,0.39983,-0.25127,-0.08352,0.87751,-0.71,1.09,0.19,0.64616,-0.28296,-0.03235,0.70807,-0.73,1.07,0.19,0.64616,-0.28296,-0.03235,0.70807,-0.67,1.06,0.11,-0.25195,-0.1192,-0.35557,0.89212,-0.67,1.09,0.15,-0.24291,-0.12135,-0.26466,0.92532,-0.68,1.1,0.17,0.37563,-0.26611,-0.21745,0.8607,-0.69,1.09,0.18,0.65699,-0.36725,-0.11851,0.64765,-0.7,1.08,0.18,0.65699,-0.36725,-0.11851,0.64765,-0.81,1.08,0.19
-0.79,1.45,-0.15,-0.79,1.45,-0.15,-0.85,1.09,0.11,0.25764,-0.11365,-0.2258,-0.93259,-0.86,1.06,0.05,0.25764,-0.11365,-0.2258,-0.93259,-0.82,1.08,0.08,0.43928,-0.22557,0.42623,-0.75795,-0.8,1.09,0.1,0.17769,-0.08424,0.39534,-0.89724,-0.79,1.1,0.13,0.084,-0.08244,0.48051,-0.86905,-0.78,1.1,0.15,0.084,-0.08244,0.48051,-0.86905,-0.83,1.08,0.08,0.25764,-0.11365,-0.2258,-0.93259,-0.83,1.11,0.13,-0.09089,-0.23819,-0.08501,-0.96321,-0.81,1.11,0.16,-0.40401,-0.25192,-0.02856,-0.87892,-0.8,1.09,0.17,-0.544,-0.22599,0.00642,-0.80805,-0.79,1.07,0.18,-0.544,-0.22599,0.00642,-0.80805,-0.85,1.07,0.08,0.25764,-0.11365,-0.2258,-0.93259,-0.85,1.11,0.13,0.08879,-0.13351,-0.21857,-0.96256,-0.84,1.12,0.17,-0.28881,-0.20854,-0.16298,-0.92008,-0.82,1.1,0.19,-0.49003,-0.22785,-0.1753,-0.82294,-0.81,1.09,0.21,-0.49003,-0.22785,-0.1753,-0.82294,-0.87,1.07,0.09,0.25764,-0.11365,-0.2258,-0.93259,-0.86,1.09,0.14,0.19465,-0.07486,-0.28643,-0.93513,-0.86,1.11,0.17,-0.27144,-0.2221,-0.25259,-0.90177,-0.85,1.1,0.19,-0.52344,-0.30843,-0.19964,-0.76879,-0.83,1.08,0.2,-0.52344,-0.30843,-0.19964,-0.76879,-0.87,1.06,0.09,0.17711,-0.03661,-0.44574,-0.8767,-0.87,1.08,0.14,0.2255,-0.03171,-0.35783,-0.90559,-0.88,1.09,0.16,-0.22817,-0.19232,-0.3738,-0.87819,-0.87,1.08,0.18,-0.49235,-0.34747,-0.29584,-0.74117,-0.85,1.07,0.19,-0.49235,-0.34747,-0.29584,-0.74117,-0.7,1.09,0.12,-0.33663,-0.18152,-0.12688,0.91522,-0.68,1.05,0.07,-0.33663,-0.18152,-0.12688,0.91522,-0.72,1.06,0.09,-0.43908,-0.21231,0.57802,0.65423,-0.75,1.07,0.11,-0.27739,-0.07031,0.53515,0.79481,-0.76,1.09,0.14,-0.21857,-0.07071,0.61534,0.75405,-0.77,1.09,0.16,-0.21857,-0.07071,0.61534,0.75405,-0.71,1.07,0.09,-0.33663,-0.18152,-0.12688,0.91522,-0.73,1.11,0.13,-0.0148,-0.215,-0.00832,0.97647,-0.74,1.11,0.16,0.37773,-0.2046,0.05219,0.90152,-0.75,1.1,0.18,0.52043,-0.16621,0.07786,0.83395,-0.76,1.08,0.19,0.52043,-0.16621,0.07786,0.83395,-0.7,1.07,0.1,-0.33663,-0.18152,-0.12688,0.91522,-0.71,1.11,0.14,-0.04067,-0.20463,-0.07958,0.97475,-0.72,1.12,0.18,0.36988,-0.22039,-7e-05,0.90256,-0.73,1.1,0.19,0.55854,-0.19972,-0.0149,0.80493,-0.74,1.08,0.2,0.55854,-0.19972,-0.0149,0.80493,-0.68,1.07,0.1,-0.33663,-0.18152,-0.12688,0.91522,-0.69,1.1,0.14,-0.1094,-0.17831,-0.15729,0.96514,-0.7,1.11,0.18,0.40134,-0.2518,-0.08337,0.87669,-0.71,1.1,0.19,0.64933,-0.28331,-0.03146,0.70506,-0.73,1.07,0.19,0.64933,-0.28331,-0.03146,0.70506,-0.67,1.06,0.11,-0.25373,-0.11929,-0.35623,0.89135,-0.67,1.09,0.15,-0.24408,-0.12338,-0.26472,0.92473,-0.68,1.1,0.17,0.37382,-0.2677,-0.21643,0.86125,-0.69,1.09,0.18,0.65781,-0.36866,-0.11574,0.64652,-0.7,1.08,0.18,0.65781,-0.36866,-0.11574,0.64652,-0.81,1.08,0.19
-0.79,1.45,-0.15,-0.79,1.45,-0.15,-0.85,1.09,0.11,0.26151,-0.09453,-0.26815,-0.92237,-0.86,1.06,0.05,0.26151,-0.09453,-0.26815,-0.92237,-0.82,1.08,0.08,0.44555,-0.19901,0.39073,-0.78052,-0.8,1.1,0.1,0.18688,-0.07364,0.34999,-0.91496,-0.79,1.11,0.13,0.093,-0.07602,0.43653,-0.89163,-0.79,1.11,0.15,0.093,-0.07602,0.43653,-0.89163,-0.83,1.08,0.08,0.26151,-0.09453,-0.26815,-0.92237,-0.83,1.12,0.13,-0.11223,-0.23244,-0.12918,-0.95744,-0.81,1.11,0.16,-0.41938,-0.25999,-0.0729,-0.86672,-0.8,1.09,0.17,-0.54815,-0.24043,-0.03881,-0.80014,-0.79,1.08,0.18,-0.54815,-0.24043,-0.03881,-0.80014,-0.85,1.08,0.08,0.26151,-0.09453,-0.26815,-0.92237,-0.85,1.11,0.13,0.06596,-0.12934,-0.2599,-0.95466,-0.84,1.12,0.17,-0.29076,-0.21663,-0.20648,-0.90879,-0.83,1.11,0.19,-0.47256,-0.24135,-0.21862,-0.81893,-0.81,1.09,0.21,-0.47256,-0.24135,-0.21862,-0.81893,-0.87,1.07,0.09,0.26151,-0.09453,-0.26815,-0.92237,-0.87,1.1,0.14,0.17132,-0.06729,-0.32727,-0.92683,-0.86,1.11,0.17,-0.28154,-0.23191,-0.29341,-0.88367,-0.85,1.1,0.19,-0.5174,-0.32683,-0.23888,-0.75394,-0.83,1.09,0.2,-0.5174,-0.32683,-0.23888,-0.75394,-0.87,1.06,0.09,0.17906,-0.02111,-0.48552,-0.85543,-0.88,1.08,0.14,0.22007,-0.01634,-0.39901,-0.89,-0.88,1.09,0.16,-0.24423,-0.20643,-0.41246,-0.853,-0.87,1.08,0.18,-0.49887,-0.37331,-0.32745,-0.71031,-0.85,1.07,0.18,-0.49887,-0.37331,-0.32745,-0.71031,-0.7,1.09,0.12,-0.31052,-0.17268,-0.11028,0.92822,-0.68,1.05,0.07,-0.31052,-0.17268,-0.11028,0.92822,-0.72,1.06,0.1,-0.43118,-0.23875,0.56796,0.65917,-0.75,1.07,0.11,-0.26498,-0.09673,0.53195,0.79841,-0.76,1.08,0.14,-0.20288,-0.09402,0.61306,0.75773,-0.77,1.09,0.16,-0.20288,-0.09402,0.61306,0.75773,-0.71,1.07,0.1,-0.31052,-0.17268,-0.11028,0.92822,-0.73,1.11,0.14,-0.13439,-0.1995,-0.03205,0.97011,-0.75,1.12,0.17,0.18661,-0.20412,0.00796,0.96096,-0.75,1.11,0.19,0.32734,-0.17509,0.02554,0.92819,-0.76,1.1,0.21,0.32734,-0.17509,0.02554,0.92819,-0.7,1.07,0.1,-0.31052,-0.17268,-0.11028,0.92822,-0.71,1.11,0.14,-0.05755,-0.18496,-0.07688,0.97804,-0.72,1.12,0.18,0.34218,-0.2015,-0.00875,0.91773,-0.73,1.1,0.2,0.53324,-0.18488,-0.02793,0.82504,-0.74,1.08,0.21,0.53324,-0.18488,-0.02793,0.82504,-0.68,1.07,0.11,-0.31052,-0.17268,-0.11028,0.92822,-0.69,1.1,0.15,-0.11489,-0.15305,-0.15116,0.96981,-0.7,1.11,0.18,0.39138,-0.22664,-0.09259,0.88706,-0.71,1.09,0.2,0.64173,-0.26262,-0.04789,0.71898,-0.73,1.07,0.2,0.64173,-0.26262,-0.04789,0.71898,-0.67,1.06,0.11,-0.23237,-0.1032,-0.33935,0.90565,-0.68,1.09,0.15,-0.24403,-0.09961,-0.24977,0.93174,-0.68,1.1,0.18,0.35986,-0.23602,-0.223,0.87468,-0.69,1.09,0.19,0.6489,-0.34223,-0.13335,0.66635,-0.7,1.08,0.19,0.6489,-0.34223,-0.13335,0.66635,-0.81,1.08,0.19
-0.79,1.45,-0.15,-0.79,1.45,-0.15,-0.85,1.1,0.11,0.27835,-0.08845,-0.25477,-0.92184,-0.86,1.06,0.05,0.27835,-0.08845,-0.25477,-0.92184,-0.82,1.08,0.08,0.44994,-0.18579,0.4071,-0.77286,-0.8,1.1,0.1,0.20104,-0.05928,0.36116,-0.90864,-0.79,1.11,0.13,0.10614,-0.05948,0.4466,-0.88642,-0.79,1.12,0.15,0.10614,-0.05948,0.4466,-0.88642,-0.83,1.08,0.08,0.27835,-0.08845,-0.25477,-0.92184,-0.83,1.12,0.13,-0.09225,-0.21248,-0.12592,-0.96462,-0.81,1.12,0.16,-0.39756,-0.24017,-0.07766,-0.88217,-0.8,1.1,0.17,-0.52231,-0.22108,-0.04905,-0.82214,-0.79,1.08,0.18,-0.52231,-0.22108,-0.04905,-0.82214,-0.85,1.08,0.08,0.27835,-0.08845,-0.25477,-0.92184,-0.85,1.11,0.13,0.07442,-0.12317,-0.2472,-0.95822,-0.84,1.12,0.17,-0.27349,-0.20404,-0.19933,-0.91861,-0.83,1.11,0.19,-0.44277,-0.22597,-0.21692,-0.84014,-0.82,1.1,0.21,-0.44277,-0.22597,-0.21692,-0.84014,-0.87,1.07,0.09,0.27835,-0.08845,-0.25477,-0.92184,-0.87,1.1,0.13,0.17115,-0.06739,-0.31405,-0.93142,-0.87,1.11,0.17,-0.27383,-0.2227,-0.28422,-0.89143,-0.85,1.1,0.19,-0.49981,-0.31265,-0.23666,-0.77229,-0.83,1.09,0.2,-0.49981,-0.31265,-0.23666,-0.77229,-0.87,1.07,0.09,0.1985,-0.01854,-0.47492,-0.85715,-0.88,1.08,0.13,0.21902,-0.02081,-0.38829,-0.89489,-0.88,1.09,0.16,-0.25088,-0.20647,-0.40068,-0.85667,-0.87,1.09,0.18,-0.49778,-0.36585,-0.32084,-0.71793,-0.85,1.08,0.18,-0.49778,-0.36585,-0.32084,-0.71793,-0.71,1.08,0.13,-0.26154,-0.16829,-0.08583,0.94652,-0.69,1.06,0.07,-0.26154,-0.16829,-0.08583,0.94652,-0.73,1.06,0.1,-0.41557,-0.26883,0.55051,0.67229,-0.75,1.07,0.11,-0.24451,-0.12881,0.52181,0.80706,-0.77,1.08,0.14,-0.18806,-0.13064,0.60383,0.76351,-0.78,1.08,0.16,-0.18806,-0.13064,0.60383,0.76351,-0.72,1.07,0.1,-0.26154,-0.16829,-0.08583,0.94652,-0.73,1.1,0.14,-0.14505,-0.19069,-0.02428,0.97057,-0.75,1.11,0.18,0.1146,-0.19396,4e-05,0.97429,-0.76,1.11,0.2,0.23019,-0.16729,0.00883,0.95862,-0.76,1.1,0.22,0.23019,-0.16729,0.00883,0.95862,-0.7,1.07,0.1,-0.26154,-0.16829,-0.08583,0.94652,-0.71,1.1,0.15,-0.07951,-0.16261,-0.07004,0.98098,-0.73,1.11,0.19,0.30986,-0.1784,-0.01395,0.93379,-0.74,1.09,0.21,0.50472,-0.16552,-0.03832,0.8464,-0.74,1.07,0.22,0.50472,-0.16552,-0.03832,0.8464,-0.68,1.07,0.11,-0.26154,-0.16829,-0.08583,0.94652,-0.7,1.09,0.15,-0.13029,-0.12628,-0.13767,0.97372,-0.7,1.1,0.19,0.38418,-0.19792,-0.0933,0.89695,-0.71,1.09,0.2,0.6423,-0.23594,-0.05599,0.72708,-0.72,1.07,0.21,0.6423,-0.23594,-0.05599,0.72708,-0.68,1.06,0.11,-0.18896,-0.0858,-0.31267,0.92691,-0.68,1.08,0.15,-0.24444,-0.07401,-0.22405,0.94052,-0.68,1.1,0.18,0.36273,-0.20035,-0.21789,0.88364,-0.69,1.08,0.19,0.66702,-0.30957,-0.13721,0.66364,-0.7,1.07,0.19,0.66702,-0.30957,-0.13721,0.66364,-0.81,1.08,0.19
-0.79,1.45,-0.15,-0.79,1.45,-0.15,-0.85,1.1,0.11,0.30753,-0.07532,-0.23592,-0.91874,-0.86,1.06,0.05,0.30753,-0.07532,-0.23592,-0.91874,-0.82,1.08,0.08,0.45681,-0.15895,0.43166,-0.7614,-0.8,1.1,0.1,0.21481,-0.0278,0.37712,-0.90048,-0.8,1.11,0.13,0.1181,-0.02584,0.45983,-0.87974,-0.79,1.12,0.15,0.1181,-0.02584,0.45983,-0.87974,-0.84,1.09,0.08,0.30753,-0.07532,-0.23592,-0.91874,-0.83,1.12,0.13,-0.03929,-0.18012,-0.12488,-0.97489,-0.82,1.12,0.16,-0.34129,-0.20972,-0.08907,-0.91192,-0.81,1.11,0.18,-0.46271,-0.19208,-0.06833,-0.86275,-0.8,1.09,0.19,-0.46271,-0.19208,-0.06833,-0.86275,-0.85,1.08,0.08,0.30753,-0.07532,-0.23592,-0.91874,-0.85,1.12,0.13,0.08971,-0.11016,-0.23043,-0.96266,-0.85,1.13,0.17,-0.27711,-0.18942,-0.18505,-0.92362,-0.84,1.12,0.19,-0.44763,-0.20911,-0.20565,-0.84476,-0.82,1.1,0.2,-0.44763,-0.20911,-0.20565,-0.84476,-0.87,1.07,0.09,0.30753,-0.07532,-0.23592,-0.91874,-0.87,1.1,0.13,0.17327,-0.06398,-0.29604,-0.93715,-0.87,1.12,0.17,-0.2797,-0.21304,-0.26893,-0.89669,-0.85,1.11,0.19,-0.50286,-0.29828,-0.22611,-0.77913,-0.84,1.09,0.2,-0.50286,-0.29828,-0.22611,-0.77913,-0.87,1.07,0.09,0.23218,-0.01197,-0.46038,-0.85674,-0.88,1.09,0.13,0.2271,-0.02589,-0.37264,-0.89939,-0.88,1.1,0.16,-0.24082,-0.20158,-0.38606,-0.86737,-0.87,1.09,0.17,-0.46793,-0.34749,-0.31848,-0.74757,-0.86,1.08,0.18,-0.46793,-0.34749,-0.31848,-0.74757,-0.71,1.08,0.13,-0.22293,-0.16011,-0.04987,0.9603,-0.69,1.06,0.07,-0.22293,-0.16011,-0.04987,0.9603,-0.73,1.06,0.1,-0.40973,-0.27756,0.534,0.68551,-0.75,1.07,0.11,-0.24242,-0.14543,0.50514,0.81543,-0.77,1.08,0.14,-0.19718,-0.15532,0.58753,0.76929,-0.78,1.08,0.16,-0.19718,-0.15532,0.58753,0.76929,-0.72,1.06,0.1,-0.22293,-0.16011,-0.04987,0.9603,-0.74,1.09,0.15,-0.08664,-0.17908,0.01351,0.97992,-0.75,1.1,0.18,0.17651,-0.17137,0.03393,0.96867,-0.76,1.09,0.2,0.28627,-0.14015,0.04084,0.94696,-0.76,1.08,0.22,0.28627,-0.14015,0.04084,0.94696,-0.7,1.07,0.1,-0.22293,-0.16011,-0.04987,0.9603,-0.72,1.1,0.15,-0.09086,-0.13748,-0.04591,0.98526,-0.73,1.1,0.19,0.32105,-0.146,0.00158,0.93574,-0.73,1.09,0.21,0.53488,-0.12948,-0.02883,0.83445,-0.74,1.07,0.22,0.53488,-0.12948,-0.02883,0.83445,-0.68,1.07,0.11,-0.22293,-0.16011,-0.04987,0.9603,-0.7,1.09,0.15,-0.154,-0.10244,-0.10883,0.9767,-0.7,1.1,0.19,0.41086,-0.16727,-0.07292,0.89325,-0.71,1.08,0.21,0.68786,-0.19971,-0.04245,0.69654,-0.72,1.06,0.21,0.68786,-0.19971,-0.04245,0.69654,-0.68,1.06,0.11,-0.15807,-0.06729,-0.27545,0.94584,-0.68,1.08,0.15,-0.24078,-0.05798,-0.18521,0.95098,-0.68,1.09,0.18,0.37605,-0.16546,-0.19596,0.8904,-0.69,1.08,0.19,0.70637,-0.27262,-0.12271,0.64161,-0.7,1.06,0.19,0.70637,-0.27262,-0.12271,0.64161,-0.81,1.08,0.19
-0.79,1.45,-0.15,-0.79,1.45,-0.15,-0.85,1.1,0.1,0.34012,-0.06921,-0.1988,-0.91652,-0.86,1.06,0.05,0.34012,-0.06921,-0.1988,-0.91652,-0.82,1.08,0.08,0.46026,-0.13757,0.47472,-0.73748,-0.8,1.1,0.1,0.22411,0.00621,0.4138,-0.88233,-0.8,1.11,0.13,0.12061,0.01476,0.49197,-0.86209,-0.79,1.12,0.15,0.12061,0.01476,0.49197,-0.86209,-0.84,1.09,0.08,0.34012,-0.06921,-0.1988,-0.91652,-0.83,1.13,0.12,-0.00255,-0.15117,-0.09865,-0.98357,-0.82,1.13,0.16,-0.31182,-0.17539,-0.07251,-0.931,-0.81,1.11,0.18,-0.43137,-0.15567,-0.05813,-0.88674,-0.81,1.1,0.19,-0.43137,-0.15567,-0.05813,-0.88674,-0.85,1.08,0.08,0.34012,-0.06921,-0.1988,-0.91652,-0.85,1.12,0.13,0.10562,-0.1002,-0.1942,-0.9701,-0.85,1.13,0.17,-0.29924,-0.17245,-0.14908,-0.92655,-0.84,1.12,0.19,-0.47374,-0.18537,-0.17315,-0.84334,-0.83,1.1,0.2,-0.47374,-0.18537,-0.17315,-0.84334,-0.87,1.08,0.09,0.34012,-0.06921,-0.1988,-0.91652,-0.87,1.11,0.13,0.18909,-0.06126,-0.26036,-0.94483,-0.87,1.12,0.16,-0.28306,-0.19827,-0.23613,-0.90819,-0.86,1.11,0.18,-0.50828,-0.27532,-0.19913,-0.79133,-0.84,1.1,0.19,-0.50828,-0.27532,-0.19913,-0.79133,-0.87,1.07,0.09,0.27024,-0.01243,-0.42866,-0.86201,-0.88,1.09,0.13,0.2494,-0.03483,-0.33778,-0.90692,-0.89,1.11,0.15,-0.21564,-0.19071,-0.35386,-0.88989,-0.88,1.1,0.17,-0.43405,-0.32242,-0.29632,-0.7873,-0.86,1.09,0.18,-0.43405,-0.32242,-0.29632,-0.7873,-0.71,1.08,0.13,-0.20224,-0.15453,-0.03938,0.96627,-0.69,1.06,0.07,-0.20224,-0.15453,-0.03938,0.96627,-0.73,1.06,0.1,-0.41089,-0.28661,0.5116,0.69806,-0.75,1.07,0.11,-0.25131,-0.16651,0.48109,0.82321,-0.77,1.08,0.14,-0.22108,-0.18523,0.56365,0.77402,-0.78,1.08,0.16,-0.22108,-0.18523,0.56365,0.77402,-0.72,1.07,0.1,-0.20224,-0.15453,-0.03938,0.96627,-0.74,1.09,0.15,-0.01498,-0.18213,0.0372,0.98246,-0.75,1.09,0.18,0.274,-0.16452,0.0624,0.9455,-0.76,1.08,0.2,0.39452,-0.12801,0.07349,0.90695,-0.76,1.06,0.22,0.39452,-0.12801,0.07349,0.90695,-0.7,1.07,0.1,-0.20224,-0.15453,-0.03938,0.96627,-0.72,1.09,0.15,-0.09848,-0.12575,-0.04048,0.98633,-0.73,1.1,0.19,0.38183,-0.13266,0.01126,0.91459,-0.73,1.08,0.21,0.63334,-0.10797,-0.01982,0.76605,-0.74,1.06,0.22,0.63334,-0.10797,-0.01982,0.76605,-0.68,1.07,0.11,-0.20224,-0.15453,-0.03938,0.96627,-0.7,1.09,0.15,-0.17696,-0.08941,-0.1021,0.97482,-0.7,1.1,0.19,0.43188,-0.15649,-0.06776,0.88566,-0.71,1.08,0.2,0.72965,-0.18663,-0.03678,0.65684,-0.72,1.06,0.2,0.72965,-0.18663,-0.03678,0.65684,-0.68,1.06,0.11,-0.14056,-0.05657,-0.26372,0.95262,-0.68,1.08,0.15,-0.24147,-0.04817,-0.17262,0.95372,-0.68,1.09,0.18,0.37707,-0.15034,-0.19179,0.89355,-0.69,1.08,0.19,0.72069,-0.25895,-0.12116,0.63156,-0.7,1.06,0.19,0.72069,-0.25895,-0.12116,0.63156,-0.81,1.08,0.19
-0.79,1.45,-0.15,-0.79,1.45,-0.15,-0.85,1.1,0.11,0.34787,-0.05983,-0.15867,-0.92208,-0.86,1.06,0.05,0.34787,-0.05983,-0.15867,-0.92208,-0.82,1.08,0.08,0.44529,-0.13207,0.51423,-0.721,-0.8,1.09,0.1,0.21201,0.02647,0.4518,-0.86615,-0.8,1.11,0.13,0.10149,0.04119,0.52524,-0.84387,-0.8,1.11,0.16,0.10149,0.04119,0.52524,-0.84387,-0.83,1.08,0.08,0.34787,-0.05983,-0.15867,-0.92208,-0.83,1.12,0.13,0.0026,-0.12261,-0.06857,-0.99008,-0.82,1.12,0.16,-0.3272,-0.1401,-0.0501,-0.93317,-0.82,1.11,0.18,-0.44855,-0.1177,-0.0396,-0.88509,-0.81,1.09,0.19,-0.44855,-0.1177,-0.0396,-0.88509,-0.85,1.08,0.08,0.34787,-0.05983,-0.15867,-0.92208,-0.85,1.12,0.13,0.1086,-0.08243,-0.15717,-0.97812,-0.85,1.13,0.17,-0.30675,-0.14213,-0.12151,-0.93324,-0.84,1.12,0.19,-0.48368,-0.15049,-0.15193,-0.84872,-0.83,1.1,0.2,-0.48368,-0.15049,-0.15193,-0.84872,-0.87,1.07,0.09,0.34787,-0.05983,-0.15867,-0.92208,-0.87,1.11,0.13,0.19602,-0.04793,-0.22236,-0.95385,-0.87,1.12,0.16,-0.28223,-0.16908,-0.20923,-0.92086,-0.86,1.11,0.18,-0.50928,-0.24017,-0.18146,-0.80624,-0.85,1.1,0.19,-0.50928,-0.24017,-0.18146,-0.80624,-0.87,1.07,0.09,0.28522,-0.00344,-0.39223,-0.87453,-0.88,1.09,0.13,0.25649,-0.02934,-0.29907,-0.91864,-0.89,1.11,0.15,-0.2008,-0.16356,-0.32519,-0.90949,-0.88,1.1,0.17,-0.418,-0.28672,-0.27809,-0.81593,-0.86,1.09,0.18,-0.418,-0.28672,-0.27809,-0.81593,-0.71,1.09,0.13,-0.22695,-0.15533,-0.05742,0.95972,-0.69,1.06,0.07,-0.22695,-0.15533,-0.05742,0.95972,-0.73,1.06,0.1,-0.43561,-0.26818,0.50015,0.69869,-0.75,1.07,0.11,-0.2799,-0.1553,0.46371,0.82614,-0.77,1.09,0.14,-0.25451,-0.17548,0.54742,0.77767,-0.78,1.09,0.16,-0.25451,-0.17548,0.54742,0.77767,-0.72,1.07,0.1,-0.22695,-0.15533,-0.05742,0.95972,-0.74,1.1,0.15,-0.02263,-0.19436,0.02847,0.98026,-0.75,1.1,0.18,0.31647,-0.17565,0.06722,0.92977,-0.76,1.08,0.2,0.4623,-0.13574,0.08587,0.87205,-0.76,1.07,0.21,0.4623,-0.13574,0.08587,0.87205,-0.7,1.07,0.1,-0.22695,-0.15533,-0.05742,0.95972,-0.71,1.1,0.15,-0.12213,-0.12923,-0.05892,0.9823,-0.72,1.11,0.19,0.39891,-0.14473,0.00298,0.90549,-0.73,1.09,0.21,0.66936,-0.11939,-0.02254,0.73293,-0.74,1.07,0.21,0.66936,-0.11939,-0.02254,0.73293,-0.68,1.07,0.11,-0.22695,-0.15533,-0.05742,0.95972,-0.7,1.09,0.15,-0.20176,-0.09231,-0.12175,0.96745,-0.7,1.11,0.19,0.42014,-0.17232,-0.07901,0.88744,-0.71,1.09,0.2,0.728,-0.20559,-0.0391,0.65285,-0.72,1.07,0.2,0.728,-0.20559,-0.0391,0.65285,-0.68,1.07,0.11,-0.16191,-0.06371,-0.28329,0.94312,-0.68,1.08,0.15,-0.26527,-0.05217,-0.19281,0.94326,-0.68,1.1,0.18,0.34586,-0.16625,-0.2059,0.90019,-0.69,1.09,0.19,0.6957,-0.27974,-0.12519,0.64967,-0.7,1.07,0.19,0.6957,-0.27974,-0.12519,0.64967,-0.81,1.08,0.19
-0.79,1.45,-0.15,-0.79,1.45,-0.15,-0.85,1.09,0.11,0.33226,-0.05249,-0.13855,-0.93148,-0.86,1.06,0.06,0.33226,-0.05249,-0.13855,-0.93148,-0.82,1.07,0.09,0.4223,-0.14037,0.53174,-0.72057,-0.8,1.09,0.11,0.18827,0.02698,0.472,-0.86084,-0.8,1.1,0.14,0.07719,0.04214,0.54352,-0.83478,-0.8,1.1,0.16,0.07719,0.04214,0.54352,-0.83478,-0.83,1.08,0.09,0.33226,-0.05249,-0.13855,-0.93148,-0.83,1.12,0.13,-0.01129,-0.10708,-0.05495,-0.99267,-0.82,1.12,0.17,-0.35118,-0.12107,-0.04109,-0.92754,-0.82,1.1,0.18,-0.47657,-0.09766,-0.03174,-0.87312,-0.81,1.08,0.2,-0.47657,-0.09766,-0.03174,-0.87312,-0.85,1.07,0.09,0.33226,-0.05249,-0.13855,-0.93148,-0.85,1.12,0.13,0.09284,-0.06976,-0.13941,-0.9834,-0.85,1.12,0.17,-0.32192,-0.1229,-0.11082,-0.93219,-0.84,1.11,0.19,-0.49782,-0.12877,-0.14508,-0.84531,-0.83,1.09,0.2,-0.49782,-0.12877,-0.14508,-0.84531,-0.87,1.07,0.09,0.33226,-0.05249,-0.13855,-0.93148,-0.87,1.1,0.13,0.18274,-0.03613,-0.2032,-0.96125,-0.87,1.12,0.17,-0.29529,-0.14874,-0.19879,-0.92258,-0.86,1.11,0.19,-0.52112,-0.21746,-0.17733,-0.80604,-0.85,1.09,0.2,-0.52112,-0.21746,-0.17733,-0.80604,-0.87,1.07,0.09,0.27427,0.00859,-0.37264,-0.88648,-0.88,1.09,0.13,0.24258,-0.01831,-0.27946,-0.92883,-0.89,1.1,0.16,-0.21206,-0.14209,-0.31383,-0.91452,-0.88,1.1,0.17,-0.42889,-0.26272,-0.27385,-0.81978,-0.86,1.08,0.19,-0.42889,-0.26272,-0.27385,-0.81978,-0.71,1.09,0.12,-0.26683,-0.16633,-0.09378,0.94464,-0.69,1.06,0.07,-0.26683,-0.16633,-0.09378,0.94464,-0.73,1.07,0.09,-0.46849,-0.241,0.49056,0.69411,-0.75,1.08,0.11,-0.31133,-0.13194,0.4481,0.82757,-0.77,1.1,0.13,-0.27976,-0.14671,0.53414,0.78416,-0.78,1.1,0.15,-0.27976,-0.14671,0.53414,0.78416,-0.72,1.07,0.1,-0.26683,-0.16633,-0.09378,0.94464,-0.73,1.11,0.14,-0.05823,-0.20713,-0.00322,0.97657,-0.75,1.11,0.17,0.32551,-0.19717,0.05128,0.92333,-0.76,1.1,0.19,0.48314,-0.15859,0.07643,0.85766,-0.76,1.08,0.2,0.48314,-0.15859,0.07643,0.85766,-0.7,1.07,0.1,-0.26683,-0.16633,-0.09378,0.94464,-0.71,1.11,0.15,-0.1349,-0.14717,-0.09105,0.97563,-0.72,1.12,0.19,0.39649,-0.1769,-0.01307,0.90074,-0.73,1.1,0.2,0.66684,-0.15502,-0.0275,0.72838,-0.74,1.08,0.2,0.66684,-0.15502,-0.0275,0.72838,-0.68,1.07,0.11,-0.26683,-0.16633,-0.09378,0.94464,-0.7,1.1,0.15,-0.20462,-0.11333,-0.15574,0.95971,-0.7,1.12,0.18,0.4149,-0.2096,-0.0929,0.88051,-0.71,1.1,0.2,0.71863,-0.2453,-0.03809,0.64957,-0.72,1.08,0.2,0.71863,-0.2453,-0.03809,0.64957,-0.68,1.07,0.11,-0.19341,-0.0854,-0.32076,0.92326,-0.68,1.09,0.15,-0.2832,-0.07334,-0.23208,0.92766,-0.68,1.1,0.18,0.32151,-0.2073,-0.2246,0.89622,-0.69,1.1,0.19,0.66345,-0.32349,-0.1263,0.66275,-0.7,1.08,0.19,0.66345,-0.32349,-0.1263,0.66275,-0.81,1.08,0.19
-0.79,1.45,-0.15,-0.79,1.45,-0.15,-0.85,1.09,0.11,0.31193,-0.05895,-0.15349,-0.93577,-0.86,1.06,0.06,0.31193,-0.05895,-0.15349,-0.93577,-0.82,1.07,0.09,0.41601,-0.15621,0.51588,-0.7324,-0.8,1.09,0.11,0.17638,0.00829,0.4612,-0.86955,-0.8,1.1,0.14,0.0674,0.02069,0.53477,-0.84205,-0.79,1.1,0.16,0.0674,0.02069,0.53477,-0.84205,-0.83,1.07,0.09,0.31193,-0.05895,-0.15349,-0.93577,-0.83,1.11,0.13,-0.02202,-0.11886,-0.06838,-0.99031,-0.82,1.11,0.17,-0.3706,-0.13696,-0.04817,-0.91738,-0.81,1.1,0.19,-0.50327,-0.11472,-0.03467,-0.85578,-0.81,1.08,0.2,-0.50327,-0.11472,-0.03467,-0.85578,-0.85,1.07,0.09,0.31193,-0.05895,-0.15349,-0.93577,-0.85,1.11,0.13,0.07531,-0.07893,-0.15219,-0.98231,-0.85,1.12,0.18,-0.33754,-0.1363,-0.11868,-0.9238,-0.84,1.1,0.2,-0.51669,-0.14287,-0.14955,-0.83082,-0.83,1.08,0.21,-0.51669,-0.14287,-0.14955,-0.83082,-0.87,1.07,0.09,0.31193,-0.05895,-0.15349,-0.93577,-0.87,1.1,0.13,0.16647,-0.04252,-0.21612,-0.96113,-0.87,1.11,0.17,-0.30932,-0.15975,-0.20737,-0.91422,-0.86,1.1,0.19,-0.53431,-0.23016,-0.18263,-0.79258,-0.84,1.08,0.2,-0.53431,-0.23016,-0.18263,-0.79258,-0.87,1.06,0.09,0.25108,0.00687,-0.38502,-0.88807,-0.88,1.08,0.13,0.22144,-0.02183,-0.29253,-0.93001,-0.89,1.1,0.16,-0.23313,-0.14996,-0.32336,-0.90477,-0.88,1.09,0.18,-0.44919,-0.27335,-0.28111,-0.8028,-0.86,1.08,0.19,-0.44919,-0.27335,-0.28111,-0.8028,-0.7,1.1,0.12,-0.33231,-0.18117,-0.13812,0.91524,-0.69,1.06,0.07,-0.33231,-0.18117,-0.13812,0.91524,-0.73,1.07,0.09,-0.49466,-0.19485,0.50996,0.67623,-0.75,1.09,0.11,-0.33044,-0.07712,0.4597,0.82069,-0.76,1.11,0.13,-0.26757,-0.07277,0.54581,0.7907,-0.77,1.11,0.15,-0.26757,-0.07277,0.54581,0.7907,-0.71,1.08,0.09,-0.33231,-0.18117,-0.13812,0.91524,-0.73,1.12,0.13,-0.12263,-0.20617,-0.05327,0.96934,-0.75,1.13,0.16,0.30883,-0.2166,0.01583,0.92599,-0.75,1.12,0.18,0.479,-0.18366,0.047,0.8571,-0.76,1.1,0.19,0.479,-0.18366,0.047,0.8571,-0.7,1.08,0.1,-0.33231,-0.18117,-0.13812,0.91524,-0.71,1.12,0.14,-0.12135,-0.17997,-0.11995,0.96876,-0.72,1.13,0.17,0.40773,-0.21983,-0.01979,0.88602,-0.73,1.11,0.19,0.66918,-0.19723,-0.02087,0.71614,-0.74,1.09,0.19,0.66918,-0.19723,-0.02087,0.71614,-0.68,1.08,0.1,-0.33231,-0.18117,-0.13812,0.91524,-0.69,1.11,0.14,-0.17041,-0.15858,-0.18529,0.95471,-0.7,1.13,0.18,0.43947,-0.26184,-0.09005,0.85452,-0.72,1.11,0.19,0.72855,-0.29152,-0.01744,0.61962,-0.73,1.09,0.18,0.72855,-0.29152,-0.01744,0.61962,-0.68,1.07,0.11,-0.24804,-0.11826,-0.36652,0.88891,-0.68,1.1,0.15,-0.28066,-0.1202,-0.27603,0.91137,-0.68,1.11,0.17,0.32894,-0.27332,-0.22862,0.87454,-0.69,1.11,0.18,0.6521,-0.38291,-0.10659,0.64559,-0.71,1.09,0.18,0.6521,-0.38291,-0.10659,0.64559,-0.81,1.08,0.19
-0.79,1.45,-0.15,-0.79,1.45,-0.15,-0.85,1.09,0.11,0.29344,-0.07274,-0.1715,-0.93765,-0.86,1.06,0.06,0.29344,-0.07274,-0.1715,-0.93765,-0.82,1.07,0.09,0.42193,-0.17879,0.49021,-0.74142,-0.8,1.09,0.11,0.17726,-0.0216,0.44282,-0.87865,-0.79,1.09,0.14,0.07497,-0.01362,0.52046,-0.85048,-0.79,1.1,0.16,0.07497,-0.01362,0.52046,-0.85048,-0.83,1.07,0.09,0.29344,-0.07274,-0.1715,-0.93765,-0.83,1.11,0.13,-6e-05,-0.14204,-0.08333,-0.98635,-0.82,1.11,0.17,-0.34741,-0.16436,-0.05422,-0.9216,-0.81,1.1,0.19,-0.4881,-0.14335,-0.03605,-0.86018,-0.8,1.08,0.2,-0.4881,-0.14335,-0.03605,-0.86018,-0.85,1.07,0.09,0.29344,-0.07274,-0.1715,-0.93765,-0.85,1.11,0.14,0.08634,-0.09173,-0.16881,-0.97756,-0.84,1.12,0.18,-0.32355,-0.15466,-0.12883,-0.92455,-0.83,1.1,0.2,-0.51283,-0.16477,-0.15502,-0.82815,-0.82,1.08,0.21,-0.51283,-0.16477,-0.15502,-0.82815,-0.87,1.07,0.09,0.29344,-0.07274,-0.1715,-0.93765,-0.87,1.1,0.14,0.17388,-0.05093,-0.23276,-0.95551,-0.87,1.11,0.17,-0.29925,-0.17505,-0.21783,-0.91233,-0.85,1.1,0.19,-0.53095,-0.24903,-0.18679,-0.78816,-0.84,1.08,0.2,-0.53095,-0.24903,-0.18679,-0.78816,-0.87,1.06,0.1,0.22777,-0.00272,-0.39999,-0.88776,-0.88,1.08,0.14,0.21532,-0.02767,-0.30793,-0.92631,-0.88,1.09,0.16,-0.23792,-0.16186,-0.33394,-0.8976,-0.87,1.09,0.18,-0.4612,-0.29053,-0.2853,-0.78835,-0.86,1.07,0.19,-0.4612,-0.29053,-0.2853,-0.78835,-0.7,1.1,0.11,-0.36136,-0.19054,-0.14308,0.90147,-0.68,1.06,0.07,-0.36136,-0.19054,-0.14308,0.90147,-0.72,1.07,0.09,-0.48171,-0.18372,0.55093,0.65626,-0.75,1.09,0.1,-0.31745,-0.05149,0.50011,0.80403,-0.76,1.1,0.13,-0.23838,-0.03616,0.58221,0.77647,-0.77,1.11,0.15,-0.23838,-0.03616,0.58221,0.77647,-0.71,1.08,0.09,-0.36136,-0.19054,-0.14308,0.90147,-0.73,1.12,0.12,-0.11103,-0.20417,-0.05453,0.97109,-0.74,1.13,0.16,0.34778,-0.21456,0.02029,0.91247,-0.75,1.12,0.17,0.52094,-0.18015,0.05362,0.83265,-0.76,1.1,0.18,0.52094,-0.18015,0.05362,0.83265,-0.7,1.08,0.09,-0.36136,-0.19054,-0.14308,0.90147,-0.71,1.12,0.13,-0.09749,-0.19807,-0.11197,0.96888,-0.72,1.13,0.17,0.42022,-0.2307,-0.00567,0.87759,-0.73,1.11,0.18,0.6657,-0.20347,-0.00625,0.71792,-0.74,1.09,0.18,0.6657,-0.20347,-0.00625,0.71792,-0.68,1.08,0.1,-0.36136,-0.19054,-0.14308,0.90147,-0.69,1.11,0.14,-0.15382,-0.18152,-0.18009,0.95444,-0.7,1.13,0.17,0.43981,-0.27531,-0.07658,0.85142,-0.72,1.11,0.18,0.72166,-0.29947,-0.00252,0.62411,-0.73,1.09,0.18,0.72166,-0.29947,-0.00252,0.62411,-0.68,1.07,0.1,-0.27377,-0.13537,-0.37237,0.87639,-0.68,1.1,0.14,-0.27319,-0.14649,-0.27836,0.90908,-0.68,1.12,0.17,0.35526,-0.29952,-0.20888,0.8605,-0.69,1.11,0.18,0.66864,-0.39774,-0.0803,0.62312,-0.71,1.09,0.17,0.66864,-0.39774,-0.0803,0.62312,-0.81,1.08,0.19
-0.79,1.45,-0.15,-0.79,1.45,-0.15,-0.85,1.09,0.12,0.25878,-0.08941,-0.17935,-0.94492,-0.86,1.06,0.06,0.25878,-0.08941,-0.17935,-0.94492,-0.82,1.07,0.09,0.43269,-0.22411,0.44867,-0.74917,-0.8,1.08,0.1,0.17942,-0.0777,0.41642,-0.8879,-0.79,1.09,0.13,0.09437,-0.07889,0.50014,-0.85716,-0.78,1.1,0.16,0.09437,-0.07889,0.50014,-0.85716,-0.83,1.07,0.09,0.25878,-0.08941,-0.17935,-0.94492,-0.82,1.11,0.14,0.05714,-0.1749,-0.09336,-0.97848,-0.81,1.11,0.17,-0.2354,-0.19661,-0.06386,-0.94966,-0.8,1.1,0.19,-0.38465,-0.17805,-0.04325,-0.90469,-0.8,1.09,0.21,-0.38465,-0.17805,-0.04325,-0.90469,-0.85,1.07,0.09,0.25878,-0.08941,-0.17935,-0.94492,-0.85,1.1,0.14,0.14354,-0.09098,-0.18296,-0.96832,-0.84,1.12,0.18,-0.23844,-0.15607,-0.14671,-0.94724,-0.83,1.11,0.2,-0.43972,-0.17612,-0.17234,-0.86367,-0.82,1.09,0.22,-0.43972,-0.17612,-0.17234,-0.86367,-0.86,1.06,0.1,0.25878,-0.08941,-0.17935,-0.94492,-0.86,1.09,0.14,0.2301,-0.03891,-0.24394,-0.94129,-0.86,1.11,0.18,-0.22271,-0.1671,-0.23517,-0.93122,-0.85,1.1,0.2,-0.46652,-0.24888,-0.20264,-0.82423,-0.84,1.08,0.21,-0.46652,-0.24888,-0.20264,-0.82423,-0.87,1.06,0.1,0.18953,-0.0108,-0.40393,-0.89488,-0.88,1.08,0.14,0.25205,-0.00599,-0.31191,-0.91605,-0.88,1.09,0.17,-0.17364,-0.13788,-0.35014,-0.91008,-0.87,1.08,0.18,-0.40953,-0.27498,-0.30237,-0.81563,-0.86,1.07,0.2,-0.40953,-0.27498,-0.30237,-0.81563,-0.7,1.1,0.11,-0.36547,-0.19441,-0.14418,0.8988,-0.68,1.06,0.07,-0.36547,-0.19441,-0.14418,0.8988,-0.72,1.07,0.09,-0.46557,-0.18285,0.57167,0.65039,-0.75,1.08,0.11,-0.30755,-0.04678,0.52078,0.795,-0.76,1.1,0.13,-0.22947,-0.03179,0.60122,0.76477,-0.77,1.11,0.15,-0.22947,-0.03179,0.60122,0.76477,-0.71,1.08,0.09,-0.36547,-0.19441,-0.14418,0.8988,-0.73,1.12,0.12,-0.05208,-0.21209,-0.03788,0.97513,-0.74,1.13,0.16,0.39909,-0.2127,0.03751,0.89111,-0.75,1.11,0.17,0.56484,-0.17472,0.07121,0.80334,-0.76,1.09,0.18,0.56484,-0.17472,0.07121,0.80334,-0.7,1.08,0.09,-0.36547,-0.19441,-0.14418,0.8988,-0.71,1.12,0.13,-0.08156,-0.20576,-0.10674,0.96934,-0.72,1.13,0.17,0.39645,-0.2343,-0.00724,0.88762,-0.74,1.11,0.18,0.62726,-0.21044,-0.01053,0.74976,-0.74,1.09,0.19,0.62726,-0.21044,-0.01053,0.74976,-0.68,1.08,0.1,-0.36547,-0.19441,-0.14418,0.8988,-0.69,1.11,0.14,-0.14931,-0.1877,-0.17862,0.95424,-0.7,1.13,0.17,0.41259,-0.27684,-0.08115,0.86403,-0.72,1.11,0.18,0.69049,-0.30419,-0.00958,0.65621,-0.73,1.09,0.18,0.69049,-0.30419,-0.00958,0.65621,-0.67,1.07,0.1,-0.27685,-0.14036,-0.37339,0.87421,-0.68,1.1,0.14,-0.26635,-0.15163,-0.2791,0.91004,-0.68,1.11,0.16,0.36285,-0.30369,-0.20598,0.85655,-0.69,1.11,0.18,0.67192,-0.40002,-0.07753,0.61847,-0.71,1.09,0.17,0.67192,-0.40002,-0.07753,0.61847,-0.81,1.08,0.19
-0.79,1.45,-0.15,-0.79,1.45,-0.15,-0.84,1.08,0.12,0.21465,-0.11131,-0.17093,-0.95515,-0.86,1.06,0.06,0.21465,-0.11131,-0.17093,-0.95515,-0.82,1.07,0.08,0.43036,-0.27016,0.41668,-0.75378,-0.8,1.08,0.1,0.169,-0.12996,0.40043,-0.89118,-0.78,1.09,0.13,0.08629,-0.13157,0.48814,-0.85847,-0.78,1.09,0.15,0.08629,-0.13157,0.48814,-0.85847,-0.83,1.07,0.09,0.21465,-0.11131,-0.17093,-0.95515,-0.82,1.1,0.14,0.00787,-0.21068,-0.07535,-0.97462,-0.81,1.1,0.17,-0.27982,-0.22416,-0.03673,-0.93279,-0.79,1.09,0.19,-0.43191,-0.20082,-0.00932,-0.87923,-0.79,1.07,0.2,-0.43191,-0.20082,-0.00932,-0.87923,-0.85,1.07,0.09,0.21465,-0.11131,-0.17093,-0.95515,-0.84,1.1,0.14,0.15466,-0.09407,-0.17935,-0.96699,-0.84,1.11,0.18,-0.23409,-0.15865,-0.14112,-0.94875,-0.83,1.1,0.2,-0.45229,-0.18001,-0.16465,-0.85786,-0.82,1.08,0.22,-0.45229,-0.18001,-0.16465,-0.85786,-0.86,1.06,0.09,0.21465,-0.11131,-0.17093,-0.95515,-0.86,1.09,0.14,0.25233,-0.03639,-0.23734,-0.93738,-0.86,1.1,0.18,-0.20512,-0.16367,-0.2294,-0.93729,-0.85,1.1,0.2,-0.46154,-0.2464,-0.19547,-0.82949,-0.84,1.08,0.21,-0.46154,-0.2464,-0.19547,-0.82949,-0.87,1.06,0.1,0.14326,-0.02127,-0.3913,-0.90879,-0.87,1.07,0.14,0.25315,0.00179,-0.29909,-0.92003,-0.88,1.08,0.17,-0.16016,-0.1205,-0.34344,-0.91754,-0.87,1.08,0.18,-0.40978,-0.26034,-0.29746,-0.82209,-0.86,1.07,0.2,-0.40978,-0.26034,-0.29746,-0.82209,-0.7,1.1,0.11,-0.35746,-0.19447,-0.14166,0.90241,-0.68,1.06,0.07,-0.35746,-0.19447,-0.14166,0.90241,-0.72,1.07,0.09,-0.45595,-0.19,0.57645,0.65093,-0.75,1.08,0.11,-0.30209,-0.05475,0.52693,0.79252,-0.76,1.1,0.13,-0.23211,-0.04546,0.60756,0.75824,-0.77,1.1,0.15,-0.23211,-0.04546,0.60756,0.75824,-0.71,1.08,0.09,-0.35746,-0.19447,-0.14166,0.90241,-0.73,1.12,0.12,-0.03453,-0.21857,-0.02741,0.97483,-0.74,1.12,0.16,0.39551,-0.21431,0.04499,0.89197,-0.75,1.11,0.17,0.55433,-0.1755,0.07708,0.80993,-0.76,1.09,0.18,0.55433,-0.1755,0.07708,0.80993,-0.7,1.07,0.09,-0.35746,-0.19447,-0.14166,0.90241,-0.71,1.12,0.13,-0.07361,-0.20882,-0.10124,0.96991,-0.72,1.13,0.17,0.38056,-0.23416,-0.00702,0.89459,-0.74,1.11,0.18,0.60223,-0.21209,-0.01267,0.76953,-0.74,1.09,0.19,0.60223,-0.21209,-0.01267,0.76953,-0.68,1.07,0.1,-0.35746,-0.19447,-0.14166,0.90241,-0.69,1.11,0.14,-0.14314,-0.18716,-0.17572,0.95583,-0.7,1.12,0.17,0.40299,-0.27326,-0.08377,0.86943,-0.72,1.11,0.18,0.67567,-0.30251,-0.01587,0.67209,-0.73,1.08,0.18,0.67567,-0.30251,-0.01587,0.67209,-0.67,1.07,0.1,-0.26937,-0.13821,-0.37057,0.87808,-0.68,1.1,0.14,-0.25872,-0.14703,-0.27729,0.91354,-0.68,1.11,0.17,0.36906,-0.29795,-0.20805,0.85541,-0.69,1.1,0.18,0.6758,-0.3955,-0.08276,0.61646,-0.71,1.09,0.17,0.6758,-0.3955,-0.08276,0.61646,-0.81,1.08,0.19
-0.79,1.45,-0.15,-0.79,1.45,-0.15,-0.85,1.08,0.12,0.19019,-0.11367,-0.15702,-0.96242,-0.86,1.06,0.06,0.19019,-0.11367,-0.15702,-0.96242,-0.82,1.07,0.08,0.41501,-0.28326,0.4152,-0.75838,-0.8,1.08,0.1,0.15282,-0.14182,0.40316,-0.89107,-0.78,1.09,0.13,0.06414,-0.14055,0.49146,-0.85709,-0.78,1.09,0.15,0.06414,-0.14055,0.49146,-0.85709,-0.83,1.07,0.09,0.19019,-0.11367,-0.15702,-0.96242,-0.82,1.1,0.14,-0.03132,-0.21347,-0.05915,-0.97465,-0.81,1.09,0.17,-0.3291,-0.22138,-0.01761,-0.91781,-0.8,1.08,0.19,-0.49284,-0.19444,0.01429,-0.848,-0.79,1.06,0.2,-0.49284,-0.19444,0.01429,-0.848,-0.85,1.07,0.09,0.19019,-0.11367,-0.15702,-0.96242,-0.84,1.09,0.14,0.13598,-0.08171,-0.16785,-0.97296,-0.84,1.11,0.18,-0.27779,-0.14599,-0.13174,-0.9403,-0.83,1.09,0.2,-0.50868,-0.16478,-0.15668,-0.83039,-0.82,1.07,0.22,-0.50868,-0.16478,-0.15668,-0.83039,-0.87,1.06,0.1,0.19019,-0.11367,-0.15702,-0.96242,-0.86,1.08,0.14,0.24043,-0.02437,-0.22327,-0.94433,-0.86,1.1,0.18,-0.23891,-0.15083,-0.22012,-0.93366,-0.85,1.09,0.2,-0.50281,-0.23255,-0.18917,-0.81075,-0.84,1.07,0.21,-0.50281,-0.23255,-0.18917,-0.81075,-0.87,1.06,0.1,0.12092,-0.01722,-0.37587,-0.91859,-0.87,1.07,0.14,0.24,0.01645,-0.28258,-0.92859,-0.88,1.08,0.17,-0.1748,-0.09942,-0.33487,-0.92056,-0.87,1.08,0.19,-0.43007,-0.23951,-0.29504,-0.81892,-0.86,1.06,0.2,-0.43007,-0.23951,-0.29504,-0.81892,-0.7,1.1,0.11,-0.36269,-0.19389,-0.14533,0.89986,-0.68,1.06,0.07,-0.36269,-0.19389,-0.14533,0.89986,-0.72,1.07,0.09,-0.45957,-0.18831,0.57453,0.65058,-0.75,1.08,0.11,-0.30573,-0.05388,0.52452,0.79278,-0.76,1.1,0.13,-0.2374,-0.0457,0.60538,0.75833,-0.77,1.11,0.15,-0.2374,-0.0457,0.60538,0.75833,-0.71,1.08,0.09,-0.36269,-0.19389,-0.14533,0.89986,-0.73,1.12,0.12,-0.06688,-0.22203,-0.03481,0.97212,-0.74,1.13,0.16,0.33967,-0.22246,0.03373,0.91323,-0.75,1.11,0.17,0.49593,-0.18654,0.06399,0.84567,-0.76,1.09,0.18,0.49593,-0.18654,0.06399,0.84567,-0.7,1.07,0.09,-0.36269,-0.19389,-0.14533,0.89986,-0.71,1.12,0.13,-0.08188,-0.21185,-0.10358,0.96834,-0.72,1.13,0.17,0.36322,-0.23795,-0.01013,0.90075,-0.74,1.11,0.18,0.58117,-0.21804,-0.01605,0.78387,-0.74,1.09,0.19,0.58117,-0.21804,-0.01605,0.78387,-0.68,1.07,0.1,-0.36269,-0.19389,-0.14533,0.89986,-0.69,1.11,0.14,-0.14886,-0.18801,-0.17949,0.95409,-0.7,1.12,0.17,0.39075,-0.27564,-0.0882,0.87382,-0.72,1.11,0.18,0.66112,-0.30681,-0.02056,0.68437,-0.73,1.09,0.18,0.66112,-0.30681,-0.02056,0.68437,-0.67,1.07,0.1,-0.27409,-0.13916,-0.37434,0.87486,-0.68,1.1,0.14,-0.26448,-0.14463,-0.28221,0.91076,-0.68,1.11,0.17,0.35758,-0.29842,-0.21473,0.85847,-0.69,1.1,0.18,0.6613,-0.39831,-0.091,0.62908,-0.71,1.09,0.17,0.6613,-0.39831,-0.091,0.62908,-0.81,1.08,0.19
-0.79,1.45,-0.16,-0.79,1.45,-0.16,-0.85,1.08,0.12,0.18886,-0.10969,-0.15682,-0.96318,-0.86,1.06,0.06,0.18886,-0.10969,-0.15682,-0.96318,-0.82,1.07,0.09,0.4119,-0.27786,0.41628,-0.76148,-0.8,1.08,0.1,0.15993,-0.14091,0.4,-0.89138,-0.79,1.09,0.13,0.06447,-0.13561,0.48917,-0.85917,-0.78,1.09,0.15,0.06447,-0.13561,0.48917,-0.85917,-0.83,1.07,0.09,0.18886,-0.10969,-0.15682,-0.96318,-0.82,1.1,0.14,-0.05836,-0.20691,-0.05578,-0.97502,-0.81,1.09,0.17,-0.38042,-0.2138,-0.01031,-0.8997,-0.8,1.08,0.19,-0.55276,-0.18503,0.02481,-0.81216,-0.79,1.06,0.2,-0.55276,-0.18503,0.02481,-0.81216,-0.85,1.07,0.09,0.18886,-0.10969,-0.15682,-0.96318,-0.84,1.1,0.15,0.12354,-0.0661,-0.16965,-0.97549,-0.84,1.11,0.19,-0.32073,-0.13686,-0.13547,-0.92739,-0.83,1.09,0.21,-0.55864,-0.15551,-0.16097,-0.79864,-0.82,1.07,0.22,-0.55864,-0.15551,-0.16097,-0.79864,-0.87,1.06,0.1,0.18886,-0.10969,-0.15682,-0.96318,-0.86,1.08,0.15,0.23084,-0.00789,-0.22327,-0.947,-0.87,1.1,0.18,-0.27234,-0.14181,-0.22514,-0.92468,-0.85,1.09,0.2,-0.53666,-0.22552,-0.19646,-0.78901,-0.84,1.07,0.21,-0.53666,-0.22552,-0.19646,-0.78901,-0.87,1.06,0.1,0.12047,-0.01298,-0.37571,-0.91878,-0.88,1.07,0.14,0.23196,0.02817,-0.2822,-0.93047,-0.88,1.08,0.17,-0.1885,-0.09035,-0.33903,-0.91726,-0.88,1.08,0.19,-0.44065,-0.23157,-0.3027,-0.81276,-0.86,1.07,0.2,-0.44065,-0.23157,-0.3027,-0.81276,-0.7,1.1,0.11,-0.37526,-0.2054,-0.14461,0.89223,-0.68,1.06,0.07,-0.37526,-0.2054,-0.14461,0.89223,-0.72,1.07,0.09,-0.47678,-0.19126,0.57201,0.63945,-0.75,1.08,0.1,-0.31967,-0.05581,0.52355,0.78778,-0.76,1.1,0.13,-0.24792,-0.04333,0.6048,0.75557,-0.77,1.11,0.15,-0.24792,-0.04333,0.6048,0.75557,-0.71,1.08,0.09,-0.37526,-0.2054,-0.14461,0.89223,-0.73,1.12,0.12,-0.1117,-0.23237,-0.03788,0.96545,-0.75,1.13,0.15,0.28637,-0.23463,0.03296,0.92836,-0.76,1.12,0.17,0.44132,-0.19953,0.06261,0.87264,-0.76,1.1,0.18,0.44132,-0.19953,0.06261,0.87264,-0.7,1.08,0.09,-0.37526,-0.2054,-0.14461,0.89223,-0.71,1.12,0.13,-0.09955,-0.22331,-0.10008,0.96447,-0.73,1.13,0.16,0.34596,-0.24685,-0.00176,0.90519,-0.74,1.12,0.18,0.56573,-0.22589,-0.00602,0.79302,-0.75,1.1,0.19,0.56573,-0.22589,-0.00602,0.79302,-0.68,1.08,0.1,-0.37526,-0.2054,-0.14461,0.89223,-0.69,1.11,0.13,-0.16155,-0.19976,-0.177,0.95009,-0.7,1.13,0.17,0.37803,-0.28466,-0.07956,0.87734,-0.72,1.11,0.18,0.65016,-0.31284,-0.00933,0.69234,-0.73,1.09,0.18,0.65016,-0.31284,-0.00933,0.69234,-0.67,1.07,0.1,-0.28411,-0.15395,-0.37362,0.86948,-0.68,1.1,0.14,-0.27884,-0.15486,-0.28253,0.90468,-0.68,1.12,0.16,0.33908,-0.30702,-0.20974,0.86416,-0.69,1.11,0.18,0.64282,-0.40407,-0.08443,0.64528,-0.71,1.09,0.17,0.64282,-0.40407,-0.08443,0.64528,-0.81,1.08,0.19
-0.79,1.45,-0.15,-0.79,1.45,-0.15,-0.85,1.09,0.12,0.22085,-0.10456,-0.16959,-0.95474,-0.86,1.06,0.06,0.22085,-0.10456,-0.16959,-0.95474,-0.82,1.07,0.09,0.43566,-0.25119,0.41497,-0.75822,-0.8,1.09,0.1,0.19829,-0.12378,0.38746,-0.89176,-0.79,1.1,0.13,0.09612,-0.11378,0.47743,-0.86596,-0.78,1.1,0.15,0.09612,-0.11378,0.47743,-0.86596,-0.84,1.08,0.09,0.22085,-0.10456,-0.16959,-0.95474,-0.83,1.11,0.14,-0.03657,-0.19108,-0.0716,-0.97828,-0.81,1.1,0.17,-0.37097,-0.20497,-0.0281,-0.90531,-0.8,1.09,0.19,-0.54343,-0.17987,0.005,-0.81995,-0.8,1.07,0.2,-0.54343,-0.17987,0.005,-0.81995,-0.85,1.07,0.09,0.22085,-0.10456,-0.16959,-0.95474,-0.85,1.1,0.14,0.10252,-0.06707,-0.182,-0.97564,-0.84,1.11,0.18,-0.35659,-0.14558,-0.14351,-0.91162,-0.83,1.1,0.2,-0.59077,-0.16357,-0.16562,-0.77253,-0.82,1.08,0.21,-0.59077,-0.16357,-0.16562,-0.77253,-0.87,1.07,0.1,0.22085,-0.10456,-0.16959,-0.95474,-0.86,1.09,0.14,0.20617,-0.01246,-0.23816,-0.94901,-0.87,1.11,0.18,-0.30496,-0.1548,-0.23465,-0.90993,-0.86,1.09,0.2,-0.56205,-0.23951,-0.2025,-0.76533,-0.84,1.08,0.21,-0.56205,-0.23951,-0.2025,-0.76533,-0.88,1.06,0.1,0.15086,-0.01606,-0.39092,-0.90784,-0.88,1.08,0.14,0.2292,0.01711,-0.3005,-0.92568,-0.88,1.09,0.17,-0.19723,-0.11062,-0.34993,-0.90907,-0.88,1.08,0.19,-0.43388,-0.24954,-0.31055,-0.80811,-0.86,1.07,0.2,-0.43388,-0.24954,-0.31055,-0.80811,-0.71,1.09,0.11,-0.32415,-0.2164,-0.09749,0.91575,-0.68,1.06,0.07,-0.32415,-0.2164,-0.09749,0.91575,-0.72,1.07,0.09,-0.42995,-0.24544,0.60577,0.62285,-0.75,1.07,0.11,-0.26999,-0.09271,0.57384,0.76761,-0.77,1.08,0.13,-0.19692,-0.07742,0.65256,0.7276,-0.78,1.09,0.15,-0.19692,-0.07742,0.65256,0.7276,-0.71,1.07,0.09,-0.32415,-0.2164,-0.09749,0.91575,-0.74,1.11,0.13,-0.00844,-0.23991,0.03086,0.97027,-0.75,1.11,0.16,0.38906,-0.21103,0.09985,0.89114,-0.76,1.09,0.17,0.53502,-0.16404,0.12771,0.81886,-0.76,1.07,0.18,0.53502,-0.16404,0.12771,0.81886,-0.7,1.07,0.09,-0.32415,-0.2164,-0.09749,0.91575,-0.72,1.11,0.13,-0.07681,-0.21486,-0.06002,0.97177,-0.73,1.12,0.17,0.37489,-0.22087,0.03146,0.89983,-0.74,1.1,0.19,0.59222,-0.19078,0.02025,0.7826,-0.75,1.08,0.19,0.59222,-0.19078,0.02025,0.7826,-0.68,1.07,0.1,-0.32415,-0.2164,-0.09749,0.91575,-0.7,1.11,0.14,-0.15121,-0.185,-0.13874,0.96107,-0.71,1.12,0.17,0.38899,-0.25127,-0.05676,0.88449,-0.72,1.1,0.19,0.65911,-0.27406,-0.00049,0.70033,-0.73,1.08,0.19,0.65911,-0.27406,-0.00049,0.70033,-0.68,1.07,0.11,-0.23854,-0.14986,-0.32549,0.9026,-0.68,1.09,0.14,-0.24855,-0.14351,-0.23629,0.92833,-0.69,1.11,0.17,0.35532,-0.26348,-0.1868,0.87717,-0.7,1.1,0.18,0.65555,-0.355,-0.08538,0.66102,-0.71,1.08,0.18,0.65555,-0.355,-0.08538,0.66102,-0.81,1.08,0.19
-0.79,1.45,-0.15,-0.79,1.45,-0.15,-0.85,1.09,0.12,0.24057,-0.0996,-0.18436,-0.94774,-0.86,1.06,0.06,0.24057,-0.0996,-0.18436,-0.94774,-0.83,1.08,0.09,0.4499,-0.23262,0.40996,-0.75856,-0.8,1.09,0.1,0.21545,-0.10966,0.3763,-0.8944,-0.79,1.1,0.13,0.10605,-0.09645,0.46622,-0.87298,-0.78,1.11,0.15,0.10605,-0.09645,0.46622,-0.87298,-0.84,1.08,0.09,0.24057,-0.0996,-0.18436,-0.94774,-0.83,1.11,0.14,-0.02129,-0.17408,-0.09367,-0.98003,-0.82,1.11,0.17,-0.35595,-0.19682,-0.0548,-0.9119,-0.81,1.09,0.19,-0.52155,-0.17679,-0.0253,-0.83432,-0.8,1.08,0.2,-0.52155,-0.17679,-0.0253,-0.83432,-0.85,1.07,0.09,0.24057,-0.0996,-0.18436,-0.94774,-0.85,1.11,0.14,0.08037,-0.07166,-0.19556,-0.97476,-0.85,1.12,0.18,-0.39114,-0.15815,-0.15085,-0.894,-0.83,1.1,0.2,-0.62019,-0.17507,-0.16857,-0.74585,-0.82,1.08,0.21,-0.62019,-0.17507,-0.16857,-0.74585,-0.87,1.07,0.1,0.24057,-0.0996,-0.18436,-0.94774,-0.87,1.1,0.14,0.17872,-0.02067,-0.2535,-0.95046,-0.87,1.11,0.18,-0.34027,-0.17142,-0.24227,-0.89227,-0.86,1.09,0.2,-0.5895,-0.25627,-0.20567,-0.73791,-0.84,1.08,0.2,-0.5895,-0.25627,-0.20567,-0.73791,-0.88,1.06,0.1,0.16903,-0.01659,-0.40662,-0.89767,-0.88,1.08,0.14,0.21992,0.00432,-0.31805,-0.9222,-0.89,1.09,0.17,-0.21287,-0.13197,-0.35902,-0.8991,-0.88,1.09,0.19,-0.43504,-0.26831,-0.31687,-0.79896,-0.86,1.07,0.2,-0.43504,-0.26831,-0.31687,-0.79896,-0.71,1.09,0.12,-0.304,-0.20743,-0.09062,0.92539,-0.68,1.06,0.07,-0.304,-0.20743,-0.09062,0.92539,-0.72,1.06,0.09,-0.41053,-0.25923,0.60754,0.62862,-0.75,1.07,0.11,-0.24761,-0.10279,0.57964,0.76951,-0.77,1.08,0.14,-0.17758,-0.09119,0.65776,0.72629,-0.77,1.08,0.16,-0.17758,-0.09119,0.65776,0.72629,-0.71,1.07,0.09,-0.304,-0.20743,-0.09062,0.92539,-0.74,1.11,0.13,0.02247,-0.23867,0.04317,0.96988,-0.75,1.11,0.16,0.42144,-0.20361,0.1115,0.87664,-0.76,1.09,0.18,0.56746,-0.154,0.13964,0.79673,-0.76,1.07,0.18,0.56746,-0.154,0.13964,0.79673,-0.7,1.07,0.1,-0.304,-0.20743,-0.09062,0.92539,-0.72,1.11,0.14,-0.068,-0.2011,-0.05924,0.97541,-0.73,1.12,0.17,0.38346,-0.20817,0.02568,0.89943,-0.74,1.1,0.19,0.59857,-0.17937,0.01144,0.78065,-0.75,1.08,0.2,0.59857,-0.17937,0.01144,0.78065,-0.68,1.07,0.1,-0.304,-0.20743,-0.09062,0.92539,-0.7,1.1,0.14,-0.13979,-0.16741,-0.13635,0.96635,-0.71,1.11,0.18,0.3915,-0.23414,-0.06672,0.88739,-0.72,1.1,0.19,0.65647,-0.26141,-0.01715,0.70741,-0.73,1.08,0.19,0.65647,-0.26141,-0.01715,0.70741,-0.68,1.07,0.11,-0.22168,-0.13553,-0.31818,0.91173,-0.68,1.09,0.15,-0.23101,-0.12399,-0.23026,0.93714,-0.68,1.1,0.17,0.34931,-0.23786,-0.19916,0.88416,-0.7,1.09,0.18,0.63851,-0.33485,-0.11235,0.68378,-0.71,1.08,0.18,0.63851,-0.33485,-0.11235,0.68378,-0.81,1.08,0.19
-0.79,1.45,-0.16,-0.79,1.45,-0.16,-0.86,1.1,0.11,0.30336,-0.07723,-0.21591,-0.92487,-0.86,1.06,0.06,0.30336,-0.07723,-0.21591,-0.92487,-0.83,1.08,0.08,0.48273,-0.17359,0.41121,-0.75349,-0.81,1.1,0.1,0.25095,-0.05491,0.36011,-0.89685,-0.8,1.12,0.13,0.12892,-0.03716,0.44595,-0.88494,-0.79,1.12,0.15,0.12892,-0.03716,0.44595,-0.88494,-0.84,1.09,0.09,0.30336,-0.07723,-0.21591,-0.92487,-0.84,1.12,0.13,0.03721,-0.14329,-0.13698,-0.97945,-0.83,1.13,0.17,-0.28941,-0.18283,-0.10791,-0.93337,-0.82,1.11,0.19,-0.43699,-0.17082,-0.08719,-0.87878,-0.81,1.1,0.2,-0.43699,-0.17082,-0.08719,-0.87878,-0.85,1.08,0.09,0.30336,-0.07723,-0.21591,-0.92487,-0.86,1.12,0.14,0.12585,-0.06021,-0.2328,-0.96247,-0.86,1.13,0.18,-0.36398,-0.17017,-0.18535,-0.89677,-0.84,1.11,0.19,-0.59763,-0.198,-0.19812,-0.75125,-0.83,1.09,0.2,-0.59763,-0.198,-0.19812,-0.75125,-0.87,1.07,0.09,0.30336,-0.07723,-0.21591,-0.92487,-0.87,1.1,0.14,0.21253,-0.01461,-0.29018,-0.93296,-0.88,1.12,0.17,-0.32486,-0.19348,-0.27101,-0.8852,-0.86,1.11,0.19,-0.57472,-0.28663,-0.22506,-0.73273,-0.85,1.09,0.2,-0.57472,-0.28663,-0.22506,-0.73273,-0.88,1.07,0.1,0.23044,-0.01172,-0.44165,-0.86701,-0.89,1.09,0.14,0.25116,-0.00446,-0.35445,-0.9007,-0.89,1.1,0.16,-0.19017,-0.1641,-0.38508,-0.88804,-0.88,1.1,0.18,-0.408,-0.30543,-0.3323,-0.79362,-0.87,1.09,0.19,-0.408,-0.30543,-0.3323,-0.79362,-0.7,1.09,0.12,-0.32548,-0.19151,-0.10936,0.91947,-0.68,1.06,0.07,-0.32548,-0.19151,-0.10936,0.91947,-0.72,1.07,0.09,-0.4319,-0.2338,0.58836,0.64236,-0.75,1.08,0.11,-0.26402,-0.08268,0.55306,0.78587,-0.76,1.09,0.14,-0.19734,-0.07607,0.63234,0.74526,-0.77,1.09,0.16,-0.19734,-0.07607,0.63234,0.74526,-0.71,1.07,0.09,-0.32548,-0.19151,-0.10936,0.91947,-0.73,1.11,0.13,-0.00539,-0.24486,0.03153,0.96903,-0.75,1.11,0.16,0.40357,-0.2138,0.10544,0.88335,-0.76,1.1,0.18,0.56278,-0.16345,0.13751,0.79853,-0.76,1.07,0.18,0.56278,-0.16345,0.13751,0.79853,-0.7,1.07,0.1,-0.32548,-0.19151,-0.10936,0.91947,-0.71,1.11,0.14,-0.09772,-0.18958,-0.08355,0.97341,-0.73,1.12,0.17,0.35701,-0.20928,-0.00089,0.91035,-0.74,1.11,0.19,0.57976,-0.18835,-0.0139,0.7926,-0.74,1.08,0.2,0.57976,-0.18835,-0.0139,0.7926,-0.68,1.07,0.1,-0.32548,-0.19151,-0.10936,0.91947,-0.69,1.11,0.14,-0.16012,-0.15254,-0.16009,0.96201,-0.7,1.12,0.18,0.36209,-0.23382,-0.09633,0.89718,-0.72,1.1,0.19,0.62909,-0.27142,-0.04513,0.72701,-0.73,1.08,0.19,0.62909,-0.27142,-0.04513,0.72701,-0.67,1.07,0.11,-0.24324,-0.12574,-0.3384,0.90028,-0.68,1.09,0.14,-0.24541,-0.09904,-0.25483,0.93007,-0.68,1.11,0.17,0.30704,-0.22629,-0.23822,0.89318,-0.69,1.1,0.18,0.58633,-0.3362,-0.15698,0.7201,-0.7,1.08,0.19,0.58633,-0.3362,-0.15698,0.7201,-0.81,1.08,0.19
-0.79,1.45,-0.16,-0.79,1.45,-0.16,-0.86,1.1,0.11,0.32351,-0.06571,-0.19766,-0.92302,-0.86,1.06,0.06,0.32351,-0.06571,-0.19766,-0.92302,-0.83,1.08,0.08,0.47416,-0.16319,0.44625,-0.74122,-0.81,1.1,0.1,0.24238,-0.03199,0.39263,-0.88661,-0.8,1.11,0.13,0.11867,-0.01109,0.4742,-0.87231,-0.79,1.12,0.15,0.11867,-0.01109,0.4742,-0.87231,-0.84,1.09,0.09,0.32351,-0.06571,-0.19766,-0.92302,-0.84,1.12,0.13,0.05125,-0.12529,-0.12257,-0.98318,-0.83,1.13,0.17,-0.27082,-0.16082,-0.10133,-0.94368,-0.82,1.12,0.19,-0.41405,-0.14755,-0.0858,-0.89411,-0.81,1.1,0.2,-0.41405,-0.14755,-0.0858,-0.89411,-0.85,1.08,0.09,0.32351,-0.06571,-0.19766,-0.92302,-0.86,1.12,0.13,0.16614,-0.04131,-0.21929,-0.96052,-0.86,1.13,0.17,-0.32127,-0.14631,-0.1838,-0.91739,-0.85,1.12,0.19,-0.55731,-0.1772,-0.20429,-0.78503,-0.84,1.1,0.2,-0.55731,-0.1772,-0.20429,-0.78503,-0.87,1.08,0.09,0.32351,-0.06571,-0.19766,-0.92302,-0.87,1.11,0.13,0.24589,-0.00032,-0.27483,-0.92952,-0.88,1.12,0.17,-0.28981,-0.17311,-0.26607,-0.90291,-0.87,1.11,0.19,-0.54594,-0.26678,-0.22603,-0.76137,-0.85,1.1,0.2,-0.54594,-0.26678,-0.22603,-0.76137,-0.88,1.07,0.1,0.25492,-0.00467,-0.42664,-0.86774,-0.89,1.09,0.13,0.25681,-0.00432,-0.33921,-0.90497,-0.89,1.1,0.16,-0.18419,-0.1564,-0.37235,-0.89608,-0.88,1.1,0.18,-0.40343,-0.2943,-0.3224,-0.80417,-0.87,1.09,0.19,-0.40343,-0.2943,-0.3224,-0.80417,-0.7,1.09,0.12,-0.31656,-0.18443,-0.10082,0.92499,-0.68,1.06,0.07,-0.31656,-0.18443,-0.10082,0.92499,-0.72,1.07,0.09,-0.43328,-0.23426,0.58115,0.6478,-0.75,1.08,0.11,-0.26333,-0.08459,0.54577,0.79097,-0.76,1.09,0.14,-0.19827,-0.07973,0.62555,0.75035,-0.77,1.09,0.16,-0.19827,-0.07973,0.62555,0.75035,-0.71,1.07,0.09,-0.31656,-0.18443,-0.10082,0.92499,-0.73,1.11,0.13,0.00862,-0.24569,0.04552,0.96824,-0.75,1.11,0.16,0.41883,-0.20801,0.11913,0.87585,-0.76,1.09,0.18,0.57921,-0.15455,0.15106,0.78601,-0.76,1.07,0.18,0.57921,-0.15455,0.15106,0.78601,-0.7,1.07,0.1,-0.31656,-0.18443,-0.10082,0.92499,-0.71,1.11,0.14,-0.10302,-0.1798,-0.07922,0.97508,-0.73,1.12,0.17,0.34417,-0.19866,-0.00336,0.91765,-0.73,1.11,0.19,0.56766,-0.17962,-0.0193,0.8032,-0.74,1.08,0.2,0.56766,-0.17962,-0.0193,0.8032,-0.68,1.07,0.1,-0.31656,-0.18443,-0.10082,0.92499,-0.69,1.11,0.14,-0.17336,-0.13614,-0.15736,0.96263,-0.7,1.12,0.18,0.33011,-0.21678,-0.10666,0.9125,-0.71,1.11,0.19,0.59297,-0.25941,-0.06229,0.75975,-0.72,1.08,0.2,0.59297,-0.25941,-0.06229,0.75975,-0.67,1.07,0.11,-0.23717,-0.1161,-0.33015,0.90624,-0.68,1.09,0.14,-0.25115,-0.06862,-0.25071,0.93239,-0.68,1.11,0.17,0.26787,-0.19023,-0.25701,0.90885,-0.69,1.1,0.19,0.52905,-0.30421,-0.19416,0.76803,-0.7,1.08,0.19,0.52905,-0.30421,-0.19416,0.76803,-0.81,1.08,0.19
-0.79,1.45,-0.16,-0.79,1.45,-0.16,-0.85,1.1,0.11,0.32247,-0.06418,-0.15871,-0.93097,-0.86,1.06,0.06,0.32247,-0.06418,-0.15871,-0.93097,-0.83,1.08,0.08,0.45551,-0.17207,0.48515,-0.72632,-0.8,1.09,0.1,0.22617,-0.02637,0.43463,-0.87135,-0.8,1.11,0.13,0.10767,-0.00456,0.51352,-0.85129,-0.79,1.11,0.15,0.10767,-0.00456,0.51352,-0.85129,-0.84,1.08,0.08,0.32247,-0.06418,-0.15871,-0.93097,-0.83,1.12,0.13,0.04691,-0.1141,-0.08459,-0.98875,-0.83,1.12,0.17,-0.29326,-0.13912,-0.06664,-0.9435,-0.82,1.11,0.18,-0.44236,-0.12104,-0.05309,-0.88704,-0.81,1.1,0.2,-0.44236,-0.12104,-0.05309,-0.88704,-0.85,1.08,0.09,0.32247,-0.06418,-0.15871,-0.93097,-0.86,1.12,0.13,0.17912,-0.03265,-0.18094,-0.96649,-0.86,1.13,0.17,-0.30194,-0.1185,-0.1559,-0.933,-0.85,1.12,0.19,-0.53213,-0.14313,-0.18627,-0.81342,-0.84,1.1,0.2,-0.53213,-0.14313,-0.18627,-0.81342,-0.87,1.07,0.09,0.32247,-0.06418,-0.15871,-0.93097,-0.87,1.11,0.13,0.24481,0.0009,-0.23583,-0.94045,-0.88,1.12,0.17,-0.28195,-0.1474,-0.23652,-0.91806,-0.87,1.11,0.19,-0.54057,-0.23331,-0.2064,-0.78151,-0.85,1.09,0.2,-0.54057,-0.23331,-0.2064,-0.78151,-0.88,1.07,0.09,0.25955,-0.00114,-0.39046,-0.88327,-0.89,1.09,0.13,0.2393,-0.00943,-0.30211,-0.9227,-0.89,1.1,0.16,-0.20678,-0.14246,-0.33804,-0.90701,-0.88,1.1,0.18,-0.43114,-0.27257,-0.29388,-0.80837,-0.87,1.09,0.19,-0.43114,-0.27257,-0.29388,-0.80837,-0.7,1.09,0.12,-0.29593,-0.17025,-0.10231,0.93433,-0.68,1.06,0.07,-0.29593,-0.17025,-0.10231,0.93433,-0.72,1.07,0.09,-0.43074,-0.23673,0.56,0.66695,-0.75,1.08,0.11,-0.25945,-0.09426,0.52373,0.80592,-0.76,1.09,0.14,-0.20409,-0.09801,0.60479,0.76352,-0.77,1.09,0.16,-0.20409,-0.09801,0.60479,0.76352,-0.71,1.07,0.09,-0.29593,-0.17025,-0.10231,0.93433,-0.73,1.11,0.13,0.03331,-0.23982,0.04275,0.9693,-0.75,1.11,0.17,0.43913,-0.20352,0.11345,0.86768,-0.75,1.09,0.18,0.59877,-0.15086,0.14548,0.77302,-0.75,1.07,0.19,0.59877,-0.15086,0.14548,0.77302,-0.7,1.07,0.1,-0.29593,-0.17025,-0.10231,0.93433,-0.71,1.11,0.14,-0.09096,-0.16638,-0.08426,0.97824,-0.72,1.12,0.18,0.29066,-0.18733,-0.02706,0.93792,-0.73,1.1,0.2,0.48903,-0.17816,-0.04921,0.85246,-0.74,1.09,0.21,0.48903,-0.17816,-0.04921,0.85246,-0.68,1.07,0.1,-0.29593,-0.17025,-0.10231,0.93433,-0.69,1.1,0.14,-0.18498,-0.11355,-0.16423,0.96225,-0.7,1.12,0.18,0.26776,-0.19438,-0.13335,0.9342,-0.71,1.11,0.2,0.51012,-0.24605,-0.09956,0.81813,-0.72,1.09,0.21,0.51012,-0.24605,-0.09956,0.81813,-0.67,1.07,0.11,-0.21975,-0.09683,-0.3309,0.9126,-0.67,1.09,0.15,-0.28469,-0.01708,-0.25261,0.92458,-0.67,1.1,0.17,0.1859,-0.13622,-0.28971,0.92895,-0.68,1.1,0.19,0.426,-0.2561,-0.24646,0.83198,-0.69,1.09,0.2,0.426,-0.2561,-0.24646,0.83198,-0.81,1.08,0.19
-0.79,1.45,-0.16,-0.79,1.45,-0.16,-0.85,1.1,0.11,0.31272,-0.07744,-0.14956,-0.9348,-0.86,1.06,0.05,0.31272,-0.07744,-0.14956,-0.9348,-0.82,1.08,0.08,0.45007,-0.1863,0.49175,-0.72175,-0.8,1.09,0.1,0.22086,-0.03738,0.44577,-0.86667,-0.79,1.1,0.13,0.11026,-0.0187,0.52556,-0.84337,-0.79,1.11,0.15,0.11026,-0.0187,0.52556,-0.84337,-0.84,1.08,0.08,0.31272,-0.07744,-0.14956,-0.9348,-0.83,1.12,0.13,0.03617,-0.12482,-0.0719,-0.98891,-0.82,1.12,0.16,-0.34677,-0.14686,-0.04428,-0.92532,-0.81,1.11,0.18,-0.50925,-0.12542,-0.02535,-0.85105,-0.81,1.09,0.19,-0.50925,-0.12542,-0.02535,-0.85105,-0.85,1.08,0.08,0.31272,-0.07744,-0.14956,-0.9348,-0.85,1.12,0.13,0.1545,-0.05125,-0.16671,-0.97248,-0.85,1.13,0.17,-0.31875,-0.12664,-0.13573,-0.92948,-0.84,1.11,0.19,-0.54029,-0.14368,-0.16532,-0.81247,-0.83,1.09,0.2,-0.54029,-0.14368,-0.16532,-0.81247,-0.87,1.07,0.09,0.31272,-0.07744,-0.14956,-0.9348,-0.87,1.1,0.13,0.20989,-0.02156,-0.22297,-0.95172,-0.87,1.12,0.17,-0.2996,-0.15409,-0.21762,-0.91604,-0.86,1.11,0.19,-0.55178,-0.23259,-0.1881,-0.7785,-0.85,1.09,0.19,-0.55178,-0.23259,-0.1881,-0.7785,-0.88,1.07,0.09,0.24859,-0.01126,-0.38078,-0.89055,-0.88,1.09,0.13,0.21457,-0.02635,-0.29171,-0.93176,-0.89,1.1,0.16,-0.23545,-0.1514,-0.32117,-0.9047,-0.88,1.09,0.18,-0.45867,-0.27641,-0.27663,-0.79793,-0.86,1.08,0.19,-0.45867,-0.27641,-0.27663,-0.79793,-0.7,1.09,0.12,-0.27777,-0.16321,-0.13335,0.93724,-0.68,1.06,0.07,-0.27777,-0.16321,-0.13335,0.93724,-0.72,1.07,0.09,-0.43898,-0.24066,0.51631,0.69484,-0.75,1.08,0.11,-0.26589,-0.11278,0.47832,0.82934,-0.76,1.09,0.13,-0.23667,-0.1347,0.56087,0.78183,-0.77,1.1,0.15,-0.23667,-0.1347,0.56087,0.78183,-0.71,1.07,0.09,-0.27777,-0.16321,-0.13335,0.93724,-0.73,1.11,0.14,0.0215,-0.24155,-0.00059,0.97015,-0.75,1.11,0.17,0.43901,-0.2225,0.07748,0.86704,-0.75,1.09,0.18,0.60897,-0.17518,0.11619,0.76484,-0.76,1.07,0.19,0.60897,-0.17518,0.11619,0.76484,-0.7,1.07,0.1,-0.27777,-0.16321,-0.13335,0.93724,-0.71,1.11,0.14,-0.04072,-0.17444,-0.10726,0.97796,-0.72,1.11,0.18,0.28887,-0.20031,-0.05566,0.93452,-0.73,1.1,0.2,0.45087,-0.19555,-0.07888,0.86733,-0.74,1.08,0.21,0.45087,-0.19555,-0.07888,0.86733,-0.68,1.07,0.1,-0.27777,-0.16321,-0.13335,0.93724,-0.69,1.1,0.14,-0.15912,-0.11123,-0.19291,0.96182,-0.7,1.11,0.18,0.24305,-0.19602,-0.16938,0.93478,-0.71,1.1,0.2,0.45459,-0.25419,-0.14002,0.8421,-0.72,1.09,0.21,0.45459,-0.25419,-0.14002,0.8421,-0.67,1.07,0.11,-0.19923,-0.08641,-0.35912,0.90767,-0.67,1.08,0.15,-0.31534,0.03633,-0.27759,0.90674,-0.67,1.1,0.17,0.13003,-0.09739,-0.33694,0.92741,-0.67,1.1,0.19,0.33945,-0.22193,-0.30664,0.8611,-0.68,1.09,0.2,0.33945,-0.22193,-0.30664,0.8611,-0.81,1.08,0.19
-0.79,1.45,-0.15,-0.79,1.45,-0.15,-0.85,1.09,0.11,0.28698,-0.08912,-0.1527,-0.94148,-0.86,1.06,0.05,0.28698,-0.08912,-0.1527,-0.94148,-0.82,1.07,0.08,0.43685,-0.20818,0.48499,-0.72843,-0.8,1.09,0.1,0.20343,-0.0584,0.44595,-0.86968,-0.79,1.1,0.13,0.09821,-0.0434,0.52735,-0.84284,-0.79,1.1,0.15,0.09821,-0.0434,0.52735,-0.84284,-0.83,1.08,0.08,0.28698,-0.08912,-0.1527,-0.94148,-0.83,1.11,0.13,0.01069,-0.13604,-0.07322,-0.98794,-0.82,1.12,0.17,-0.38624,-0.15778,-0.03848,-0.90799,-0.81,1.1,0.18,-0.55624,-0.13523,-0.01442,-0.81982,-0.8,1.08,0.19,-0.55624,-0.13523,-0.01442,-0.81982,-0.85,1.07,0.08,0.28698,-0.08912,-0.1527,-0.94148,-0.85,1.11,0.13,0.1139,-0.06849,-0.16408,-0.97745,-0.84,1.12,0.17,-0.34821,-0.1389,-0.12681,-0.91835,-0.84,1.11,0.19,-0.56131,-0.15064,-0.1538,-0.79911,-0.83,1.09,0.2,-0.56131,-0.15064,-0.1538,-0.79911,-0.87,1.07,0.09,0.28698,-0.08912,-0.1527,-0.94148,-0.87,1.1,0.13,0.17354,-0.03717,-0.22147,-0.95888,-0.87,1.11,0.17,-0.32152,-0.1623,-0.2114,-0.90862,-0.85,1.1,0.19,-0.56385,-0.23675,-0.18185,-0.77003,-0.84,1.08,0.2,-0.56385,-0.23675,-0.18185,-0.77003,-0.87,1.07,0.09,0.22069,-0.01635,-0.38138,-0.89754,-0.88,1.08,0.13,0.18472,-0.03564,-0.29188,-0.93777,-0.88,1.1,0.16,-0.26134,-0.15603,-0.31751,-0.89808,-0.87,1.09,0.18,-0.47663,-0.27793,-0.27467,-0.78748,-0.86,1.08,0.19,-0.47663,-0.27793,-0.27467,-0.78748,-0.7,1.09,0.12,-0.29294,-0.17856,-0.13991,0.92883,-0.68,1.06,0.07,-0.29294,-0.17856,-0.13991,0.92883,-0.72,1.07,0.09,-0.46232,-0.24347,0.50714,0.68541,-0.75,1.08,0.1,-0.29656,-0.12393,0.46832,0.82303,-0.77,1.09,0.13,-0.27889,-0.14982,0.55129,0.77191,-0.78,1.1,0.15,-0.27889,-0.14982,0.55129,0.77191,-0.71,1.07,0.09,-0.29294,-0.17856,-0.13991,0.92883,-0.73,1.11,0.13,-0.04043,-0.24488,-0.02194,0.96846,-0.75,1.11,0.16,0.38753,-0.23583,0.06132,0.88907,-0.76,1.1,0.18,0.56895,-0.19132,0.10297,0.79315,-0.76,1.08,0.18,0.56895,-0.19132,0.10297,0.79315,-0.7,1.07,0.09,-0.29294,-0.17856,-0.13991,0.92883,-0.71,1.11,0.14,-0.00615,-0.20312,-0.09559,0.97446,-0.73,1.11,0.18,0.29823,-0.22214,-0.04043,0.9274,-0.74,1.1,0.2,0.44105,-0.21353,-0.06272,0.86945,-0.75,1.08,0.21,0.44105,-0.21353,-0.06272,0.86945,-0.68,1.07,0.1,-0.29294,-0.17856,-0.13991,0.92883,-0.69,1.1,0.14,-0.12983,-0.14055,-0.19095,0.96277,-0.7,1.11,0.18,0.24616,-0.21672,-0.16155,0.93077,-0.71,1.1,0.2,0.44008,-0.27038,-0.13168,0.8461,-0.73,1.09,0.21,0.44008,-0.27038,-0.13168,0.8461,-0.67,1.07,0.1,-0.20996,-0.10571,-0.36558,0.90061,-0.68,1.09,0.14,-0.33279,0.03849,-0.28788,0.89716,-0.67,1.1,0.17,0.10574,-0.09992,-0.347,0.92651,-0.67,1.1,0.19,0.29186,-0.21874,-0.31945,0.8746,-0.69,1.09,0.2,0.29186,-0.21874,-0.31945,0.8746,-0.81,1.08,0.19
-0.79,1.45,-0.15,-0.79,1.45,-0.15,-0.85,1.09,0.11,0.27125,-0.0909,-0.15069,-0.94629,-0.86,1.06,0.05,0.27125,-0.0909,-0.15069,-0.94629,-0.82,1.07,0.08,0.42355,-0.21948,0.48616,-0.73218,-0.8,1.09,0.1,0.18643,-0.06629,0.45101,-0.87031,-0.79,1.1,0.13,0.08341,-0.0532,0.53234,-0.84073,-0.78,1.1,0.15,0.08341,-0.0532,0.53234,-0.84073,-0.83,1.08,0.08,0.27125,-0.0909,-0.15069,-0.94629,-0.83,1.11,0.13,-0.00467,-0.13732,-0.0714,-0.98794,-0.82,1.11,0.17,-0.39964,-0.15781,-0.03649,-0.90225,-0.81,1.09,0.18,-0.57238,-0.13489,-0.01129,-0.80874,-0.8,1.07,0.19,-0.57238,-0.13489,-0.01129,-0.80874,-0.85,1.07,0.09,0.27125,-0.0909,-0.15069,-0.94629,-0.85,1.11,0.13,0.09715,-0.07187,-0.16001,-0.97969,-0.84,1.12,0.17,-0.35184,-0.13818,-0.12355,-0.91753,-0.83,1.1,0.19,-0.56106,-0.14851,-0.1511,-0.8002,-0.82,1.08,0.2,-0.56106,-0.14851,-0.1511,-0.8002,-0.87,1.07,0.09,0.27125,-0.0909,-0.15069,-0.94629,-0.86,1.1,0.13,0.15988,-0.03935,-0.21754,-0.96206,-0.86,1.11,0.17,-0.32568,-0.15966,-0.20869,-0.90823,-0.85,1.1,0.19,-0.56418,-0.23274,-0.18092,-0.77124,-0.84,1.08,0.2,-0.56418,-0.23274,-0.18092,-0.77124,-0.87,1.07,0.09,0.20528,-0.01411,-0.37819,-0.90257,-0.88,1.08,0.13,0.17385,-0.03365,-0.28854,-0.94095,-0.88,1.09,0.16,-0.26651,-0.14998,-0.31613,-0.89808,-0.87,1.09,0.18,-0.47977,-0.27114,-0.27577,-0.78756,-0.86,1.07,0.19,-0.47977,-0.27114,-0.27577,-0.78756,-0.7,1.09,0.11,-0.30493,-0.19356,-0.12378,0.92425,-0.68,1.06,0.07,-0.30493,-0.19356,-0.12378,0.92425,-0.72,1.07,0.09,-0.47413,-0.24765,0.51902,0.66671,-0.75,1.08,0.1,-0.3147,-0.12853,0.48122,0.80801,-0.77,1.09,0.13,-0.28819,-0.1462,0.5649,0.75925,-0.78,1.1,0.14,-0.28819,-0.1462,0.5649,0.75925,-0.71,1.07,0.09,-0.30493,-0.19356,-0.12378,0.92425,-0.73,1.11,0.13,-0.05558,-0.24936,-0.00571,0.9668,-0.75,1.12,0.16,0.36968,-0.23356,0.07704,0.89602,-0.76,1.1,0.18,0.55144,-0.18609,0.11705,0.80473,-0.76,1.08,0.18,0.55144,-0.18609,0.11705,0.80473,-0.7,1.07,0.09,-0.30493,-0.19356,-0.12378,0.92425,-0.71,1.11,0.14,-0.00719,-0.2165,-0.07142,0.97364,-0.73,1.11,0.17,0.28746,-0.22725,-0.01564,0.93031,-0.74,1.1,0.19,0.42276,-0.21566,-0.03884,0.87935,-0.75,1.08,0.21,0.42276,-0.21566,-0.03884,0.87935,-0.68,1.07,0.1,-0.30493,-0.19356,-0.12378,0.92425,-0.69,1.1,0.14,-0.1258,-0.15762,-0.1704,0.96452,-0.7,1.11,0.18,0.24062,-0.22311,-0.13855,0.93441,-0.72,1.1,0.2,0.42921,-0.27122,-0.10941,0.85455,-0.73,1.09,0.21,0.42921,-0.27122,-0.10941,0.85455,-0.68,1.07,0.1,-0.22081,-0.12306,-0.35043,0.90183,-0.68,1.09,0.14,-0.34024,0.02542,-0.27702,0.89825,-0.67,1.11,0.17,0.09996,-0.10715,-0.33175,0.93192,-0.68,1.1,0.19,0.27747,-0.21917,-0.30487,0.88432,-0.69,1.1,0.2,0.27747,-0.21917,-0.30487,0.88432,-0.81,1.08,0.19
-0.79,1.45,-0.15,-0.79,1.45,-0.15,-0.85,1.09,0.11,0.26851,-0.08208,-0.15035,-0.94792,-0.86,1.06,0.05,0.26851,-0.08208,-0.15035,-0.94792,-0.82,1.07,0.08,0.41496,-0.2158,0.48936,-0.73605,-0.8,1.09,0.1,0.17495,-0.0596,0.45337,-0.87195,-0.79,1.1,0.13,0.07072,-0.04703,0.53355,-0.84149,-0.79,1.1,0.16,0.07072,-0.04703,0.53355,-0.84149,-0.83,1.08,0.08,0.26851,-0.08208,-0.15035,-0.94792,-0.83,1.11,0.13,0.00095,-0.12969,-0.07423,-0.98877,-0.82,1.11,0.17,-0.36562,-0.15064,-0.04699,-0.91729,-0.81,1.1,0.18,-0.5395,-0.13006,-0.02447,-0.83152,-0.81,1.08,0.19,-0.5395,-0.13006,-0.02447,-0.83152,-0.85,1.07,0.09,0.26851,-0.08208,-0.15035,-0.94792,-0.85,1.11,0.13,0.1005,-0.06275,-0.16119,-0.97979,-0.85,1.12,0.18,-0.32872,-0.12778,-0.13143,-0.92647,-0.84,1.1,0.2,-0.53585,-0.14129,-0.16182,-0.81653,-0.83,1.08,0.21,-0.53585,-0.14129,-0.16182,-0.81653,-0.87,1.07,0.09,0.26851,-0.08208,-0.15035,-0.94792,-0.87,1.1,0.14,0.1694,-0.02826,-0.21819,-0.96068,-0.87,1.11,0.17,-0.30696,-0.14856,-0.21575,-0.91496,-0.86,1.1,0.19,-0.54567,-0.22423,-0.19079,-0.78458,-0.84,1.08,0.2,-0.54567,-0.22423,-0.19079,-0.78458,-0.87,1.07,0.09,0.20448,-0.00477,-0.37798,-0.90294,-0.88,1.08,0.13,0.18355,-0.02077,-0.28848,-0.9395,-0.88,1.09,0.16,-0.25081,-0.13731,-0.32242,-0.90238,-0.87,1.09,0.18,-0.46633,-0.26105,-0.28421,-0.796,-0.86,1.07,0.19,-0.46633,-0.26105,-0.28421,-0.796,-0.71,1.09,0.11,-0.29834,-0.20451,-0.09783,0.92715,-0.68,1.06,0.07,-0.29834,-0.20451,-0.09783,0.92715,-0.72,1.06,0.09,-0.46388,-0.25926,0.5418,0.6512,-0.75,1.07,0.1,-0.3111,-0.13637,0.50706,0.79216,-0.77,1.09,0.13,-0.27307,-0.14506,0.59039,0.74554,-0.78,1.09,0.15,-0.27307,-0.14506,0.59039,0.74554,-0.71,1.07,0.09,-0.29834,-0.20451,-0.09783,0.92715,-0.73,1.11,0.13,0.00586,-0.25687,0.04173,0.96553,-0.75,1.11,0.16,0.41879,-0.21935,0.12128,0.87281,-0.76,1.09,0.17,0.58517,-0.16413,0.15689,0.77848,-0.76,1.07,0.18,0.58517,-0.16413,0.15689,0.77848,-0.7,1.07,0.09,-0.29834,-0.20451,-0.09783,0.92715,-0.71,1.11,0.14,-0.0257,-0.21658,-0.04997,0.97465,-0.73,1.11,0.17,0.27511,-0.22111,0.006,0.93562,-0.74,1.1,0.19,0.41043,-0.2074,-0.01858,0.8878,-0.75,1.08,0.21,0.41043,-0.2074,-0.01858,0.8878,-0.68,1.07,0.1,-0.29834,-0.20451,-0.09783,0.92715,-0.7,1.1,0.14,-0.12823,-0.15945,-0.14547,0.96797,-0.71,1.11,0.18,0.24806,-0.21676,-0.11313,0.93738,-0.72,1.1,0.2,0.43789,-0.2597,-0.08612,0.85638,-0.73,1.09,0.21,0.43789,-0.2597,-0.08612,0.85638,-0.67,1.07,0.11,-0.21575,-0.13141,-0.32478,0.91143,-0.68,1.09,0.14,-0.30868,0.00931,-0.25382,0.91663,-0.67,1.11,0.17,0.16261,-0.11658,-0.30266,0.93186,-0.68,1.1,0.19,0.3444,-0.22365,-0.27657,0.86883,-0.69,1.09,0.2,0.3444,-0.22365,-0.27657,0.86883,-0.81,1.08,0.19
-0.79,1.45,-0.15,-0.79,1.45,-0.15,-0.85,1.09,0.11,0.26667,-0.07942,-0.14558,-0.94941,-0.86,1.06,0.06,0.26667,-0.07942,-0.14558,-0.94941,-0.82,1.08,0.08,0.41121,-0.21824,0.49282,-0.73512,-0.8,1.09,0.1,0.16928,-0.05934,0.45794,-0.8707,-0.79,1.1,0.13,0.0671,-0.04807,0.53772,-0.83907,-0.79,1.1,0.16,0.0671,-0.04807,0.53772,-0.83907,-0.83,1.08,0.09,0.26667,-0.07942,-0.14558,-0.94941,-0.83,1.11,0.13,0.03425,-0.13044,-0.07226,-0.98823,-0.82,1.12,0.17,-0.27242,-0.14814,-0.0548,-0.94913,-0.81,1.1,0.19,-0.43843,-0.12917,-0.03792,-0.88863,-0.81,1.09,0.2,-0.43843,-0.12917,-0.03792,-0.88863,-0.85,1.08,0.09,0.26667,-0.07942,-0.14558,-0.94941,-0.85,1.11,0.14,0.11862,-0.05683,-0.15784,-0.97866,-0.85,1.12,0.18,-0.2898,-0.11815,-0.13368,-0.94031,-0.84,1.11,0.2,-0.49629,-0.13449,-0.16697,-0.84126,-0.83,1.09,0.21,-0.49629,-0.13449,-0.16697,-0.84126,-0.87,1.07,0.09,0.26667,-0.07942,-0.14558,-0.94941,-0.87,1.1,0.14,0.18844,-0.02019,-0.21435,-0.95819,-0.87,1.11,0.17,-0.27968,-0.13834,-0.21703,-0.92495,-0.86,1.1,0.19,-0.52186,-0.21551,-0.19428,-0.80217,-0.85,1.08,0.2,-0.52186,-0.21551,-0.19428,-0.80217,-0.87,1.07,0.09,0.20388,-0.00151,-0.37346,-0.90496,-0.88,1.08,0.13,0.19831,-0.01166,-0.2836,-0.93814,-0.88,1.1,0.16,-0.23107,-0.12637,-0.32269,-0.90913,-0.88,1.09,0.18,-0.45146,-0.25163,-0.28584,-0.80695,-0.86,1.08,0.19,-0.45146,-0.25163,-0.28584,-0.80695,-0.7,1.09,0.12,-0.29326,-0.19738,-0.10349,0.92969,-0.68,1.06,0.07,-0.29326,-0.19738,-0.10349,0.92969,-0.72,1.07,0.09,-0.46016,-0.2511,0.53651,0.66133,-0.75,1.08,0.1,-0.31207,-0.13305,0.49796,0.79809,-0.77,1.09,0.13,-0.27765,-0.14477,0.58144,0.75092,-0.78,1.09,0.15,-0.27765,-0.14477,0.58144,0.75092,-0.71,1.07,0.09,-0.29326,-0.19738,-0.10349,0.92969,-0.73,1.11,0.13,0.01013,-0.26143,0.04006,0.96434,-0.75,1.11,0.16,0.42396,-0.22383,0.12214,0.86904,-0.76,1.09,0.18,0.58686,-0.16886,0.15816,0.77593,-0.76,1.07,0.18,0.58686,-0.16886,0.15816,0.77593,-0.7,1.07,0.09,-0.29326,-0.19738,-0.10349,0.92969,-0.71,1.11,0.14,-0.04529,-0.20921,-0.06321,0.97477,-0.73,1.11,0.18,0.29043,-0.21853,-0.00101,0.93161,-0.74,1.1,0.19,0.439,-0.20463,-0.02383,0.87455,-0.75,1.08,0.21,0.439,-0.20463,-0.02383,0.87455,-0.68,1.07,0.1,-0.29326,-0.19738,-0.10349,0.92969,-0.69,1.1,0.14,-0.12501,-0.15118,-0.15279,0.96859,-0.7,1.11,0.18,0.29184,-0.21666,-0.1146,0.92453,-0.72,1.1,0.2,0.49349,-0.2598,-0.08511,0.82567,-0.73,1.08,0.21,0.49349,-0.2598,-0.08511,0.82567,-0.67,1.07,0.11,-0.21148,-0.12321,-0.3302,0.91163,-0.68,1.09,0.14,-0.2826,0.01132,-0.25908,0.92352,-0.67,1.1,0.17,0.23857,-0.13116,-0.30385,0.91299,-0.68,1.1,0.19,0.44752,-0.24743,-0.27014,0.8158,-0.69,1.08,0.2,0.44752,-0.24743,-0.27014,0.8158,-0.81,1.08,0.19
-0.79,1.45,-0.16,-0.79,1.45,-0.16,-0.85,1.09,0.11,0.26596,-0.08642,-0.14149,-0.94962,-0.86,1.06,0.06,0.26596,-0.08642,-0.14149,-0.94962,-0.82,1.08,0.08,0.41437,-0.22467,0.49361,-0.73087,-0.8,1.09,0.1,0.17099,-0.06448,0.46116,-0.8683,-0.79,1.1,0.13,0.07003,-0.05309,0.54131,-0.83622,-0.79,1.1,0.16,0.07003,-0.05309,0.54131,-0.83622,-0.83,1.08,0.09,0.26596,-0.08642,-0.14149,-0.94962,-0.83,1.11,0.13,0.03966,-0.14431,-0.0632,-0.98672,-0.82,1.12,0.17,-0.2365,-0.15728,-0.04705,-0.95766,-0.81,1.11,0.19,-0.38388,-0.13631,-0.03321,-0.91266,-0.8,1.09,0.2,-0.38388,-0.13631,-0.03321,-0.91266,-0.85,1.08,0.09,0.26596,-0.08642,-0.14149,-0.94962,-0.85,1.11,0.14,0.12278,-0.0644,-0.15233,-0.97856,-0.84,1.12,0.18,-0.28449,-0.12267,-0.12576,-0.94244,-0.84,1.11,0.2,-0.49196,-0.1375,-0.15836,-0.84498,-0.83,1.09,0.21,-0.49196,-0.1375,-0.15836,-0.84498,-0.87,1.07,0.09,0.26596,-0.08642,-0.14149,-0.94962,-0.87,1.1,0.14,0.19727,-0.02562,-0.20991,-0.95727,-0.87,1.12,0.17,-0.27457,-0.14204,-0.21006,-0.92753,-0.86,1.1,0.19,-0.52122,-0.21787,-0.18582,-0.80395,-0.84,1.09,0.2,-0.52122,-0.21787,-0.18582,-0.80395,-0.87,1.07,0.09,0.20232,-0.00804,-0.36932,-0.90698,-0.88,1.09,0.13,0.2104,-0.01541,-0.27861,-0.93695,-0.88,1.1,0.16,-0.2185,-0.12805,-0.3169,-0.91402,-0.88,1.09,0.18,-0.4464,-0.25361,-0.27778,-0.81194,-0.86,1.08,0.19,-0.4464,-0.25361,-0.27778,-0.81194,-0.7,1.09,0.12,-0.29116,-0.18624,-0.10007,0.93302,-0.68,1.06,0.07,-0.29116,-0.18624,-0.10007,0.93302,-0.72,1.07,0.09,-0.45954,-0.24061,0.53262,0.66876,-0.75,1.08,0.1,-0.31507,-0.12619,0.49033,0.80274,-0.76,1.09,0.13,-0.2814,-0.1388,0.57419,0.75621,-0.78,1.1,0.15,-0.2814,-0.1388,0.57419,0.75621,-0.71,1.07,0.09,-0.29116,-0.18624,-0.10007,0.93302,-0.73,1.11,0.13,0.00503,-0.25676,0.04149,0.96557,-0.75,1.11,0.16,0.42486,-0.21843,0.12274,0.86989,-0.76,1.09,0.18,0.59057,-0.16289,0.15834,0.77435,-0.76,1.07,0.18,0.59057,-0.16289,0.15834,0.77435,-0.7,1.07,0.1,-0.29116,-0.18624,-0.10007,0.93302,-0.71,1.11,0.14,-0.06969,-0.19589,-0.06823,0.97576,-0.73,1.12,0.18,0.29112,-0.20819,-0.00511,0.93374,-0.74,1.1,0.2,0.46255,-0.1946,-0.02669,0.86456,-0.75,1.08,0.21,0.46255,-0.1946,-0.02669,0.86456,-0.68,1.07,0.1,-0.29116,-0.18624,-0.10007,0.93302,-0.69,1.1,0.14,-0.1456,-0.13598,-0.15446,0.9677,-0.7,1.11,0.18,0.2965,-0.20732,-0.1173,0.92485,-0.71,1.1,0.2,0.51774,-0.25243,-0.08551,0.81297,-0.72,1.08,0.21,0.51774,-0.25243,-0.08551,0.81297,-0.67,1.07,0.11,-0.21217,-0.11146,-0.32749,0.91395,-0.68,1.09,0.15,-0.28729,0.02184,-0.25455,0.92314,-0.67,1.1,0.17,0.25488,-0.12707,-0.30353,0.90926,-0.68,1.1,0.19,0.48854,-0.2512,-0.26485,0.79252,-0.69,1.08,0.2,0.48854,-0.2512,-0.26485,0.79252,-0.81,1.08,0.19
-0.79,1.45,-0.15,-0.79,1.45,-0.15,-0.85,1.1,0.11,0.26969,-0.08912,-0.14664,-0.94754,-0.86,1.07,0.06,0.26969,-0.08912,-0.14664,-0.94754,-0.82,1.08,0.08,0.42349,-0.22255,0.48593,-0.73144,-0.8,1.09,0.1,0.17379,-0.06257,0.45359,-0.87186,-0.79,1.1,0.13,0.06704,-0.04831,0.53393,-0.84148,-0.79,1.1,0.16,0.06704,-0.04831,0.53393,-0.84148,-0.83,1.08,0.09,0.26969,-0.08912,-0.14664,-0.94754,-0.83,1.12,0.13,0.02759,-0.14992,-0.06396,-0.98624,-0.82,1.12,0.17,-0.24598,-0.16245,-0.0466,-0.95443,-0.81,1.11,0.19,-0.38359,-0.14085,-0.03333,-0.91209,-0.8,1.09,0.2,-0.38359,-0.14085,-0.03333,-0.91209,-0.85,1.08,0.09,0.26969,-0.08912,-0.14664,-0.94754,-0.85,1.11,0.14,0.11989,-0.07017,-0.15624,-0.9779,-0.84,1.12,0.18,-0.29546,-0.13062,-0.12583,-0.93798,-0.83,1.11,0.2,-0.50692,-0.14511,-0.15612,-0.83522,-0.83,1.09,0.21,-0.50692,-0.14511,-0.15612,-0.83522,-0.87,1.08,0.09,0.26969,-0.08912,-0.14664,-0.94754,-0.86,1.1,0.14,0.20238,-0.02973,-0.21486,-0.95498,-0.87,1.12,0.17,-0.2839,-0.15143,-0.21026,-0.92318,-0.86,1.11,0.19,-0.5364,-0.22792,-0.18207,-0.79195,-0.84,1.09,0.2,-0.5364,-0.22792,-0.18207,-0.79195,-0.87,1.07,0.09,0.20469,-0.01181,-0.37434,-0.90434,-0.88,1.09,0.14,0.22184,-0.02015,-0.28283,-0.93295,-0.88,1.1,0.16,-0.20671,-0.13498,-0.31864,-0.91516,-0.87,1.09,0.18,-0.44119,-0.2626,-0.2754,-0.81274,-0.86,1.08,0.19,-0.44119,-0.2626,-0.2754,-0.81274,-0.7,1.09,0.12,-0.28276,-0.18458,-0.10329,0.93558,-0.68,1.06,0.07,-0.28276,-0.18458,-0.10329,0.93558,-0.72,1.07,0.09,-0.45665,-0.24338,0.5258,0.67511,-0.75,1.08,0.1,-0.31095,-0.13012,0.48376,0.80769,-0.77,1.09,0.13,-0.27616,-0.14221,0.56806,0.76211,-0.78,1.1,0.15,-0.27616,-0.14221,0.56806,0.76211,-0.71,1.07,0.09,-0.28276,-0.18458,-0.10329,0.93558,-0.73,1.11,0.13,0.00989,-0.26083,0.03899,0.96455,-0.75,1.11,0.16,0.43538,-0.22213,0.12391,0.86357,-0.76,1.09,0.18,0.60406,-0.16538,0.16162,0.76265,-0.76,1.07,0.18,0.60406,-0.16538,0.16162,0.76265,-0.7,1.07,0.09,-0.28276,-0.18458,-0.10329,0.93558,-0.71,1.11,0.14,-0.07006,-0.195,-0.07312,0.97556,-0.73,1.12,0.18,0.30293,-0.20925,-0.00726,0.92973,-0.74,1.1,0.2,0.48592,-0.19501,-0.02688,0.85155,-0.75,1.08,0.21,0.48592,-0.19501,-0.02688,0.85155,-0.68,1.07,0.1,-0.28276,-0.18458,-0.10329,0.93558,-0.69,1.1,0.14,-0.15279,-0.13235,-0.1593,0.96631,-0.7,1.11,0.18,0.30102,-0.20792,-0.12073,0.92281,-0.71,1.1,0.2,0.5318,-0.25432,-0.08638,0.80315,-0.72,1.08,0.21,0.5318,-0.25432,-0.08638,0.80315,-0.67,1.07,0.11,-0.20388,-0.10781,-0.32999,0.91538,-0.68,1.09,0.15,-0.28951,0.02535,-0.25483,0.92228,-0.67,1.1,0.17,0.25814,-0.12635,-0.30507,0.90793,-0.68,1.1,0.19,0.50192,-0.25414,-0.26378,0.78352,-0.69,1.08,0.2,0.50192,-0.25414,-0.26378,0.78352,-0.81,1.08,0.19
-0.79,1.45,-0.15,-0.79,1.45,-0.15,-0.85,1.09,0.11,0.2598,-0.08731,-0.1332,-0.95244,-0.86,1.07,0.06,0.2598,-0.08731,-0.1332,-0.95244,-0.82,1.08,0.08,0.41666,-0.23039,0.48958,-0.7305,-0.8,1.09,0.1,0.16223,-0.06566,0.46056,-0.8702,-0.79,1.1,0.13,0.05028,-0.04809,0.54028,-0.83861,-0.79,1.1,0.16,0.05028,-0.04809,0.54028,-0.83861,-0.83,1.08,0.09,0.2598,-0.08731,-0.1332,-0.95244,-0.82,1.11,0.13,0.00404,-0.14762,-0.04856,-0.98784,-0.81,1.11,0.17,-0.26635,-0.15534,-0.0329,-0.95071,-0.81,1.1,0.19,-0.40203,-0.13157,-0.02039,-0.9059,-0.8,1.09,0.2,-0.40203,-0.13157,-0.02039,-0.9059,-0.85,1.08,0.09,0.2598,-0.08731,-0.1332,-0.95244,-0.85,1.11,0.14,0.12189,-0.06412,-0.14377,-0.97998,-0.84,1.12,0.18,-0.29248,-0.11975,-0.11725,-0.94147,-0.83,1.11,0.2,-0.50552,-0.13299,-0.15036,-0.83914,-0.83,1.09,0.21,-0.50552,-0.13299,-0.15036,-0.83914,-0.87,1.07,0.09,0.2598,-0.08731,-0.1332,-0.95244,-0.86,1.1,0.14,0.21585,-0.02224,-0.20163,-0.95512,-0.87,1.12,0.17,-0.27209,-0.13905,-0.20215,-0.93047,-0.86,1.11,0.19,-0.52859,-0.21437,-0.17744,-0.80197,-0.84,1.09,0.2,-0.52859,-0.21437,-0.17744,-0.80197,-0.87,1.07,0.09,0.19729,-0.00708,-0.361,-0.91143,-0.88,1.09,0.14,0.22822,-0.01519,-0.26815,-0.93583,-0.88,1.1,0.16,-0.19336,-0.122,-0.30861,-0.92331,-0.87,1.09,0.18,-0.43293,-0.24821,-0.26837,-0.82398,-0.86,1.08,0.19,-0.43293,-0.24821,-0.26837,-0.82398,-0.7,1.09,0.12,-0.29995,-0.17594,-0.10663,0.93151,-0.68,1.06,0.07,-0.29995,-0.17594,-0.10663,0.93151,-0.72,1.07,0.09,-0.47239,-0.22416,0.51846,0.67661,-0.75,1.08,0.1,-0.32921,-0.11542,0.47125,0.81008,-0.76,1.1,0.13,-0.29195,-0.1252,0.55676,0.76754,-0.78,1.1,0.15,-0.29195,-0.1252,0.55676,0.76754,-0.71,1.07,0.09,-0.29995,-0.17594,-0.10663,0.93151,-0.73,1.11,0.13,-0.00567,-0.25671,0.03783,0.96573,-0.75,1.11,0.16,0.4216,-0.21935,0.12107,0.87148,-0.75,1.09,0.18,0.59422,-0.16293,0.1583,0.77155,-0.76,1.07,0.18,0.59422,-0.16293,0.1583,0.77155,-0.7,1.07,0.09,-0.29995,-0.17594,-0.10663,0.93151,-0.71,1.11,0.14,-0.09603,-0.18806,-0.07939,0.97422,-0.72,1.12,0.18,0.27702,-0.20547,-0.01592,0.9385,-0.73,1.11,0.2,0.46547,-0.19457,-0.03597,0.86266,-0.74,1.09,0.21,0.46547,-0.19457,-0.03597,0.86266,-0.68,1.07,0.1,-0.29995,-0.17594,-0.10663,0.93151,-0.69,1.1,0.14,-0.18057,-0.12603,-0.16537,0.96133,-0.7,1.12,0.18,0.27481,-0.20625,-0.1282,0.93033,-0.71,1.11,0.2,0.51293,-0.25563,-0.0923,0.81427,-0.72,1.09,0.21,0.51293,-0.25563,-0.0923,0.81427,-0.67,1.07,0.11,-0.22191,-0.10364,-0.33495,0.90985,-0.67,1.09,0.14,-0.31229,0.02982,-0.26051,0.91308,-0.67,1.11,0.17,0.2314,-0.12683,-0.31206,0.91268,-0.68,1.1,0.19,0.48533,-0.25925,-0.2669,0.79121,-0.69,1.09,0.2,0.48533,-0.25925,-0.2669,0.79121,-0.81,1.08,0.19
-0.79,1.45,-0.16,-0.79,1.45,-0.16,-0.85,1.09,0.11,0.22963,-0.08694,-0.11926,-0.96202,-0.86,1.07,0.06,0.22963,-0.08694,-0.11926,-0.96202,-0.82,1.07,0.08,0.40346,-0.24948,0.48038,-0.73771,-0.8,1.09,0.1,0.14569,-0.08531,0.45789,-0.87283,-0.79,1.09,0.13,0.03477,-0.06893,0.53907,-0.83872,-0.78,1.09,0.16,0.03477,-0.06893,0.53907,-0.83872,-0.83,1.08,0.09,0.22963,-0.08694,-0.11926,-0.96202,-0.82,1.11,0.14,-0.02852,-0.14722,-0.03507,-0.98807,-0.81,1.1,0.17,-0.29251,-0.15034,-0.02087,-0.94414,-0.8,1.09,0.19,-0.42839,-0.12466,-0.00818,-0.89491,-0.8,1.08,0.21,-0.42839,-0.12466,-0.00818,-0.89491,-0.85,1.08,0.09,0.22963,-0.08694,-0.11926,-0.96202,-0.84,1.11,0.14,0.12337,-0.05683,-0.13086,-0.98205,-0.84,1.12,0.18,-0.26727,-0.10498,-0.11122,-0.95141,-0.83,1.1,0.2,-0.47419,-0.11803,-0.14861,-0.85972,-0.83,1.09,0.22,-0.47419,-0.11803,-0.14861,-0.85972,-0.87,1.07,0.09,0.22963,-0.08694,-0.11926,-0.96202,-0.86,1.1,0.14,0.21726,-0.01621,-0.18597,-0.9581,-0.86,1.11,0.17,-0.2484,-0.12155,-0.1941,-0.9412,-0.86,1.1,0.2,-0.5026,-0.195,-0.17538,-0.82378,-0.84,1.08,0.21,-0.5026,-0.195,-0.17538,-0.82378,-0.87,1.07,0.09,0.16994,0.00113,-0.34526,-0.92299,-0.88,1.08,0.14,0.21771,-0.01082,-0.25095,-0.94314,-0.88,1.09,0.16,-0.18418,-0.10343,-0.29664,-0.93133,-0.87,1.09,0.18,-0.42481,-0.22676,-0.26224,-0.83627,-0.86,1.08,0.19,-0.42481,-0.22676,-0.26224,-0.83627,-0.7,1.1,0.11,-0.33052,-0.15901,-0.13546,0.92039,-0.68,1.06,0.07,-0.33052,-0.15901,-0.13546,0.92039,-0.72,1.07,0.09,-0.49592,-0.18953,0.4978,0.68581,-0.74,1.09,0.1,-0.35034,-0.08645,0.44233,0.82106,-0.76,1.1,0.13,-0.30749,-0.09301,0.52967,0.78502,-0.77,1.11,0.15,-0.30749,-0.09301,0.52967,0.78502,-0.71,1.08,0.09,-0.33052,-0.15901,-0.13546,0.92039,-0.72,1.12,0.13,-0.09219,-0.2483,-0.00748,0.96426,-0.74,1.12,0.16,0.31471,-0.23592,0.06982,0.91674,-0.75,1.11,0.18,0.49825,-0.19086,0.10793,0.83885,-0.76,1.09,0.19,0.49825,-0.19086,0.10793,0.83885,-0.69,1.07,0.09,-0.33052,-0.15901,-0.13546,0.92039,-0.7,1.12,0.14,-0.14496,-0.17705,-0.11388,0.96678,-0.72,1.13,0.17,0.22411,-0.20851,-0.05292,0.95053,-0.73,1.12,0.19,0.41427,-0.20802,-0.07215,0.88312,-0.74,1.1,0.21,0.41427,-0.20802,-0.07215,0.88312,-0.68,1.07,0.1,-0.33052,-0.15901,-0.13546,0.92039,-0.69,1.11,0.14,-0.20789,-0.11821,-0.19608,0.95098,-0.69,1.12,0.17,0.24218,-0.21362,-0.15894,0.93298,-0.7,1.11,0.19,0.48164,-0.27159,-0.11896,0.82469,-0.72,1.1,0.2,0.48164,-0.27159,-0.11896,0.82469,-0.67,1.07,0.1,-0.25117,-0.09567,-0.36516,0.8913,-0.67,1.09,0.14,-0.33305,0.03112,-0.29278,0.89576,-0.66,1.11,0.17,0.19798,-0.1425,-0.33954,0.90841,-0.67,1.11,0.18,0.45612,-0.28402,-0.28508,0.79374,-0.69,1.09,0.19,0.45612,-0.28402,-0.28508,0.79374,-0.81,1.08,0.19
-0.79,1.45,-0.15,-0.79,1.45,-0.15,-0.85,1.09,0.11,0.23302,-0.08372,-0.1371,-0.95911,-0.86,1.07,0.06,0.23302,-0.08372,-0.1371,-0.95911,-0.82,1.08,0.08,0.4237,-0.23458,0.45079,-0.74982,-0.8,1.09,0.1,0.16155,-0.08209,0.42336,-0.88766,-0.79,1.1,0.13,0.04994,-0.06863,0.50653,-0.85804,-0.78,1.1,0.16,0.04994,-0.06863,0.50653,-0.85804,-0.83,1.08,0.09,0.23302,-0.08372,-0.1371,-0.95911,-0.82,1.11,0.14,-0.02811,-0.14739,-0.05306,-0.98725,-0.81,1.11,0.17,-0.30518,-0.1558,-0.03593,-0.93878,-0.81,1.09,0.19,-0.45134,-0.13252,-0.02006,-0.88223,-0.8,1.08,0.2,-0.45134,-0.13252,-0.02006,-0.88223,-0.85,1.08,0.09,0.23302,-0.08372,-0.1371,-0.95911,-0.85,1.11,0.14,0.12754,-0.05838,-0.14824,-0.97895,-0.84,1.12,0.18,-0.23662,-0.10977,-0.12953,-0.95665,-0.83,1.11,0.2,-0.42576,-0.12595,-0.16639,-0.88044,-0.83,1.09,0.22,-0.42576,-0.12595,-0.16639,-0.88044,-0.87,1.07,0.09,0.23302,-0.08372,-0.1371,-0.95911,-0.86,1.1,0.14,0.22912,-0.02189,-0.20236,-0.95188,-0.86,1.11,0.17,-0.21212,-0.12967,-0.20828,-0.94594,-0.86,1.11,0.2,-0.45535,-0.20521,-0.18791,-0.84571,-0.84,1.09,0.21,-0.45535,-0.20521,-0.18791,-0.84571,-0.87,1.07,0.1,0.17143,0.00281,-0.36246,-0.91609,-0.88,1.08,0.14,0.23573,-0.01567,-0.26664,-0.93439,-0.88,1.1,0.16,-0.16748,-0.11643,-0.30864,-0.92905,-0.87,1.09,0.18,-0.41062,-0.24335,-0.26856,-0.83669,-0.86,1.08,0.19,-0.41062,-0.24335,-0.26856,-0.83669,-0.7,1.1,0.11,-0.33447,-0.17175,-0.14236,0.91562,-0.68,1.06,0.07,-0.33447,-0.17175,-0.14236,0.91562,-0.72,1.07,0.09,-0.47461,-0.22136,0.527,0.66934,-0.75,1.08,0.1,-0.30835,-0.09566,0.48446,0.81306,-0.76,1.1,0.13,-0.23845,-0.08597,0.56972,0.78177,-0.77,1.11,0.15,-0.23845,-0.08597,0.56972,0.78177,-0.71,1.08,0.09,-0.33447,-0.17175,-0.14236,0.91562,-0.73,1.12,0.13,-0.19035,-0.22893,-0.05604,0.95301,-0.74,1.13,0.16,0.21098,-0.24064,0.01601,0.94727,-0.75,1.12,0.18,0.40004,-0.20782,0.05235,0.89109,-0.76,1.11,0.19,0.40004,-0.20782,0.05235,0.89109,-0.69,1.07,0.09,-0.33447,-0.17175,-0.14236,0.91562,-0.7,1.12,0.13,-0.15183,-0.18479,-0.12198,0.96329,-0.72,1.13,0.17,0.24848,-0.22058,-0.0502,0.94185,-0.73,1.12,0.19,0.43633,-0.21772,-0.06696,0.87047,-0.74,1.1,0.21,0.43633,-0.21772,-0.06696,0.87047,-0.68,1.07,0.1,-0.33447,-0.17175,-0.14236,0.91562,-0.69,1.11,0.14,-0.13891,-0.1486,-0.1895,0.96058,-0.7,1.12,0.17,0.34631,-0.24032,-0.13189,0.89717,-0.71,1.11,0.19,0.58147,-0.28768,-0.08591,0.75614,-0.72,1.09,0.2,0.58147,-0.28768,-0.08591,0.75614,-0.67,1.07,0.1,-0.25148,-0.10962,-0.37117,0.88711,-0.67,1.09,0.14,-0.26933,-0.04394,-0.29686,0.9151,-0.67,1.11,0.17,0.32639,-0.22122,-0.29233,0.87125,-0.68,1.1,0.18,0.58465,-0.34673,-0.21466,0.70135,-0.7,1.09,0.18,0.58465,-0.34673,-0.21466,0.70135,-0.81,1.08,0.19
-0.79,1.45,-0.16,-0.79,1.45,-0.16,-0.85,1.1,0.11,0.26848,-0.0715,-0.16191,-0.94689,-0.86,1.07,0.06,0.26848,-0.0715,-0.16191,-0.94689,-0.82,1.08,0.08,0.44776,-0.19938,0.44259,-0.75092,-0.8,1.1,0.1,0.18741,-0.05379,0.40326,-0.89408,-0.79,1.11,0.13,0.06812,-0.03804,0.48523,-0.8709,-0.79,1.11,0.16,0.06812,-0.03804,0.48523,-0.8709,-0.83,1.08,0.09,0.26848,-0.0715,-0.16191,-0.94689,-0.83,1.12,0.13,0.00671,-0.13205,-0.08361,-0.98769,-0.82,1.12,0.17,-0.31377,-0.15347,-0.06261,-0.93492,-0.81,1.1,0.19,-0.47171,-0.13508,-0.0444,-0.87021,-0.8,1.09,0.2,-0.47171,-0.13508,-0.0444,-0.87021,-0.85,1.08,0.09,0.26848,-0.0715,-0.16191,-0.94689,-0.85,1.11,0.14,0.11801,-0.06111,-0.17147,-0.97619,-0.85,1.12,0.18,-0.25415,-0.12212,-0.14895,-0.94779,-0.84,1.11,0.2,-0.44346,-0.14096,-0.18244,-0.86614,-0.83,1.1,0.21,-0.44346,-0.14096,-0.18244,-0.86614,-0.87,1.08,0.09,0.26848,-0.0715,-0.16191,-0.94689,-0.87,1.1,0.14,0.21496,-0.0271,-0.22676,-0.94955,-0.87,1.12,0.17,-0.23149,-0.14632,-0.22691,-0.93462,-0.86,1.11,0.19,-0.47183,-0.22581,-0.20151,-0.82812,-0.85,1.09,0.21,-0.47183,-0.22581,-0.20151,-0.82812,-0.87,1.07,0.09,0.20503,0.00513,-0.38915,-0.89805,-0.88,1.09,0.14,0.25316,-0.01826,-0.29259,-0.92193,-0.88,1.1,0.16,-0.16551,-0.13707,-0.329,-0.91955,-0.88,1.1,0.18,-0.41025,-0.2701,-0.28065,-0.82461,-0.86,1.09,0.19,-0.41025,-0.2701,-0.28065,-0.82461,-0.7,1.1,0.11,-0.3349,-0.19744,-0.12228,0.91319,-0.68,1.06,0.07,-0.3349,-0.19744,-0.12228,0.91319,-0.72,1.07,0.09,-0.47458,-0.24106,0.5476,0.64559,-0.75,1.08,0.1,-0.30886,-0.10796,0.5119,0.7943,-0.77,1.09,0.13,-0.2301,-0.08838,0.59658,0.76377,-0.78,1.1,0.15,-0.2301,-0.08838,0.59658,0.76377,-0.71,1.08,0.09,-0.3349,-0.19744,-0.12228,0.91319,-0.73,1.12,0.13,-0.08773,-0.25034,-0.0026,0.96417,-0.75,1.12,0.16,0.35075,-0.23292,0.08339,0.9032,-0.76,1.11,0.17,0.52997,-0.18489,0.12152,0.81864,-0.76,1.09,0.18,0.52997,-0.18489,0.12152,0.81864,-0.7,1.07,0.09,-0.3349,-0.19744,-0.12228,0.91319,-0.71,1.12,0.13,-0.14845,-0.20121,-0.09959,0.9631,-0.72,1.13,0.17,0.27299,-0.22708,-0.01802,0.93466,-0.74,1.12,0.19,0.46997,-0.21625,-0.03238,0.85517,-0.75,1.1,0.2,0.46997,-0.21625,-0.03238,0.85517,-0.68,1.07,0.1,-0.3349,-0.19744,-0.12228,0.91319,-0.69,1.11,0.14,-0.15246,-0.16623,-0.16834,0.95958,-0.7,1.12,0.17,0.3493,-0.24757,-0.10106,0.89805,-0.72,1.11,0.19,0.59565,-0.28616,-0.05145,0.74878,-0.73,1.09,0.19,0.59565,-0.28616,-0.05145,0.74878,-0.67,1.07,0.1,-0.24943,-0.13455,-0.35082,0.89253,-0.68,1.09,0.14,-0.28002,-0.06489,-0.27719,0.91681,-0.68,1.11,0.17,0.32339,-0.2283,-0.2638,0.87961,-0.69,1.1,0.18,0.59199,-0.34556,-0.18266,0.70482,-0.7,1.09,0.18,0.59199,-0.34556,-0.18266,0.70482,-0.81,1.08,0.19
-0.79,1.45,-0.15,-0.79,1.45,-0.15,-0.85,1.1,0.11,0.29147,-0.06294,-0.16839,-0.93954,-0.86,1.07,0.06,0.29147,-0.06294,-0.16839,-0.93954,-0.82,1.08,0.08,0.45317,-0.17986,0.45283,-0.74648,-0.8,1.1,0.1,0.19963,-0.0345,0.40649,-0.89091,-0.79,1.11,0.13,0.06856,-0.01178,0.48593,-0.87122,-0.79,1.11,0.15,0.06856,-0.01178,0.48593,-0.87122,-0.84,1.08,0.09,0.29147,-0.06294,-0.16839,-0.93954,-0.83,1.12,0.13,0.03166,-0.11503,-0.09741,-0.98807,-0.82,1.12,0.17,-0.32183,-0.14514,-0.07614,-0.9325,-0.82,1.11,0.19,-0.48997,-0.12992,-0.05711,-0.86011,-0.81,1.09,0.2,-0.48997,-0.12992,-0.05711,-0.86011,-0.85,1.08,0.09,0.29147,-0.06294,-0.16839,-0.93954,-0.85,1.12,0.13,0.10198,-0.06553,-0.17545,-0.977,-0.85,1.13,0.17,-0.28953,-0.13069,-0.14829,-0.93654,-0.84,1.11,0.2,-0.48092,-0.14763,-0.17934,-0.84544,-0.83,1.09,0.21,-0.48092,-0.14763,-0.17934,-0.84544,-0.87,1.08,0.09,0.29147,-0.06294,-0.16839,-0.93954,-0.87,1.1,0.13,0.19044,-0.03384,-0.23246,-0.95318,-0.87,1.12,0.17,-0.27013,-0.15749,-0.22726,-0.92227,-0.86,1.11,0.19,-0.50918,-0.23629,-0.19904,-0.8033,-0.85,1.09,0.2,-0.50918,-0.23629,-0.19904,-0.8033,-0.87,1.07,0.09,0.22829,0.0075,-0.39728,-0.88882,-0.88,1.09,0.13,0.24672,-0.02477,-0.30053,-0.92098,-0.89,1.1,0.16,-0.19786,-0.15508,-0.33012,-0.90985,-0.88,1.1,0.18,-0.44442,-0.28918,-0.2761,-0.80164,-0.86,1.09,0.19,-0.44442,-0.28918,-0.2761,-0.80164,-0.71,1.09,0.11,-0.32329,-0.21018,-0.09623,0.91763,-0.68,1.06,0.07,-0.32329,-0.21018,-0.09623,0.91763,-0.72,1.07,0.09,-0.46287,-0.25806,0.56731,0.63032,-0.75,1.08,0.1,-0.30104,-0.11955,0.5368,0.77905,-0.77,1.09,0.13,-0.22364,-0.09838,0.62045,0.74522,-0.78,1.09,0.15,-0.22364,-0.09838,0.62045,0.74522,-0.71,1.07,0.09,-0.32329,-0.21018,-0.09623,0.91763,-0.73,1.11,0.13,0.01456,-0.25749,0.05628,0.96453,-0.75,1.11,0.16,0.46427,-0.20744,0.1441,0.84892,-0.76,1.09,0.17,0.63094,-0.14617,0.17976,0.74043,-0.76,1.07,0.17,0.63094,-0.14617,0.17976,0.74043,-0.7,1.07,0.09,-0.32329,-0.21018,-0.09623,0.91763,-0.71,1.11,0.13,-0.13693,-0.20688,-0.07233,0.96603,-0.73,1.13,0.17,0.27544,-0.22069,0.00687,0.93562,-0.74,1.11,0.19,0.4718,-0.20484,-0.00951,0.85753,-0.75,1.09,0.2,0.4718,-0.20484,-0.00951,0.85753,-0.68,1.07,0.1,-0.32329,-0.21018,-0.09623,0.91763,-0.7,1.11,0.14,-0.19379,-0.16227,-0.15106,0.95566,-0.71,1.12,0.17,0.30021,-0.23621,-0.08998,0.91977,-0.72,1.11,0.19,0.55195,-0.27361,-0.04393,0.78648,-0.73,1.09,0.2,0.55195,-0.27361,-0.04393,0.78648,-0.68,1.07,0.1,-0.23913,-0.14337,-0.32466,0.9038,-0.68,1.09,0.14,-0.30848,-0.05999,-0.25181,0.91533,-0.68,1.11,0.17,0.28245,-0.20753,-0.24956,0.9027,-0.69,1.1,0.18,0.55857,-0.32147,-0.17584,0.74414,-0.7,1.09,0.19,0.55857,-0.32147,-0.17584,0.74414,-0.81,1.08,0.19
