-0.79,1.45,-0.16,-0.79,1.45,-0.16,-0.85,1.09,0.11,0.34482,-0.06739,-0.15227,-0.92378,-0.86,1.05,0.06,0.34482,-0.06739,-0.15227,-0.92378,-0.83,1.07,0.09,0.44292,-0.15768,0.52104,-0.71237,-0.8,1.09,0.11,0.20549,0.007,0.4672,-0.85991,-0.8,1.1,0.14,0.07771,0.03512,0.5393,-0.83778,-0.8,1.1,0.16,0.07771,0.03512,0.5393,-0.83778,-0.84,1.08,0.09,0.34482,-0.06739,-0.15227,-0.92378,-0.83,1.12,0.13,0.03722,-0.11293,-0.07515,-0.99006,-0.83,1.12,0.17,-0.37128,-0.13854,-0.048,-0.91687,-0.82,1.1,0.18,-0.53359,-0.11777,-0.02949,-0.83699,-0.81,1.08,0.19,-0.53359,-0.11777,-0.02949,-0.83699,-0.85,1.07,0.09,0.34482,-0.06739,-0.15227,-0.92378,-0.86,1.11,0.13,0.08349,-0.08997,-0.1479,-0.98136,-0.85,1.12,0.17,-0.35124,-0.1472,-0.10686,-0.91845,-0.84,1.11,0.19,-0.55156,-0.15252,-0.13377,-0.80909,-0.83,1.09,0.2,-0.55156,-0.15252,-0.13377,-0.80909,-0.87,1.07,0.09,0.34482,-0.06739,-0.15227,-0.92378,-0.87,1.1,0.13,0.1594,-0.06246,-0.21211,-0.96213,-0.87,1.12,0.17,-0.31245,-0.17418,-0.19524,-0.91319,-0.86,1.1,0.19,-0.55137,-0.24294,-0.16413,-0.78104,-0.85,1.08,0.2,-0.55137,-0.24294,-0.16413,-0.78104,-0.88,1.06,0.09,0.28156,-0.00977,-0.38582,-0.87851,-0.89,1.09,0.13,0.20213,-0.04989,-0.29314,-0.93313,-0.89,1.1,0.16,-0.2492,-0.17213,-0.31168,-0.90063,-0.88,1.09,0.18,-0.46954,-0.29307,-0.263,-0.79024,-0.86,1.08,0.19,-0.46954,-0.29307,-0.263,-0.79024,-0.7,1.1,0.12,-0.36404,-0.14761,-0.13435,0.90974,-0.68,1.06,0.07,-0.36404,-0.14761,-0.13435,0.90974,-0.72,1.07,0.09,-0.4792,-0.16977,0.5414,0.66965,-0.75,1.09,0.11,-0.3109,-0.03852,0.48674,0.81544,-0.76,1.1,0.14,-0.2436,-0.03422,0.56921,0.78453,-0.77,1.11,0.16,-0.2436,-0.03422,0.56921,0.78453,-0.71,1.08,0.09,-0.36404,-0.14761,-0.13435,0.90974,-0.72,1.12,0.13,-0.08165,-0.20257,-0.02034,0.97564,-0.74,1.13,0.16,0.37084,-0.19715,0.04856,0.90623,-0.75,1.11,0.18,0.54443,-0.15709,0.07924,0.82015,-0.75,1.09,0.19,0.54443,-0.15709,0.07924,0.82015,-0.7,1.08,0.1,-0.36404,-0.14761,-0.13435,0.90974,-0.7,1.12,0.14,-0.06696,-0.19337,-0.08257,0.97535,-0.72,1.13,0.17,0.28949,-0.21092,-0.02028,0.93343,-0.73,1.11,0.19,0.44808,-0.20008,-0.04277,0.87027,-0.74,1.1,0.21,0.44808,-0.20008,-0.04277,0.87027,-0.68,1.07,0.1,-0.36404,-0.14761,-0.13435,0.90974,-0.69,1.11,0.14,-0.18524,-0.15051,-0.1749,0.95522,-0.69,1.13,0.17,0.25851,-0.23116,-0.1277,0.92921,-0.71,1.12,0.19,0.4821,-0.27883,-0.08859,0.82582,-0.72,1.1,0.2,0.4821,-0.27883,-0.08859,0.82582,-0.67,1.07,0.11,-0.28633,-0.09305,-0.3668,0.88024,-0.67,1.1,0.14,-0.40643,-0.00982,-0.28709,0.86735,-0.66,1.12,0.16,0.11914,-0.17857,-0.31255,0.92533,-0.67,1.12,0.18,0.38061,-0.3085,-0.2468,0.83609,-0.69,1.11,0.19,0.38061,-0.3085,-0.2468,0.83609,-0.81,1.08,0.19
-0.79,1.45,-0.16,-0.79,1.45,-0.16,-0.85,1.09,0.11,0.34419,-0.06638,-0.15277,-0.92401,-0.86,1.05,0.06,0.34419,-0.06638,-0.15277,-0.92401,-0.83,1.07,0.09,0.43919,-0.15731,0.52341,-0.71303,-0.8,1.09,0.11,0.2023,0.00818,0.4694,-0.85946,-0.8,1.1,0.14,0.07878,0.03351,0.5417,-0.8362,-0.8,1.1,0.16,0.07878,0.03351,0.5417,-0.8362,-0.84,1.08,0.09,0.34419,-0.06638,-0.15277,-0.92401,-0.83,1.12,0.13,0.03405,-0.11231,-0.07563,-0.99021,-0.83,1.12,0.17,-0.37497,-0.13813,-0.04859,-0.9154,-0.82,1.1,0.18,-0.53826,-0.1175,-0.02983,-0.83401,-0.81,1.08,0.19,-0.53826,-0.1175,-0.02983,-0.83401,-0.85,1.07,0.09,0.34419,-0.06638,-0.15277,-0.92401,-0.86,1.11,0.13,0.08012,-0.09086,-0.14751,-0.98161,-0.85,1.12,0.17,-0.35446,-0.14779,-0.10612,-0.9172,-0.84,1.11,0.19,-0.55915,-0.15316,-0.13244,-0.80396,-0.83,1.08,0.2,-0.55915,-0.15316,-0.13244,-0.80396,-0.87,1.07,0.09,0.34419,-0.06638,-0.15277,-0.92401,-0.87,1.1,0.13,0.1619,-0.06254,-0.21212,-0.96171,-0.87,1.12,0.17,-0.31389,-0.17514,-0.19452,-0.91267,-0.86,1.1,0.19,-0.55872,-0.24453,-0.1618,-0.7758,-0.85,1.08,0.2,-0.55872,-0.24453,-0.1618,-0.7758,-0.88,1.06,0.1,0.28109,-0.00864,-0.38628,-0.87847,-0.89,1.09,0.13,0.20927,-0.04864,-0.29292,-0.93169,-0.89,1.1,0.16,-0.25039,-0.17422,-0.31088,-0.90017,-0.88,1.09,0.18,-0.48271,-0.29844,-0.25777,-0.78197,-0.86,1.08,0.19,-0.48271,-0.29844,-0.25777,-0.78197,-0.7,1.1,0.11,-0.37616,-0.15707,-0.12996,0.90385,-0.68,1.06,0.07,-0.37616,-0.15707,-0.12996,0.90385,-0.72,1.07,0.09,-0.48878,-0.1715,0.54725,0.65742,-0.75,1.09,0.11,-0.32176,-0.03916,0.49353,0.80707,-0.76,1.1,0.13,-0.23842,-0.02176,0.57514,0.78224,-0.77,1.11,0.15,-0.23842,-0.02176,0.57514,0.78224,-0.71,1.08,0.09,-0.37616,-0.15707,-0.12996,0.90385,-0.73,1.12,0.13,-0.11657,-0.20489,-0.0216,0.97158,-0.74,1.13,0.16,0.34813,-0.20009,0.05103,0.91442,-0.75,1.11,0.18,0.52802,-0.15934,0.0825,0.83006,-0.75,1.1,0.19,0.52802,-0.15934,0.0825,0.83006,-0.7,1.08,0.1,-0.37616,-0.15707,-0.12996,0.90385,-0.7,1.12,0.13,-0.07963,-0.20011,-0.07597,0.97357,-0.72,1.13,0.17,0.30456,-0.21524,-0.00539,0.92784,-0.73,1.11,0.19,0.48048,-0.2006,-0.02476,0.85339,-0.74,1.1,0.2,0.48048,-0.2006,-0.02476,0.85339,-0.68,1.07,0.1,-0.37616,-0.15707,-0.12996,0.90385,-0.69,1.11,0.14,-0.18989,-0.15995,-0.16856,0.95391,-0.7,1.13,0.17,0.27707,-0.23968,-0.11241,0.92366,-0.71,1.12,0.19,0.51431,-0.28337,-0.06813,0.80656,-0.72,1.1,0.2,0.51431,-0.28337,-0.06813,0.80656,-0.67,1.07,0.11,-0.29683,-0.10546,-0.36285,0.87699,-0.67,1.1,0.14,-0.41331,-0.02173,-0.28553,0.86439,-0.67,1.12,0.16,0.13654,-0.19601,-0.30098,0.92323,-0.67,1.12,0.18,0.41648,-0.32635,-0.22464,0.81828,-0.69,1.11,0.19,0.41648,-0.32635,-0.22464,0.81828,-0.81,1.08,0.19
-0.79,1.45,-0.16,-0.79,1.45,-0.16,-0.85,1.09,0.11,0.34405,-0.06635,-0.15172,-0.92424,-0.86,1.06,0.06,0.34405,-0.06635,-0.15172,-0.92424,-0.83,1.07,0.09,0.43572,-0.15907,0.52713,-0.71202,-0.8,1.09,0.11,0.19976,0.00767,0.47367,-0.85772,-0.8,1.1,0.14,0.08087,0.03039,0.54627,-0.83314,-0.8,1.1,0.16,0.08087,0.03039,0.54627,-0.83314,-0.84,1.08,0.09,0.34405,-0.06635,-0.15172,-0.92424,-0.83,1.12,0.13,0.03464,-0.11259,-0.07422,-0.99026,-0.83,1.12,0.17,-0.37266,-0.13774,-0.04747,-0.91646,-0.82,1.1,0.18,-0.53624,-0.11693,-0.02885,-0.83543,-0.81,1.09,0.19,-0.53624,-0.11693,-0.02885,-0.83543,-0.85,1.07,0.09,0.34405,-0.06635,-0.15172,-0.92424,-0.86,1.12,0.13,0.08061,-0.0917,-0.14574,-0.98176,-0.85,1.12,0.17,-0.35174,-0.14752,-0.10454,-0.91847,-0.84,1.11,0.19,-0.55855,-0.1529,-0.13086,-0.80469,-0.83,1.09,0.2,-0.55855,-0.1529,-0.13086,-0.80469,-0.87,1.07,0.09,0.34405,-0.06635,-0.15172,-0.92424,-0.87,1.1,0.13,0.16719,-0.06266,-0.21072,-0.9611,-0.87,1.12,0.17,-0.3107,-0.17515,-0.19284,-0.91411,-0.86,1.1,0.19,-0.55988,-0.24471,-0.15925,-0.77543,-0.85,1.09,0.2,-0.55988,-0.24471,-0.15925,-0.77543,-0.88,1.07,0.1,0.2811,-0.00853,-0.38529,-0.8789,-0.89,1.09,0.13,0.22154,-0.04638,-0.29124,-0.92949,-0.89,1.1,0.16,-0.24366,-0.17417,-0.30973,-0.90242,-0.88,1.09,0.18,-0.4853,-0.30059,-0.25362,-0.7809,-0.86,1.08,0.19,-0.4853,-0.30059,-0.25362,-0.7809,-0.7,1.1,0.11,-0.37102,-0.16967,-0.10947,0.9064,-0.68,1.05,0.07,-0.37102,-0.16967,-0.10947,0.9064,-0.72,1.07,0.09,-0.4804,-0.18815,0.56688,0.64224,-0.75,1.08,0.11,-0.31551,-0.04941,0.51838,0.79328,-0.76,1.1,0.13,-0.2221,-0.02196,0.59857,0.76935,-0.77,1.1,0.15,-0.2221,-0.02196,0.59857,0.76935,-0.71,1.07,0.09,-0.37102,-0.16967,-0.10947,0.9064,-0.73,1.12,0.13,-0.11718,-0.20855,-0.00235,0.97096,-0.74,1.13,0.16,0.35155,-0.19421,0.07069,0.91307,-0.75,1.11,0.18,0.53606,-0.14897,0.10176,0.82468,-0.75,1.09,0.18,0.53606,-0.14897,0.10176,0.82468,-0.7,1.07,0.1,-0.37102,-0.16967,-0.10947,0.9064,-0.71,1.12,0.13,-0.06672,-0.20443,-0.05256,0.97519,-0.72,1.13,0.17,0.32474,-0.20987,0.01955,0.92202,-0.73,1.11,0.19,0.51262,-0.18876,0.00064,0.83761,-0.74,1.09,0.2,0.51262,-0.18876,0.00064,0.83761,-0.68,1.07,0.1,-0.37102,-0.16967,-0.10947,0.9064,-0.69,1.11,0.14,-0.17654,-0.16582,-0.14672,0.95907,-0.7,1.12,0.17,0.30331,-0.23533,-0.08808,0.91917,-0.71,1.11,0.19,0.55393,-0.27215,-0.04266,0.78567,-0.73,1.09,0.2,0.55393,-0.27215,-0.04266,0.78567,-0.67,1.07,0.11,-0.29208,-0.11586,-0.3426,0.88538,-0.67,1.1,0.14,-0.40803,-0.02892,-0.26711,0.87254,-0.67,1.12,0.16,0.16235,-0.19621,-0.2796,0.92573,-0.68,1.11,0.18,0.46268,-0.32413,-0.19863,0.80088,-0.69,1.1,0.19,0.46268,-0.32413,-0.19863,0.80088,-0.81,1.08,0.19
-0.79,1.45,-0.16,-0.79,1.45,-0.16,-0.85,1.09,0.11,0.32873,-0.06051,-0.15619,-0.92945,-0.86,1.06,0.06,0.32873,-0.06051,-0.15619,-0.92945,-0.83,1.07,0.09,0.42331,-0.16745,0.52196,-0.72133,-0.8,1.09,0.11,0.18625,-0.00162,0.471,-0.86224,-0.8,1.1,0.14,0.0764,0.01411,0.54518,-0.83471,-0.8,1.1,0.16,0.0764,0.01411,0.54518,-0.83471,-0.84,1.08,0.09,0.32873,-0.06051,-0.15619,-0.92945,-0.83,1.12,0.13,0.03367,-0.1102,-0.08103,-0.99003,-0.83,1.12,0.17,-0.36277,-0.13763,-0.05628,-0.91994,-0.82,1.1,0.18,-0.52665,-0.11848,-0.03792,-0.84093,-0.81,1.08,0.19,-0.52665,-0.11848,-0.03792,-0.84093,-0.85,1.07,0.09,0.32873,-0.06051,-0.15619,-0.92945,-0.86,1.11,0.13,0.06979,-0.08726,-0.15122,-0.98217,-0.85,1.12,0.17,-0.35551,-0.145,-0.11236,-0.9165,-0.84,1.1,0.19,-0.56063,-0.15186,-0.13902,-0.80206,-0.83,1.08,0.2,-0.56063,-0.15186,-0.13902,-0.80206,-0.87,1.07,0.09,0.32873,-0.06051,-0.15619,-0.92945,-0.87,1.1,0.13,0.15954,-0.05493,-0.21604,-0.96169,-0.87,1.11,0.17,-0.31452,-0.16999,-0.20179,-0.91185,-0.86,1.1,0.19,-0.5617,-0.2421,-0.16956,-0.77274,-0.85,1.08,0.2,-0.5617,-0.2421,-0.16956,-0.77274,-0.88,1.06,0.1,0.26676,0.00095,-0.38865,-0.88192,-0.89,1.09,0.13,0.21332,-0.03632,-0.29557,-0.93049,-0.89,1.1,0.16,-0.24907,-0.16609,-0.31835,-0.89946,-0.88,1.09,0.18,-0.48727,-0.29473,-0.26512,-0.77808,-0.86,1.08,0.19,-0.48727,-0.29473,-0.26512,-0.77808,-0.7,1.1,0.11,-0.37232,-0.17855,-0.10432,0.90477,-0.68,1.05,0.07,-0.37232,-0.17855,-0.10432,0.90477,-0.72,1.07,0.09,-0.48011,-0.19381,0.57421,0.6342,-0.75,1.08,0.11,-0.31628,-0.05282,0.52764,0.78662,-0.76,1.09,0.13,-0.21906,-0.02095,0.60732,0.76337,-0.77,1.1,0.15,-0.21906,-0.02095,0.60732,0.76337,-0.71,1.07,0.09,-0.37232,-0.17855,-0.10432,0.90477,-0.73,1.12,0.13,-0.11959,-0.21655,0.00566,0.9689,-0.75,1.13,0.16,0.34509,-0.19794,0.08077,0.9139,-0.75,1.11,0.17,0.53238,-0.15029,0.11278,0.82539,-0.76,1.09,0.18,0.53238,-0.15029,0.11278,0.82539,-0.7,1.07,0.1,-0.37232,-0.17855,-0.10432,0.90477,-0.71,1.12,0.13,-0.05864,-0.21003,-0.04406,0.97494,-0.73,1.12,0.17,0.32781,-0.21171,0.02857,0.92027,-0.74,1.11,0.19,0.51948,-0.1883,0.01042,0.83341,-0.74,1.09,0.2,0.51948,-0.1883,0.01042,0.83341,-0.68,1.07,0.1,-0.37232,-0.17855,-0.10432,0.90477,-0.69,1.11,0.14,-0.17285,-0.16881,-0.14236,0.95987,-0.7,1.12,0.17,0.30347,-0.23545,-0.08375,0.91949,-0.72,1.11,0.19,0.55914,-0.27102,-0.03722,0.78264,-0.73,1.09,0.2,0.55914,-0.27102,-0.03722,0.78264,-0.68,1.07,0.11,-0.29225,-0.12486,-0.33729,0.88614,-0.68,1.1,0.14,-0.40953,-0.02571,-0.26486,0.87262,-0.67,1.12,0.16,0.15836,-0.19169,-0.27998,0.92725,-0.68,1.12,0.18,0.46264,-0.3208,-0.19929,0.80208,-0.7,1.1,0.19,0.46264,-0.3208,-0.19929,0.80208,-0.81,1.08,0.19
-0.79,1.45,-0.16,-0.79,1.45,-0.16,-0.86,1.09,0.11,0.32374,-0.05087,-0.16242,-0.93071,-0.86,1.06,0.06,0.32374,-0.05087,-0.16242,-0.93071,-0.83,1.07,0.09,0.42154,-0.16729,0.51274,-0.72899,-0.8,1.09,0.11,0.18683,-0.00659,0.46131,-0.86732,-0.8,1.1,0.14,0.08563,0.00281,0.53725,-0.83906,-0.8,1.1,0.16,0.08563,0.00281,0.53725,-0.83906,-0.84,1.08,0.09,0.32374,-0.05087,-0.16242,-0.93071,-0.84,1.12,0.13,0.04604,-0.10527,-0.0899,-0.9893,-0.83,1.12,0.17,-0.33838,-0.13601,-0.06818,-0.92863,-0.82,1.1,0.19,-0.50215,-0.11909,-0.051,-0.85502,-0.82,1.09,0.2,-0.50215,-0.11909,-0.051,-0.85502,-0.85,1.07,0.09,0.32374,-0.05087,-0.16242,-0.93071,-0.86,1.11,0.13,0.07882,-0.07818,-0.16031,-0.9808,-0.85,1.12,0.18,-0.33941,-0.13979,-0.12552,-0.92169,-0.84,1.1,0.2,-0.54178,-0.15038,-0.15351,-0.81258,-0.83,1.08,0.21,-0.54178,-0.15038,-0.15351,-0.81258,-0.87,1.07,0.09,0.32374,-0.05087,-0.16242,-0.93071,-0.87,1.1,0.14,0.16441,-0.04374,-0.22414,-0.95959,-0.87,1.11,0.17,-0.29909,-0.16198,-0.21555,-0.91534,-0.86,1.1,0.19,-0.54042,-0.23755,-0.1862,-0.7854,-0.85,1.08,0.2,-0.54042,-0.23755,-0.1862,-0.7854,-0.88,1.06,0.1,0.26302,0.01137,-0.39442,-0.88041,-0.89,1.08,0.13,0.21114,-0.02432,-0.30282,-0.92905,-0.89,1.1,0.16,-0.23488,-0.1535,-0.33202,-0.90057,-0.88,1.09,0.18,-0.45454,-0.28057,-0.28704,-0.79516,-0.87,1.08,0.19,-0.45454,-0.28057,-0.28704,-0.79516,-0.71,1.09,0.11,-0.36192,-0.18853,-0.09744,0.90773,-0.68,1.05,0.07,-0.36192,-0.18853,-0.09744,0.90773,-0.73,1.07,0.09,-0.47277,-0.20992,0.58058,0.62877,-0.75,1.08,0.11,-0.30849,-0.06567,0.53874,0.7812,-0.77,1.09,0.13,-0.2098,-0.03106,0.61854,0.75659,-0.77,1.1,0.15,-0.2098,-0.03106,0.61854,0.75659,-0.71,1.07,0.09,-0.36192,-0.18853,-0.09744,0.90773,-0.73,1.12,0.13,-0.09355,-0.2387,0.02982,0.96612,-0.75,1.12,0.16,0.3504,-0.2079,0.10834,0.90679,-0.76,1.11,0.17,0.53347,-0.15458,0.14161,0.81943,-0.76,1.09,0.18,0.53347,-0.15458,0.14161,0.81943,-0.7,1.07,0.1,-0.36192,-0.18853,-0.09744,0.90773,-0.71,1.12,0.13,-0.05142,-0.21644,-0.03574,0.97429,-0.73,1.12,0.17,0.3326,-0.21437,0.03835,0.91758,-0.74,1.11,0.19,0.53282,-0.18782,0.02177,0.82483,-0.75,1.08,0.2,0.53282,-0.18782,0.02177,0.82483,-0.68,1.07,0.1,-0.36192,-0.18853,-0.09744,0.90773,-0.69,1.11,0.14,-0.17176,-0.16863,-0.13886,0.96061,-0.71,1.12,0.17,0.30188,-0.23338,-0.08148,0.92074,-0.72,1.11,0.19,0.5632,-0.26839,-0.03428,0.78076,-0.73,1.09,0.2,0.5632,-0.26839,-0.03428,0.78076,-0.68,1.07,0.11,-0.28103,-0.13182,-0.3296,0.89164,-0.68,1.1,0.14,-0.3996,-0.01745,-0.25964,0.87898,-0.67,1.12,0.16,0.15973,-0.17824,-0.28213,0.92904,-0.68,1.11,0.18,0.46425,-0.30902,-0.20618,0.80403,-0.7,1.1,0.19,0.46425,-0.30902,-0.20618,0.80403,-0.81,1.08,0.19
-0.79,1.45,-0.16,-0.79,1.45,-0.16,-0.86,1.09,0.11,0.32994,-0.04912,-0.16424,-0.92831,-0.86,1.06,0.06,0.32994,-0.04912,-0.16424,-0.92831,-0.83,1.07,0.09,0.43418,-0.16659,0.50459,-0.72741,-0.8,1.09,0.11,0.20181,-0.01096,0.45275,-0.86843,-0.8,1.1,0.14,0.10563,-0.00388,0.53037,-0.84115,-0.79,1.11,0.16,0.10563,-0.00388,0.53037,-0.84115,-0.84,1.08,0.09,0.32994,-0.04912,-0.16424,-0.92831,-0.84,1.12,0.13,0.05341,-0.10494,-0.09137,-0.98883,-0.83,1.12,0.17,-0.33162,-0.13647,-0.0696,-0.93089,-0.82,1.11,0.19,-0.49456,-0.11976,-0.05272,-0.85924,-0.82,1.09,0.2,-0.49456,-0.11976,-0.05272,-0.85924,-0.85,1.07,0.09,0.32994,-0.04912,-0.16424,-0.92831,-0.86,1.11,0.13,0.09676,-0.07604,-0.16301,-0.97892,-0.85,1.12,0.17,-0.32287,-0.13928,-0.12874,-0.92724,-0.84,1.11,0.2,-0.52378,-0.15132,-0.15722,-0.82343,-0.83,1.09,0.21,-0.52378,-0.15132,-0.15722,-0.82343,-0.87,1.07,0.09,0.32994,-0.04912,-0.16424,-0.92831,-0.87,1.1,0.13,0.17279,-0.04308,-0.22616,-0.95767,-0.87,1.12,0.17,-0.28635,-0.16165,-0.21813,-0.91886,-0.86,1.1,0.19,-0.52316,-0.2372,-0.18975,-0.79626,-0.85,1.09,0.2,-0.52316,-0.2372,-0.18975,-0.79626,-0.88,1.06,0.1,0.26918,0.01142,-0.39659,-0.87757,-0.89,1.09,0.13,0.21049,-0.02672,-0.30498,-0.92842,-0.89,1.1,0.16,-0.21814,-0.15043,-0.33495,-0.90421,-0.88,1.09,0.18,-0.42201,-0.27281,-0.29492,-0.81271,-0.87,1.08,0.19,-0.42201,-0.27281,-0.29492,-0.81271,-0.71,1.09,0.11,-0.33972,-0.19841,-0.08097,0.91579,-0.68,1.05,0.07,-0.33972,-0.19841,-0.08097,0.91579,-0.73,1.06,0.09,-0.45383,-0.23687,0.59307,0.62145,-0.75,1.07,0.11,-0.29054,-0.08735,0.559,0.77167,-0.77,1.08,0.13,-0.1946,-0.05246,0.63896,0.74237,-0.78,1.09,0.15,-0.1946,-0.05246,0.63896,0.74237,-0.72,1.07,0.09,-0.33972,-0.19841,-0.08097,0.91579,-0.74,1.11,0.13,-0.03983,-0.25736,0.06738,0.96314,-0.76,1.11,0.16,0.3856,-0.20866,0.14716,0.88663,-0.76,1.09,0.17,0.55698,-0.14828,0.17962,0.7972,-0.76,1.07,0.18,0.55698,-0.14828,0.17962,0.7972,-0.7,1.07,0.1,-0.33972,-0.19841,-0.08097,0.91579,-0.72,1.11,0.13,-0.0559,-0.21876,-0.02447,0.97387,-0.73,1.12,0.17,0.33354,-0.21191,0.05083,0.9172,-0.74,1.1,0.19,0.53914,-0.18216,0.03412,0.82158,-0.75,1.08,0.2,0.53914,-0.18216,0.03412,0.82158,-0.68,1.07,0.1,-0.33972,-0.19841,-0.08097,0.91579,-0.7,1.11,0.14,-0.16339,-0.1672,-0.12506,0.96421,-0.71,1.12,0.17,0.31319,-0.22552,-0.06975,0.91988,-0.72,1.11,0.19,0.57577,-0.25713,-0.02527,0.77571,-0.73,1.08,0.2,0.57577,-0.25713,-0.02527,0.77571,-0.68,1.07,0.11,-0.25965,-0.13536,-0.31203,0.90382,-0.68,1.09,0.14,-0.36597,-0.02233,-0.24181,0.89839,-0.68,1.11,0.17,0.19343,-0.16805,-0.26643,0.92917,-0.69,1.11,0.18,0.49414,-0.29351,-0.19742,0.79417,-0.7,1.09,0.19,0.49414,-0.29351,-0.19742,0.79417,-0.81,1.08,0.19
-0.79,1.45,-0.16,-0.79,1.45,-0.16,-0.85,1.1,0.11,0.34558,-0.05515,-0.1468,-0.92519,-0.86,1.06,0.06,0.34558,-0.05515,-0.1468,-0.92519,-0.83,1.07,0.09,0.44719,-0.16375,0.51644,-0.71169,-0.8,1.09,0.11,0.21828,-0.00567,0.46396,-0.85852,-0.8,1.1,0.14,0.1173,0.00698,0.54074,-0.83294,-0.79,1.11,0.16,0.1173,0.00698,0.54074,-0.83294,-0.84,1.08,0.09,0.34558,-0.05515,-0.1468,-0.92519,-0.83,1.12,0.13,0.06618,-0.10361,-0.07329,-0.9897,-0.83,1.12,0.17,-0.33389,-0.12944,-0.05147,-0.93226,-0.82,1.11,0.18,-0.49774,-0.10963,-0.03592,-0.85962,-0.82,1.09,0.2,-0.49774,-0.10963,-0.03592,-0.85962,-0.85,1.07,0.09,0.34558,-0.05515,-0.1468,-0.92519,-0.86,1.12,0.13,0.11005,-0.07989,-0.14368,-0.98024,-0.85,1.13,0.17,-0.31907,-0.13575,-0.10848,-0.93167,-0.84,1.11,0.19,-0.51981,-0.14363,-0.1386,-0.83064,-0.83,1.09,0.2,-0.51981,-0.14363,-0.1386,-0.83064,-0.87,1.07,0.09,0.34558,-0.05515,-0.1468,-0.92519,-0.87,1.1,0.13,0.17833,-0.05256,-0.20672,-0.96057,-0.87,1.12,0.17,-0.28412,-0.16153,-0.19647,-0.92444,-0.86,1.11,0.19,-0.52116,-0.23103,-0.16942,-0.80394,-0.85,1.09,0.2,-0.52116,-0.23103,-0.16942,-0.80394,-0.88,1.07,0.1,0.28557,0.00222,-0.38114,-0.8793,-0.89,1.09,0.13,0.20252,-0.0452,-0.28677,-0.93526,-0.89,1.1,0.16,-0.22613,-0.15749,-0.31134,-0.90947,-0.88,1.09,0.18,-0.42804,-0.27271,-0.27187,-0.81762,-0.87,1.08,0.19,-0.42804,-0.27271,-0.27187,-0.81762,-0.71,1.09,0.12,-0.32284,-0.18169,-0.08598,0.92486,-0.68,1.06,0.07,-0.32284,-0.18169,-0.08598,0.92486,-0.72,1.06,0.09,-0.44774,-0.23179,0.57709,0.64247,-0.75,1.07,0.11,-0.28493,-0.08917,0.53985,0.78703,-0.77,1.09,0.14,-0.19564,-0.06271,0.62111,0.75632,-0.77,1.09,0.16,-0.19564,-0.06271,0.62111,0.75632,-0.71,1.07,0.09,-0.32284,-0.18169,-0.08598,0.92486,-0.73,1.11,0.13,0.01101,-0.25024,0.07157,0.96547,-0.75,1.11,0.16,0.42182,-0.2009,0.14515,0.87215,-0.76,1.09,0.18,0.57883,-0.14302,0.17498,0.78351,-0.76,1.07,0.18,0.57883,-0.14302,0.17498,0.78351,-0.7,1.07,0.1,-0.32284,-0.18169,-0.08598,0.92486,-0.71,1.11,0.14,-0.04764,-0.20275,-0.0372,0.97736,-0.73,1.12,0.18,0.36113,-0.20134,0.03691,0.90977,-0.74,1.1,0.19,0.56978,-0.17251,0.01919,0.80326,-0.74,1.08,0.2,0.56978,-0.17251,0.01919,0.80326,-0.68,1.07,0.1,-0.32284,-0.18169,-0.08598,0.92486,-0.69,1.1,0.14,-0.14661,-0.14836,-0.13302,0.96892,-0.7,1.12,0.18,0.3435,-0.21318,-0.08304,0.91086,-0.72,1.1,0.19,0.60368,-0.24851,-0.0418,0.75636,-0.73,1.08,0.2,0.60368,-0.24851,-0.0418,0.75636,-0.68,1.07,0.11,-0.24591,-0.1145,-0.31669,0.90891,-0.68,1.09,0.15,-0.33275,-0.00467,-0.24369,0.91097,-0.67,1.11,0.17,0.21825,-0.14913,-0.27921,0.92313,-0.68,1.1,0.19,0.50757,-0.27832,-0.21933,0.78537,-0.7,1.09,0.19,0.50757,-0.27832,-0.21933,0.78537,-0.81,1.08,0.19
-0.79,1.45,-0.16,-0.79,1.45,-0.16,-0.85,1.1,0.11,0.35122,-0.06355,-0.13009,-0.92503,-0.86,1.06,0.06,0.35122,-0.06355,-0.13009,-0.92503,-0.82,1.07,0.09,0.45121,-0.16572,0.52865,-0.69962,-0.8,1.09,0.1,0.22208,-0.00236,0.47723,-0.85025,-0.79,1.1,0.13,0.10973,0.01948,0.55201,-0.82636,-0.79,1.11,0.16,0.10973,0.01948,0.55201,-0.82636,-0.84,1.08,0.09,0.35122,-0.06355,-0.13009,-0.92503,-0.83,1.12,0.13,0.065,-0.10342,-0.05629,-0.99091,-0.82,1.12,0.17,-0.35364,-0.12319,-0.03355,-0.92663,-0.82,1.11,0.18,-0.51765,-0.10016,-0.01858,-0.84951,-0.81,1.09,0.19,-0.51765,-0.10016,-0.01858,-0.84951,-0.85,1.07,0.09,0.35122,-0.06355,-0.13009,-0.92503,-0.85,1.12,0.13,0.10439,-0.0865,-0.12384,-0.983,-0.85,1.13,0.17,-0.3355,-0.13413,-0.08635,-0.92844,-0.84,1.11,0.19,-0.53512,-0.13619,-0.11733,-0.82543,-0.83,1.09,0.2,-0.53512,-0.13619,-0.11733,-0.82543,-0.87,1.07,0.09,0.35122,-0.06355,-0.13009,-0.92503,-0.87,1.11,0.13,0.16201,-0.06507,-0.18635,-0.96685,-0.87,1.12,0.17,-0.30417,-0.16298,-0.17282,-0.92253,-0.86,1.11,0.19,-0.54109,-0.22567,-0.14675,-0.79672,-0.85,1.09,0.2,-0.54109,-0.22567,-0.14675,-0.79672,-0.88,1.07,0.09,0.29164,-0.0068,-0.36557,-0.88389,-0.89,1.09,0.13,0.18845,-0.06247,-0.26762,-0.94285,-0.89,1.1,0.16,-0.24403,-0.16404,-0.28681,-0.91175,-0.88,1.1,0.18,-0.44781,-0.27334,-0.24715,-0.81466,-0.86,1.08,0.19,-0.44781,-0.27334,-0.24715,-0.81466,-0.71,1.09,0.12,-0.31181,-0.17309,-0.08421,0.93044,-0.68,1.06,0.07,-0.31181,-0.17309,-0.08421,0.93044,-0.72,1.07,0.09,-0.44998,-0.22368,0.56387,0.65539,-0.75,1.08,0.11,-0.2931,-0.09039,0.52232,0.79568,-0.76,1.09,0.14,-0.20976,-0.06952,0.60492,0.76501,-0.77,1.1,0.16,-0.20976,-0.06952,0.60492,0.76501,-0.71,1.07,0.1,-0.31181,-0.17309,-0.08421,0.93044,-0.73,1.11,0.14,0.03946,-0.24484,0.07672,0.96572,-0.75,1.11,0.17,0.44188,-0.19408,0.14613,0.86355,-0.75,1.09,0.18,0.58973,-0.13747,0.17384,0.77659,-0.76,1.07,0.19,0.58973,-0.13747,0.17384,0.77659,-0.7,1.07,0.1,-0.31181,-0.17309,-0.08421,0.93044,-0.71,1.11,0.14,-0.04367,-0.1932,-0.03991,0.97937,-0.73,1.12,0.18,0.37991,-0.19318,0.03354,0.90401,-0.74,1.1,0.2,0.59144,-0.16361,0.01483,0.78944,-0.74,1.07,0.2,0.59144,-0.16361,0.01483,0.78944,-0.68,1.07,0.1,-0.31181,-0.17309,-0.08421,0.93044,-0.69,1.1,0.14,-0.13732,-0.13783,-0.13279,0.97186,-0.7,1.12,0.18,0.36453,-0.20454,-0.08577,0.90439,-0.71,1.1,0.2,0.62317,-0.24051,-0.0471,0.74269,-0.72,1.08,0.2,0.62317,-0.24051,-0.0471,0.74269,-0.68,1.07,0.11,-0.23716,-0.10307,-0.31474,0.91327,-0.68,1.09,0.15,-0.3123,0.00336,-0.24031,0.91908,-0.67,1.11,0.17,0.23368,-0.13725,-0.28164,0.92045,-0.68,1.1,0.19,0.51285,-0.2658,-0.22878,0.78358,-0.69,1.09,0.2,0.51285,-0.2658,-0.22878,0.78358,-0.81,1.08,0.19
-0.79,1.45,-0.16,-0.79,1.45,-0.16,-0.85,1.1,0.11,0.35101,-0.07113,-0.09968,-0.92833,-0.86,1.06,0.06,0.35101,-0.07113,-0.09968,-0.92833,-0.82,1.07,0.09,0.44152,-0.17213,0.55543,-0.68332,-0.8,1.08,0.1,0.21418,0.00255,0.50655,-0.83518,-0.79,1.1,0.14,0.09748,0.0303,0.57846,-0.8093,-0.79,1.1,0.16,0.09748,0.0303,0.57846,-0.8093,-0.84,1.08,0.09,0.35101,-0.07113,-0.09968,-0.92833,-0.83,1.12,0.13,0.05526,-0.09833,-0.02636,-0.99327,-0.82,1.12,0.16,-0.36718,-0.10596,-0.00809,-0.92406,-0.82,1.1,0.18,-0.53052,-0.07846,0.0038,-0.84403,-0.81,1.09,0.19,-0.53052,-0.07846,0.0038,-0.84403,-0.85,1.07,0.09,0.35101,-0.07113,-0.09968,-0.92833,-0.85,1.12,0.13,0.08993,-0.08769,-0.09106,-0.98789,-0.84,1.13,0.17,-0.34998,-0.12069,-0.0565,-0.92723,-0.84,1.11,0.19,-0.54715,-0.11567,-0.09126,-0.82396,-0.83,1.09,0.2,-0.54715,-0.11567,-0.09126,-0.82396,-0.87,1.07,0.09,0.35101,-0.07113,-0.09968,-0.92833,-0.87,1.11,0.13,0.1513,-0.06969,-0.15377,-0.97396,-0.86,1.12,0.17,-0.3159,-0.1514,-0.14251,-0.92573,-0.86,1.11,0.19,-0.55342,-0.20613,-0.12124,-0.79784,-0.84,1.09,0.2,-0.55342,-0.20613,-0.12124,-0.79784,-0.88,1.07,0.09,0.29408,-0.01307,-0.33666,-0.89443,-0.88,1.09,0.13,0.18127,-0.07116,-0.23523,-0.95223,-0.88,1.1,0.16,-0.25297,-0.1569,-0.25463,-0.92008,-0.87,1.1,0.18,-0.46108,-0.25912,-0.21791,-0.82023,-0.86,1.08,0.19,-0.46108,-0.25912,-0.21791,-0.82023,-0.71,1.09,0.12,-0.29952,-0.1661,-0.08282,0.93586,-0.69,1.06,0.07,-0.29952,-0.1661,-0.08282,0.93586,-0.73,1.07,0.1,-0.43077,-0.22508,0.57182,0.6609,-0.75,1.07,0.11,-0.27479,-0.08896,0.53061,0.79689,-0.76,1.09,0.14,-0.19063,-0.06878,0.61215,0.76433,-0.77,1.09,0.16,-0.19063,-0.06878,0.61215,0.76433,-0.71,1.07,0.1,-0.29952,-0.1661,-0.08282,0.93586,-0.73,1.11,0.14,0.05549,-0.23839,0.07487,0.96669,-0.75,1.1,0.17,0.45775,-0.1884,0.14191,0.85722,-0.75,1.08,0.18,0.60234,-0.1329,0.16879,0.76878,-0.75,1.06,0.19,0.60234,-0.1329,0.16879,0.76878,-0.7,1.07,0.1,-0.29952,-0.1661,-0.08282,0.93586,-0.71,1.11,0.14,-0.0369,-0.1846,-0.04252,0.9812,-0.73,1.11,0.18,0.40061,-0.18596,0.03033,0.89667,-0.74,1.09,0.2,0.61336,-0.15557,0.01073,0.77425,-0.74,1.07,0.2,0.61336,-0.15557,0.01073,0.77425,-0.68,1.07,0.1,-0.29952,-0.1661,-0.08282,0.93586,-0.69,1.1,0.15,-0.12571,-0.12863,-0.13254,0.97472,-0.7,1.11,0.18,0.3828,-0.19664,-0.08898,0.89827,-0.71,1.1,0.2,0.63838,-0.23344,-0.053,0.73155,-0.72,1.07,0.2,0.63838,-0.23344,-0.053,0.73155,-0.68,1.07,0.11,-0.2268,-0.09298,-0.31292,0.91761,-0.68,1.09,0.15,-0.29584,0.01177,-0.23699,0.9253,-0.67,1.11,0.17,0.24943,-0.12679,-0.28367,0.91719,-0.68,1.1,0.19,0.51946,-0.25461,-0.23686,0.78053,-0.69,1.08,0.2,0.51946,-0.25461,-0.23686,0.78053,-0.81,1.08,0.19
-0.79,1.45,-0.16,-0.79,1.45,-0.16,-0.85,1.09,0.11,0.33535,-0.06562,-0.09966,-0.93451,-0.86,1.06,0.06,0.33535,-0.06562,-0.09966,-0.93451,-0.82,1.07,0.09,0.42068,-0.17441,0.56041,-0.69178,-0.8,1.08,0.11,0.18998,0.00511,0.51227,-0.83753,-0.8,1.09,0.14,0.07433,0.0303,0.58299,-0.80851,-0.79,1.1,0.16,0.07433,0.0303,0.58299,-0.80851,-0.84,1.07,0.09,0.33535,-0.06562,-0.09966,-0.93451,-0.83,1.11,0.13,0.03108,-0.09077,-0.02945,-0.99495,-0.82,1.12,0.17,-0.38692,-0.09972,-0.0145,-0.91659,-0.82,1.1,0.18,-0.54787,-0.07331,-0.00314,-0.83334,-0.82,1.08,0.19,-0.54787,-0.07331,-0.00314,-0.83334,-0.85,1.07,0.09,0.33535,-0.06562,-0.09966,-0.93451,-0.85,1.11,0.13,0.06439,-0.08239,-0.09197,-0.99026,-0.84,1.12,0.17,-0.36544,-0.11543,-0.06073,-0.92165,-0.84,1.1,0.19,-0.55552,-0.11015,-0.09648,-0.81851,-0.83,1.08,0.2,-0.55552,-0.11015,-0.09648,-0.81851,-0.87,1.07,0.09,0.33535,-0.06562,-0.09966,-0.93451,-0.87,1.1,0.13,0.12875,-0.06395,-0.15413,-0.97754,-0.87,1.11,0.17,-0.32801,-0.14419,-0.14715,-0.92193,-0.86,1.1,0.19,-0.5596,-0.1997,-0.12867,-0.79398,-0.85,1.08,0.2,-0.5596,-0.1997,-0.12867,-0.79398,-0.88,1.07,0.09,0.27995,-0.00363,-0.33581,-0.89936,-0.88,1.09,0.13,0.16318,-0.0652,-0.23527,-0.95591,-0.88,1.1,0.16,-0.2656,-0.14887,-0.25764,-0.91702,-0.88,1.09,0.18,-0.47071,-0.25156,-0.22387,-0.8155,-0.86,1.08,0.19,-0.47071,-0.25156,-0.22387,-0.8155,-0.71,1.09,0.12,-0.30021,-0.16845,-0.09674,0.93389,-0.69,1.06,0.07,-0.30021,-0.16845,-0.09674,0.93389,-0.73,1.07,0.1,-0.42955,-0.23176,0.56704,0.6635,-0.75,1.08,0.11,-0.2707,-0.09523,0.52765,0.79952,-0.77,1.09,0.14,-0.18358,-0.07305,0.60973,0.76758,-0.77,1.09,0.16,-0.18358,-0.07305,0.60973,0.76758,-0.72,1.07,0.1,-0.30021,-0.16845,-0.09674,0.93389,-0.73,1.11,0.14,0.02913,-0.24029,0.05081,0.96893,-0.75,1.11,0.17,0.44636,-0.19915,0.1236,0.86361,-0.76,1.09,0.18,0.59947,-0.14557,0.1537,0.7719,-0.76,1.07,0.19,0.59947,-0.14557,0.1537,0.7719,-0.7,1.07,0.1,-0.30021,-0.16845,-0.09674,0.93389,-0.71,1.11,0.14,-0.04614,-0.18657,-0.05907,0.97958,-0.73,1.12,0.18,0.4019,-0.19492,0.01858,0.89451,-0.74,1.1,0.2,0.62023,-0.16649,0.00225,0.76655,-0.74,1.07,0.2,0.62023,-0.16649,0.00225,0.76655,-0.68,1.07,0.1,-0.30021,-0.16845,-0.09674,0.93389,-0.69,1.1,0.15,-0.12386,-0.13327,-0.14568,0.97246,-0.7,1.11,0.18,0.38713,-0.2075,-0.09714,0.8931,-0.71,1.1,0.2,0.64255,-0.24605,-0.05708,0.72342,-0.72,1.08,0.2,0.64255,-0.24605,-0.05708,0.72342,-0.68,1.07,0.11,-0.22506,-0.09592,-0.32604,0.91315,-0.68,1.09,0.15,-0.28746,0.00595,-0.2507,0.92438,-0.67,1.11,0.17,0.26098,-0.13969,-0.29142,0.90964,-0.68,1.1,0.19,0.52961,-0.26955,-0.23994,0.76765,-0.7,1.08,0.2,0.52961,-0.26955,-0.23994,0.76765,-0.81,1.08,0.19
-0.79,1.45,-0.16,-0.79,1.45,-0.16,-0.85,1.09,0.11,0.3314,-0.06258,-0.1094,-0.93503,-0.86,1.06,0.06,0.3314,-0.06258,-0.1094,-0.93503,-0.82,1.07,0.09,0.41426,-0.17184,0.55721,-0.69884,-0.8,1.08,0.11,0.18038,0.0082,0.50822,-0.84208,-0.8,1.09,0.14,0.07039,0.02763,0.57926,-0.81163,-0.79,1.1,0.16,0.07039,0.02763,0.57926,-0.81163,-0.84,1.07,0.09,0.3314,-0.06258,-0.1094,-0.93503,-0.83,1.11,0.13,0.02429,-0.09124,-0.03929,-0.99476,-0.82,1.12,0.17,-0.38735,-0.10391,-0.02394,-0.91575,-0.82,1.1,0.18,-0.54758,-0.07912,-0.01174,-0.83292,-0.82,1.08,0.19,-0.54758,-0.07912,-0.01174,-0.83292,-0.85,1.07,0.09,0.3314,-0.06258,-0.1094,-0.93503,-0.85,1.11,0.13,0.0582,-0.08195,-0.10217,-0.98968,-0.85,1.12,0.17,-0.35975,-0.11848,-0.07154,-0.92273,-0.84,1.1,0.19,-0.54657,-0.11551,-0.10657,-0.82254,-0.83,1.08,0.2,-0.54657,-0.11551,-0.10657,-0.82254,-0.87,1.07,0.09,0.3314,-0.06258,-0.1094,-0.93503,-0.87,1.1,0.13,0.12658,-0.06221,-0.16436,-0.97627,-0.87,1.11,0.17,-0.32267,-0.14611,-0.15791,-0.92174,-0.86,1.1,0.19,-0.5507,-0.20408,-0.13897,-0.79735,-0.85,1.08,0.2,-0.5507,-0.20408,-0.13897,-0.79735,-0.88,1.07,0.09,0.27538,3e-05,-0.34486,-0.89735,-0.89,1.09,0.13,0.1624,-0.06178,-0.24536,-0.95373,-0.88,1.1,0.16,-0.26405,-0.14966,-0.26818,-0.91431,-0.88,1.09,0.18,-0.46772,-0.25472,-0.23389,-0.81342,-0.86,1.08,0.19,-0.46772,-0.25472,-0.23389,-0.81342,-0.71,1.09,0.12,-0.28781,-0.17206,-0.10264,0.9365,-0.69,1.06,0.07,-0.28781,-0.17206,-0.10264,0.9365,-0.73,1.07,0.09,-0.42907,-0.25324,0.55385,0.6671,-0.75,1.08,0.11,-0.26771,-0.11936,0.51944,0.80266,-0.77,1.09,0.14,-0.18523,-0.09995,0.60351,0.76907,-0.78,1.09,0.16,-0.18523,-0.09995,0.60351,0.76907,-0.72,1.07,0.1,-0.28781,-0.17206,-0.10264,0.9365,-0.73,1.11,0.14,-0.01126,-0.24983,0.03143,0.96771,-0.75,1.11,0.17,0.40232,-0.21796,0.10859,0.88252,-0.76,1.09,0.18,0.56749,-0.16599,0.14278,0.79374,-0.76,1.07,0.19,0.56749,-0.16599,0.14278,0.79374,-0.7,1.07,0.1,-0.28781,-0.17206,-0.10264,0.9365,-0.71,1.11,0.14,-0.10427,-0.18336,-0.0794,0.97427,-0.73,1.12,0.18,0.30975,-0.20177,-0.00907,0.92912,-0.74,1.11,0.2,0.53333,-0.18652,-0.02499,0.82471,-0.75,1.08,0.21,0.53333,-0.18652,-0.02499,0.82471,-0.68,1.07,0.1,-0.28781,-0.17206,-0.10264,0.9365,-0.69,1.1,0.15,-0.17033,-0.12314,-0.16036,0.96442,-0.7,1.12,0.18,0.32187,-0.20556,-0.11808,0.91662,-0.71,1.1,0.2,0.58466,-0.25243,-0.0767,0.76718,-0.73,1.08,0.21,0.58466,-0.25243,-0.0767,0.76718,-0.68,1.07,0.11,-0.21144,-0.0966,-0.33049,0.91473,-0.68,1.09,0.15,-0.29595,0.02067,-0.25369,0.92067,-0.67,1.11,0.17,0.24431,-0.12767,-0.30231,0.91248,-0.68,1.1,0.19,0.51742,-0.26276,-0.25247,0.77427,-0.69,1.08,0.2,0.51742,-0.26276,-0.25247,0.77427,-0.81,1.08,0.19
-0.79,1.45,-0.16,-0.79,1.45,-0.16,-0.85,1.09,0.11,0.33364,-0.06557,-0.11711,-0.9331,-0.86,1.06,0.06,0.33364,-0.06557,-0.11711,-0.9331,-0.82,1.07,0.09,0.41545,-0.17014,0.55511,-0.70022,-0.8,1.08,0.11,0.18066,0.0094,0.50558,-0.8436,-0.8,1.09,0.14,0.0803,0.02164,0.57778,-0.81195,-0.79,1.1,0.16,0.0803,0.02164,0.57778,-0.81195,-0.84,1.07,0.09,0.33364,-0.06557,-0.11711,-0.9331,-0.83,1.11,0.13,0.01864,-0.09708,-0.04437,-0.99411,-0.82,1.12,0.17,-0.39062,-0.11112,-0.0264,-0.91344,-0.82,1.1,0.18,-0.55024,-0.08664,-0.01279,-0.8304,-0.81,1.08,0.19,-0.55024,-0.08664,-0.01279,-0.8304,-0.85,1.07,0.09,0.33364,-0.06557,-0.11711,-0.9331,-0.85,1.11,0.13,0.05335,-0.08775,-0.1081,-0.98882,-0.85,1.12,0.17,-0.36059,-0.12589,-0.07495,-0.92115,-0.84,1.1,0.19,-0.54844,-0.12344,-0.10825,-0.81991,-0.83,1.08,0.2,-0.54844,-0.12344,-0.10825,-0.81991,-0.87,1.07,0.09,0.33364,-0.06557,-0.11711,-0.9331,-0.87,1.1,0.13,0.12701,-0.06721,-0.17112,-0.97471,-0.87,1.11,0.17,-0.32304,-0.15381,-0.16147,-0.91973,-0.86,1.1,0.19,-0.55224,-0.21259,-0.14005,-0.79386,-0.84,1.08,0.2,-0.55224,-0.21259,-0.14005,-0.79386,-0.88,1.07,0.09,0.27588,-0.00374,-0.35217,-0.89434,-0.89,1.09,0.13,0.1659,-0.06447,-0.25291,-0.95098,-0.88,1.1,0.16,-0.26559,-0.15715,-0.27306,-0.91116,-0.88,1.09,0.18,-0.47491,-0.26477,-0.23499,-0.80569,-0.86,1.08,0.19,-0.47491,-0.26477,-0.23499,-0.80569,-0.71,1.09,0.12,-0.25365,-0.17034,-0.10498,0.94638,-0.69,1.06,0.07,-0.25365,-0.17034,-0.10498,0.94638,-0.73,1.07,0.09,-0.42154,-0.28542,0.52631,0.68106,-0.75,1.08,0.11,-0.25714,-0.15811,0.49841,0.81269,-0.77,1.08,0.13,-0.1869,-0.14769,0.585,0.77526,-0.78,1.09,0.15,-0.1869,-0.14769,0.585,0.77526,-0.72,1.07,0.09,-0.25365,-0.17034,-0.10498,0.94638,-0.73,1.11,0.14,0.0137,-0.26363,0.0307,0.96404,-0.75,1.1,0.17,0.41751,-0.23094,0.11203,0.87167,-0.76,1.09,0.18,0.58686,-0.17688,0.15082,0.7756,-0.76,1.06,0.19,0.58686,-0.17688,0.15082,0.7756,-0.7,1.07,0.1,-0.25365,-0.17034,-0.10498,0.94638,-0.71,1.11,0.14,-0.1348,-0.17123,-0.096,0.97123,-0.73,1.12,0.18,0.20674,-0.19516,-0.04427,0.95771,-0.74,1.11,0.21,0.39493,-0.19432,-0.06689,0.89543,-0.75,1.09,0.22,0.39493,-0.19432,-0.06689,0.89543,-0.68,1.07,0.1,-0.25365,-0.17034,-0.10498,0.94638,-0.69,1.1,0.15,-0.21273,-0.10044,-0.17164,0.95666,-0.7,1.11,0.18,0.21914,-0.18396,-0.14885,0.94656,-0.71,1.11,0.2,0.46682,-0.24149,-0.11591,0.84281,-0.72,1.09,0.22,0.46682,-0.24149,-0.11591,0.84281,-0.68,1.07,0.11,-0.17821,-0.08651,-0.33004,0.92295,-0.68,1.08,0.15,-0.30429,0.06035,-0.24527,0.91848,-0.67,1.1,0.17,0.19367,-0.07743,-0.31814,0.92481,-0.68,1.09,0.19,0.46782,-0.2194,-0.28282,0.8081,-0.69,1.08,0.2,0.46782,-0.2194,-0.28282,0.8081,-0.81,1.08,0.19
-0.79,1.45,-0.16,-0.79,1.45,-0.16,-0.85,1.09,0.11,0.33688,-0.06488,-0.12201,-0.93135,-0.86,1.06,0.06,0.33688,-0.06488,-0.12201,-0.93135,-0.82,1.07,0.09,0.4182,-0.16638,0.5524,-0.70163,-0.8,1.08,0.11,0.18311,0.01187,0.5016,-0.84542,-0.8,1.09,0.14,0.08719,0.02065,0.57441,-0.81365,-0.79,1.1,0.16,0.08719,0.02065,0.57441,-0.81365,-0.84,1.07,0.09,0.33688,-0.06488,-0.12201,-0.93135,-0.83,1.11,0.13,0.01724,-0.09856,-0.04827,-0.99381,-0.82,1.12,0.17,-0.38775,-0.11389,-0.02986,-0.91422,-0.82,1.1,0.18,-0.54611,-0.08996,-0.01598,-0.83272,-0.81,1.08,0.19,-0.54611,-0.08996,-0.01598,-0.83272,-0.85,1.07,0.09,0.33688,-0.06488,-0.12201,-0.93135,-0.85,1.11,0.13,0.04968,-0.08933,-0.11235,-0.9884,-0.85,1.12,0.17,-0.36193,-0.12888,-0.07843,-0.91992,-0.84,1.1,0.19,-0.55023,-0.12702,-0.11093,-0.8178,-0.83,1.08,0.2,-0.55023,-0.12702,-0.11093,-0.8178,-0.87,1.07,0.09,0.33688,-0.06488,-0.12201,-0.93135,-0.87,1.1,0.13,0.12457,-0.0686,-0.17576,-0.97411,-0.87,1.11,0.17,-0.32631,-0.15726,-0.1648,-0.91741,-0.86,1.1,0.19,-0.55702,-0.21695,-0.14195,-0.78899,-0.84,1.08,0.2,-0.55702,-0.21695,-0.14195,-0.78899,-0.88,1.07,0.09,0.2785,-0.00408,-0.35703,-0.8916,-0.89,1.09,0.13,0.16837,-0.06397,-0.25833,-0.94912,-0.88,1.1,0.16,-0.26974,-0.16128,-0.27716,-0.90797,-0.88,1.09,0.18,-0.48351,-0.27115,-0.23649,-0.79798,-0.86,1.08,0.19,-0.48351,-0.27115,-0.23649,-0.79798,-0.71,1.09,0.12,-0.27736,-0.17648,-0.12119,0.93661,-0.69,1.06,0.07,-0.27736,-0.17648,-0.12119,0.93661,-0.73,1.07,0.09,-0.4576,-0.26712,0.50376,0.68226,-0.75,1.08,0.1,-0.29229,-0.14842,0.47051,0.81925,-0.77,1.09,0.13,-0.22856,-0.14181,0.5585,0.78468,-0.78,1.1,0.15,-0.22856,-0.14181,0.5585,0.78468,-0.72,1.08,0.09,-0.27736,-0.17648,-0.12119,0.93661,-0.73,1.11,0.14,-0.00624,-0.2699,0.01977,0.96267,-0.75,1.11,0.17,0.43233,-0.23749,0.11405,0.86237,-0.76,1.09,0.18,0.61816,-0.17927,0.15949,0.74854,-0.76,1.07,0.18,0.61816,-0.17927,0.15949,0.74854,-0.7,1.07,0.1,-0.27736,-0.17648,-0.12119,0.93661,-0.71,1.11,0.14,-0.05533,-0.1957,-0.08835,0.97511,-0.73,1.12,0.18,0.28188,-0.2145,-0.02904,0.93472,-0.74,1.1,0.2,0.46167,-0.2056,-0.04801,0.86156,-0.75,1.08,0.21,0.46167,-0.2056,-0.04801,0.86156,-0.68,1.07,0.1,-0.27736,-0.17648,-0.12119,0.93661,-0.69,1.1,0.15,-0.15604,-0.12721,-0.17783,0.96325,-0.7,1.11,0.18,0.26505,-0.20717,-0.14575,0.93037,-0.71,1.1,0.2,0.49978,-0.26109,-0.10944,0.81858,-0.73,1.09,0.21,0.49978,-0.26109,-0.10944,0.81858,-0.68,1.07,0.11,-0.1978,-0.09904,-0.34692,0.91144,-0.68,1.09,0.15,-0.31218,0.05093,-0.26759,0.91013,-0.67,1.1,0.17,0.18204,-0.0968,-0.33234,0.92035,-0.68,1.1,0.19,0.4364,-0.23605,-0.29391,0.81698,-0.69,1.09,0.2,0.4364,-0.23605,-0.29391,0.81698,-0.81,1.08,0.19
-0.79,1.45,-0.16,-0.79,1.45,-0.16,-0.85,1.09,0.11,0.33863,-0.06421,-0.12708,-0.93009,-0.86,1.06,0.06,0.33863,-0.06421,-0.12708,-0.93009,-0.83,1.07,0.09,0.42017,-0.16414,0.54912,-0.70355,-0.8,1.08,0.11,0.18546,0.01224,0.49751,-0.84731,-0.8,1.09,0.14,0.09036,0.02023,0.57069,-0.81593,-0.79,1.1,0.16,0.09036,0.02023,0.57069,-0.81593,-0.84,1.07,0.09,0.33863,-0.06421,-0.12708,-0.93009,-0.83,1.12,0.13,0.01584,-0.10038,-0.0523,-0.99345,-0.82,1.12,0.17,-0.38496,-0.117,-0.03333,-0.91488,-0.82,1.1,0.18,-0.54123,-0.09358,-0.01923,-0.83543,-0.81,1.08,0.19,-0.54123,-0.09358,-0.01923,-0.83543,-0.85,1.07,0.09,0.33863,-0.06421,-0.12708,-0.93009,-0.85,1.11,0.13,0.04812,-0.09086,-0.11688,-0.98781,-0.85,1.12,0.17,-0.36185,-0.132,-0.0821,-0.91918,-0.84,1.1,0.19,-0.55068,-0.13086,-0.1138,-0.8165,-0.83,1.08,0.2,-0.55068,-0.13086,-0.1138,-0.8165,-0.87,1.07,0.09,0.33863,-0.06421,-0.12708,-0.93009,-0.87,1.1,0.13,0.12371,-0.06959,-0.18066,-0.97325,-0.87,1.11,0.17,-0.32805,-0.16053,-0.16849,-0.91554,-0.86,1.1,0.19,-0.5599,-0.22123,-0.1443,-0.78533,-0.84,1.08,0.2,-0.5599,-0.22123,-0.1443,-0.78533,-0.88,1.07,0.09,0.27965,-0.00406,-0.36192,-0.88926,-0.89,1.09,0.13,0.17034,-0.06366,-0.26361,-0.94733,-0.88,1.1,0.16,-0.27186,-0.16482,-0.28134,-0.90542,-0.88,1.09,0.18,-0.48852,-0.27656,-0.23856,-0.79243,-0.86,1.08,0.19,-0.48852,-0.27656,-0.23856,-0.79243,-0.7,1.1,0.11,-0.34761,-0.17398,-0.14054,0.91058,-0.68,1.06,0.07,-0.34761,-0.17398,-0.14054,0.91058,-0.72,1.08,0.09,-0.51708,-0.20845,0.49191,0.66874,-0.75,1.09,0.1,-0.3566,-0.0994,0.44401,0.81597,-0.76,1.11,0.12,-0.28754,-0.08761,0.53269,0.79113,-0.78,1.12,0.14,-0.28754,-0.08761,0.53269,0.79113,-0.71,1.08,0.09,-0.34761,-0.17398,-0.14054,0.91058,-0.73,1.12,0.13,-0.06607,-0.25817,0.00359,0.96383,-0.75,1.13,0.16,0.40586,-0.23281,0.1018,0.8779,-0.75,1.11,0.17,0.60166,-0.17665,0.14707,0.76497,-0.76,1.09,0.18,0.60166,-0.17665,0.14707,0.76497,-0.7,1.08,0.09,-0.34761,-0.17398,-0.14054,0.91058,-0.71,1.12,0.13,-0.01966,-0.21986,-0.07561,0.9724,-0.72,1.13,0.17,0.32301,-0.2325,-0.00674,0.91737,-0.74,1.11,0.19,0.50327,-0.21641,-0.02157,0.83631,-0.75,1.09,0.2,0.50327,-0.21641,-0.02157,0.83631,-0.68,1.08,0.1,-0.34761,-0.17398,-0.14054,0.91058,-0.69,1.11,0.14,-0.11533,-0.16351,-0.17881,0.96332,-0.7,1.12,0.17,0.30719,-0.23935,-0.13102,0.91169,-0.71,1.11,0.19,0.53796,-0.28706,-0.08726,0.78777,-0.73,1.09,0.2,0.53796,-0.28706,-0.08726,0.78777,-0.67,1.07,0.11,-0.26408,-0.11517,-0.37017,0.88316,-0.68,1.1,0.14,-0.35492,0.03195,-0.30256,0.88401,-0.67,1.12,0.17,0.14075,-0.13676,-0.35123,0.91549,-0.67,1.11,0.18,0.38291,-0.27556,-0.30124,0.82868,-0.69,1.1,0.2,0.38291,-0.27556,-0.30124,0.82868,-0.81,1.08,0.19
-0.79,1.44,-0.16,-0.79,1.44,-0.16,-0.85,1.09,0.11,0.33636,-0.06534,-0.12987,-0.93044,-0.86,1.06,0.06,0.33636,-0.06534,-0.12987,-0.93044,-0.82,1.07,0.09,0.4191,-0.16648,0.54733,-0.70504,-0.8,1.08,0.11,0.18472,0.00901,0.49641,-0.84816,-0.8,1.09,0.14,0.09056,0.01636,0.56995,-0.81651,-0.79,1.1,0.16,0.09056,0.01636,0.56995,-0.81651,-0.84,1.08,0.09,0.33636,-0.06534,-0.12987,-0.93044,-0.83,1.12,0.13,0.00963,-0.10286,-0.05391,-0.99319,-0.82,1.12,0.17,-0.38845,-0.11967,-0.03411,-0.91303,-0.82,1.1,0.18,-0.54205,-0.09624,-0.01975,-0.83458,-0.81,1.08,0.19,-0.54205,-0.09624,-0.01975,-0.83458,-0.85,1.07,0.09,0.33636,-0.06534,-0.12987,-0.93044,-0.85,1.11,0.13,0.04315,-0.09341,-0.11869,-0.98759,-0.85,1.12,0.17,-0.36644,-0.13501,-0.08269,-0.91688,-0.84,1.1,0.19,-0.5554,-0.13365,-0.11361,-0.81287,-0.83,1.08,0.2,-0.5554,-0.13365,-0.11361,-0.81287,-0.87,1.07,0.09,0.33636,-0.06534,-0.12987,-0.93044,-0.87,1.1,0.13,0.11964,-0.07164,-0.18283,-0.97321,-0.87,1.11,0.17,-0.33379,-0.16353,-0.16923,-0.9128,-0.86,1.1,0.19,-0.56606,-0.2243,-0.14405,-0.78007,-0.84,1.08,0.2,-0.56606,-0.2243,-0.14405,-0.78007,-0.88,1.07,0.09,0.27682,-0.00469,-0.36436,-0.88915,-0.89,1.09,0.13,0.16768,-0.06483,-0.26608,-0.94704,-0.88,1.1,0.16,-0.27831,-0.16796,-0.28239,-0.90255,-0.88,1.09,0.18,-0.49716,-0.28062,-0.23805,-0.78576,-0.86,1.08,0.19,-0.49716,-0.28062,-0.23805,-0.78576,-0.7,1.11,0.11,-0.41047,-0.16178,-0.13618,0.88702,-0.68,1.06,0.07,-0.41047,-0.16178,-0.13618,0.88702,-0.72,1.08,0.09,-0.54793,-0.15658,0.50992,0.64438,-0.75,1.1,0.1,-0.39419,-0.04698,0.45053,0.79964,-0.76,1.12,0.12,-0.30212,-0.01876,0.53571,0.78828,-0.77,1.13,0.14,-0.30212,-0.01876,0.53571,0.78828,-0.71,1.08,0.09,-0.41047,-0.16178,-0.13618,0.88702,-0.72,1.13,0.12,-0.13686,-0.22768,-0.00488,0.96406,-0.74,1.14,0.15,0.34902,-0.21125,0.08173,0.90933,-0.75,1.12,0.17,0.55535,-0.16048,0.1211,0.80695,-0.75,1.1,0.18,0.55535,-0.16048,0.1211,0.80695,-0.69,1.08,0.09,-0.41047,-0.16178,-0.13618,0.88702,-0.7,1.13,0.13,-0.06736,-0.21187,-0.06745,0.97264,-0.72,1.14,0.16,0.28716,-0.22278,0.00022,0.93162,-0.73,1.12,0.18,0.47504,-0.20772,-0.0165,0.85494,-0.74,1.1,0.2,0.47504,-0.20772,-0.0165,0.85494,-0.68,1.08,0.1,-0.41047,-0.16178,-0.13618,0.88702,-0.69,1.12,0.13,-0.16501,-0.16263,-0.17455,0.957,-0.69,1.14,0.17,0.26221,-0.23905,-0.12609,0.92639,-0.71,1.12,0.19,0.50226,-0.28685,-0.08055,0.81177,-0.72,1.11,0.2,0.50226,-0.28685,-0.08055,0.81177,-0.67,1.08,0.1,-0.3285,-0.1196,-0.37011,0.8607,-0.67,1.11,0.14,-0.41107,0.0267,-0.3103,0.85675,-0.66,1.13,0.16,0.08246,-0.1512,-0.35374,0.91935,-0.67,1.13,0.18,0.3223,-0.28825,-0.29842,0.85087,-0.68,1.12,0.19,0.3223,-0.28825,-0.29842,0.85087,-0.81,1.08,0.19
-0.79,1.45,-0.16,-0.79,1.45,-0.16,-0.85,1.09,0.11,0.33178,-0.06643,-0.12789,-0.93228,-0.86,1.06,0.06,0.33178,-0.06643,-0.12789,-0.93228,-0.82,1.07,0.09,0.41454,-0.16986,0.54932,-0.70537,-0.8,1.08,0.11,0.18108,0.00623,0.49946,-0.84718,-0.8,1.09,0.14,0.08878,0.01242,0.57308,-0.81458,-0.79,1.1,0.16,0.08878,0.01242,0.57308,-0.81458,-0.84,1.08,0.09,0.33178,-0.06643,-0.12789,-0.93228,-0.83,1.12,0.13,0.00133,-0.10357,-0.05125,-0.9933,-0.82,1.12,0.17,-0.39688,-0.11907,-0.03132,-0.90958,-0.82,1.1,0.18,-0.54961,-0.09511,-0.01687,-0.82982,-0.81,1.08,0.19,-0.54961,-0.09511,-0.01687,-0.82982,-0.85,1.07,0.09,0.33178,-0.06643,-0.12789,-0.93228,-0.85,1.11,0.13,0.03476,-0.09435,-0.11598,-0.98815,-0.85,1.12,0.17,-0.37566,-0.13477,-0.07965,-0.91344,-0.84,1.1,0.19,-0.5639,-0.13219,-0.11055,-0.80766,-0.83,1.08,0.2,-0.5639,-0.13219,-0.11055,-0.80766,-0.87,1.07,0.09,0.33178,-0.06643,-0.12789,-0.93228,-0.87,1.1,0.13,0.11138,-0.07263,-0.18025,-0.97459,-0.87,1.11,0.17,-0.34311,-0.16314,-0.16645,-0.90992,-0.86,1.1,0.19,-0.5746,-0.22297,-0.14165,-0.77463,-0.84,1.08,0.2,-0.5746,-0.22297,-0.14165,-0.77463,-0.88,1.07,0.09,0.2724,-0.0045,-0.36217,-0.89141,-0.89,1.09,0.13,0.16283,-0.06468,-0.26398,-0.94848,-0.88,1.1,0.16,-0.28422,-0.16681,-0.28045,-0.90152,-0.88,1.09,0.18,-0.50205,-0.27879,-0.23696,-0.78363,-0.86,1.08,0.19,-0.50205,-0.27879,-0.23696,-0.78363,-0.7,1.1,0.11,-0.39088,-0.15981,-0.10329,0.90056,-0.68,1.05,0.07,-0.39088,-0.15981,-0.10329,0.90056,-0.72,1.07,0.09,-0.5159,-0.18134,0.5443,0.63616,-0.75,1.08,0.1,-0.35832,-0.0566,0.4927,0.79098,-0.76,1.1,0.13,-0.26196,-0.02433,0.57556,0.77429,-0.77,1.11,0.15,-0.26196,-0.02433,0.57556,0.77429,-0.71,1.07,0.09,-0.39088,-0.15981,-0.10329,0.90056,-0.73,1.12,0.13,-0.14427,-0.21453,0.01374,0.9659,-0.74,1.13,0.16,0.33221,-0.19205,0.08942,0.91911,-0.75,1.11,0.17,0.53924,-0.14031,0.1232,0.82119,-0.75,1.09,0.18,0.53924,-0.14031,0.1232,0.82119,-0.7,1.07,0.09,-0.39088,-0.15981,-0.10329,0.90056,-0.71,1.12,0.13,-0.06278,-0.19665,-0.04253,0.97754,-0.72,1.13,0.17,0.28885,-0.19969,0.01712,0.93616,-0.73,1.11,0.19,0.47337,-0.18191,-0.00504,0.86186,-0.74,1.09,0.2,0.47337,-0.18191,-0.00504,0.86186,-0.68,1.07,0.1,-0.39088,-0.15981,-0.10329,0.90056,-0.69,1.11,0.14,-0.16625,-0.14714,-0.14671,0.96394,-0.7,1.13,0.17,0.26093,-0.21304,-0.10833,0.9353,-0.71,1.11,0.19,0.50214,-0.25726,-0.0709,0.82258,-0.72,1.1,0.2,0.50214,-0.25726,-0.0709,0.82258,-0.67,1.07,0.11,-0.31431,-0.11113,-0.33837,0.87998,-0.67,1.1,0.14,-0.41222,0.03328,-0.27369,0.86836,-0.66,1.12,0.16,0.09363,-0.12951,-0.32583,0.93183,-0.67,1.12,0.18,0.34159,-0.26129,-0.27738,0.85913,-0.68,1.11,0.19,0.34159,-0.26129,-0.27738,0.85913,-0.81,1.08,0.19
-0.79,1.45,-0.16,-0.79,1.45,-0.16,-0.85,1.09,0.11,0.32255,-0.063,-0.13981,-0.93405,-0.86,1.06,0.06,0.32255,-0.063,-0.13981,-0.93405,-0.82,1.07,0.09,0.41036,-0.17247,0.53842,-0.71551,-0.8,1.09,0.11,0.17661,-0.00082,0.48909,-0.85416,-0.8,1.1,0.14,0.0854,0.00361,0.56368,-0.82156,-0.79,1.1,0.16,0.0854,0.00361,0.56368,-0.82156,-0.84,1.08,0.09,0.32255,-0.063,-0.13981,-0.93405,-0.83,1.12,0.13,-0.00773,-0.10583,-0.06293,-0.99236,-0.82,1.12,0.17,-0.40371,-0.12551,-0.04129,-0.90529,-0.82,1.1,0.18,-0.55522,-0.1031,-0.02546,-0.8249,-0.81,1.08,0.19,-0.55522,-0.1031,-0.02546,-0.8249,-0.85,1.07,0.09,0.32255,-0.063,-0.13981,-0.93405,-0.85,1.11,0.13,0.02705,-0.09458,-0.12828,-0.98685,-0.85,1.12,0.17,-0.38112,-0.13983,-0.09092,-0.90936,-0.84,1.1,0.19,-0.56747,-0.139,-0.12037,-0.8026,-0.83,1.08,0.2,-0.56747,-0.139,-0.12037,-0.8026,-0.87,1.07,0.09,0.32255,-0.063,-0.13981,-0.93405,-0.87,1.1,0.13,0.10481,-0.0701,-0.19284,-0.97309,-0.87,1.11,0.17,-0.34638,-0.166,-0.17909,-0.90576,-0.86,1.1,0.19,-0.57463,-0.22873,-0.15342,-0.77068,-0.84,1.08,0.2,-0.57463,-0.22873,-0.15342,-0.77068,-0.88,1.07,0.09,0.26247,0.00076,-0.37283,-0.89,-0.89,1.09,0.13,0.15933,-0.05803,-0.27659,-0.94591,-0.89,1.1,0.16,-0.28544,-0.16607,-0.29447,-0.89679,-0.88,1.09,0.18,-0.4985,-0.28081,-0.25159,-0.78061,-0.86,1.08,0.19,-0.4985,-0.28081,-0.25159,-0.78061,-0.7,1.09,0.11,-0.37944,-0.16625,-0.10319,0.90429,-0.68,1.05,0.07,-0.37944,-0.16625,-0.10319,0.90429,-0.72,1.07,0.09,-0.50677,-0.19362,0.54711,0.63746,-0.75,1.08,0.1,-0.34588,-0.06536,0.49905,0.79186,-0.76,1.1,0.13,-0.24613,-0.03075,0.58191,0.7745,-0.77,1.11,0.15,-0.24613,-0.03075,0.58191,0.7745,-0.71,1.07,0.09,-0.37944,-0.16625,-0.10319,0.90429,-0.73,1.12,0.13,-0.14324,-0.21987,0.01096,0.96489,-0.75,1.13,0.16,0.32135,-0.19913,0.087,0.92169,-0.75,1.11,0.18,0.52699,-0.14822,0.12173,0.82794,-0.76,1.09,0.19,0.52699,-0.14822,0.12173,0.82794,-0.7,1.07,0.1,-0.37944,-0.16625,-0.10319,0.90429,-0.71,1.12,0.13,-0.05658,-0.20194,-0.04206,0.97686,-0.72,1.12,0.17,0.28992,-0.20448,0.01845,0.93477,-0.73,1.11,0.19,0.46907,-0.18655,-0.00337,0.86323,-0.74,1.09,0.2,0.46907,-0.18655,-0.00337,0.86323,-0.68,1.07,0.1,-0.37944,-0.16625,-0.10319,0.90429,-0.69,1.11,0.14,-0.15999,-0.15094,-0.1461,0.96451,-0.7,1.12,0.17,0.2632,-0.21557,-0.10706,0.93423,-0.71,1.11,0.19,0.50078,-0.25916,-0.06982,0.82291,-0.72,1.09,0.2,0.50078,-0.25916,-0.06982,0.82291,-0.67,1.07,0.11,-0.30185,-0.11448,-0.33732,0.88431,-0.67,1.1,0.14,-0.40868,0.03216,-0.27118,0.87087,-0.67,1.12,0.16,0.09669,-0.12842,-0.32337,0.93252,-0.67,1.11,0.18,0.34445,-0.25947,-0.27557,0.85912,-0.69,1.11,0.19,0.34445,-0.25947,-0.27557,0.85912,-0.81,1.08,0.19
-0.79,1.45,-0.16,-0.79,1.45,-0.16,-0.86,1.09,0.11,0.31825,-0.05466,-0.17657,-0.92981,-0.86,1.06,0.06,0.31825,-0.05466,-0.17657,-0.92981,-0.83,1.08,0.09,0.41609,-0.16875,0.50718,-0.73564,-0.8,1.09,0.11,0.1837,-0.01132,0.45582,-0.87083,-0.8,1.1,0.14,0.09409,-0.00977,0.53318,-0.8407,-0.79,1.11,0.16,0.09409,-0.00977,0.53318,-0.8407,-0.84,1.08,0.09,0.31825,-0.05466,-0.17657,-0.92981,-0.84,1.12,0.13,-0.00882,-0.11235,-0.09934,-0.98865,-0.83,1.12,0.17,-0.40403,-0.14597,-0.0719,-0.90016,-0.82,1.1,0.18,-0.55523,-0.12855,-0.0521,-0.82005,-0.81,1.08,0.19,-0.55523,-0.12855,-0.0521,-0.82005,-0.85,1.07,0.09,0.31825,-0.05466,-0.17657,-0.92981,-0.86,1.11,0.13,0.03729,-0.09468,-0.16756,-0.9806,-0.85,1.12,0.18,-0.37296,-0.15668,-0.12597,-0.90581,-0.84,1.1,0.19,-0.56015,-0.16322,-0.15077,-0.79803,-0.83,1.08,0.2,-0.56015,-0.16322,-0.15077,-0.79803,-0.87,1.07,0.09,0.31825,-0.05466,-0.17657,-0.92981,-0.87,1.1,0.14,0.12069,-0.06311,-0.23248,-0.96302,-0.87,1.11,0.17,-0.32792,-0.17843,-0.21678,-0.90202,-0.86,1.1,0.19,-0.55246,-0.25058,-0.18636,-0.77283,-0.85,1.08,0.2,-0.55246,-0.25058,-0.18636,-0.77283,-0.88,1.07,0.1,0.25496,0.00846,-0.4071,-0.87704,-0.89,1.09,0.13,0.17149,-0.04209,-0.31546,-0.93237,-0.89,1.1,0.16,-0.26648,-0.16954,-0.33577,-0.88742,-0.88,1.09,0.18,-0.46724,-0.29172,-0.29234,-0.78175,-0.86,1.08,0.19,-0.46724,-0.29172,-0.29234,-0.78175,-0.71,1.09,0.11,-0.36089,-0.1914,-0.09508,0.90779,-0.68,1.05,0.07,-0.36089,-0.1914,-0.09508,0.90779,-0.73,1.07,0.09,-0.49823,-0.21924,0.55443,0.62953,-0.75,1.08,0.1,-0.33568,-0.08654,0.51375,0.78479,-0.77,1.09,0.13,-0.23143,-0.04613,0.59728,0.76653,-0.78,1.1,0.15,-0.23143,-0.04613,0.59728,0.76653,-0.72,1.07,0.09,-0.36089,-0.1914,-0.09508,0.90779,-0.73,1.11,0.13,-0.10799,-0.24566,0.03172,0.9628,-0.75,1.12,0.16,0.34508,-0.21254,0.1154,0.90688,-0.76,1.1,0.17,0.54077,-0.15557,0.15204,0.81256,-0.76,1.08,0.18,0.54077,-0.15557,0.15204,0.81256,-0.7,1.07,0.1,-0.36089,-0.1914,-0.09508,0.90779,-0.71,1.12,0.13,-0.04123,-0.22233,-0.02745,0.97371,-0.73,1.12,0.17,0.30474,-0.21826,0.03958,0.92625,-0.74,1.1,0.19,0.48312,-0.1952,0.02032,0.85328,-0.75,1.08,0.2,0.48312,-0.1952,0.02032,0.85328,-0.68,1.07,0.1,-0.36089,-0.1914,-0.09508,0.90779,-0.7,1.11,0.14,-0.14995,-0.16836,-0.13528,0.96482,-0.71,1.12,0.17,0.27261,-0.22637,-0.09023,0.93075,-0.72,1.11,0.19,0.50872,-0.26486,-0.05118,0.81758,-0.73,1.09,0.2,0.50872,-0.26486,-0.05118,0.81758,-0.68,1.07,0.11,-0.27976,-0.13434,-0.32713,0.89256,-0.68,1.09,0.14,-0.38948,0.01456,-0.26217,0.88281,-0.67,1.11,0.16,0.11639,-0.13589,-0.30769,0.93451,-0.68,1.11,0.18,0.36226,-0.26159,-0.25996,0.85601,-0.69,1.1,0.2,0.36226,-0.26159,-0.25996,0.85601,-0.81,1.08,0.19
-0.79,1.45,-0.16,-0.79,1.45,-0.16,-0.86,1.1,0.11,0.32977,-0.04658,-0.2018,-0.92106,-0.86,1.06,0.06,0.32977,-0.04658,-0.2018,-0.92106,-0.83,1.08,0.09,0.4251,-0.15981,0.49179,-0.7429,-0.81,1.1,0.11,0.19004,-0.00776,0.43758,-0.87883,-0.8,1.11,0.14,0.09926,-0.00678,0.51571,-0.85097,-0.8,1.11,0.16,0.09926,-0.00678,0.51571,-0.85097,-0.84,1.08,0.09,0.32977,-0.04658,-0.2018,-0.92106,-0.84,1.12,0.13,0.0058,-0.11246,-0.12611,-0.9856,-0.83,1.12,0.17,-0.39646,-0.15786,-0.09501,-0.89938,-0.82,1.11,0.18,-0.54947,-0.14446,-0.07278,-0.81971,-0.82,1.09,0.19,-0.54947,-0.14446,-0.07278,-0.81971,-0.85,1.08,0.09,0.32977,-0.04658,-0.2018,-0.92106,-0.86,1.12,0.13,0.06469,-0.08953,-0.19679,-0.9742,-0.85,1.12,0.17,-0.36445,-0.16765,-0.15113,-0.90345,-0.84,1.11,0.19,-0.55851,-0.18063,-0.172,-0.79111,-0.83,1.09,0.2,-0.55851,-0.18063,-0.172,-0.79111,-0.87,1.07,0.09,0.32977,-0.04658,-0.2018,-0.92106,-0.88,1.1,0.13,0.14545,-0.05564,-0.26066,-0.95279,-0.88,1.12,0.17,-0.31151,-0.18828,-0.24251,-0.89928,-0.86,1.1,0.19,-0.53673,-0.26741,-0.20763,-0.77286,-0.85,1.09,0.2,-0.53673,-0.26741,-0.20763,-0.77286,-0.88,1.07,0.1,0.2644,0.01221,-0.43147,-0.86242,-0.89,1.09,0.13,0.18473,-0.03476,-0.34243,-0.92055,-0.89,1.1,0.16,-0.24655,-0.17491,-0.36298,-0.8814,-0.88,1.09,0.18,-0.43957,-0.30144,-0.31819,-0.78401,-0.86,1.08,0.19,-0.43957,-0.30144,-0.31819,-0.78401,-0.71,1.09,0.12,-0.32326,-0.20263,-0.0719,0.92156,-0.68,1.05,0.07,-0.32326,-0.20263,-0.0719,0.92156,-0.73,1.06,0.09,-0.46506,-0.25365,0.57278,0.62555,-0.75,1.07,0.1,-0.30154,-0.11191,0.54203,0.77637,-0.77,1.08,0.13,-0.19825,-0.06994,0.62549,0.75138,-0.78,1.09,0.15,-0.19825,-0.06994,0.62549,0.75138,-0.72,1.07,0.09,-0.32326,-0.20263,-0.0719,0.92156,-0.74,1.11,0.13,-0.02381,-0.26737,0.08166,0.95983,-0.76,1.11,0.16,0.40579,-0.20984,0.16603,0.87392,-0.76,1.09,0.17,0.58107,-0.14379,0.20051,0.77555,-0.76,1.07,0.18,0.58107,-0.14379,0.20051,0.77555,-0.7,1.07,0.1,-0.32326,-0.20263,-0.0719,0.92156,-0.72,1.11,0.14,-0.04615,-0.22363,-0.01388,0.97348,-0.74,1.11,0.17,0.31462,-0.21392,0.05609,0.9231,-0.74,1.1,0.19,0.50518,-0.18599,0.03741,0.8419,-0.75,1.08,0.2,0.50518,-0.18599,0.03741,0.8419,-0.68,1.07,0.1,-0.32326,-0.20263,-0.0719,0.92156,-0.7,1.1,0.14,-0.15193,-0.16183,-0.11853,0.96782,-0.71,1.11,0.18,0.28749,-0.21472,-0.07467,0.93041,-0.72,1.1,0.19,0.53193,-0.24926,-0.03771,0.80839,-0.73,1.08,0.2,0.53193,-0.24926,-0.03771,0.80839,-0.68,1.07,0.11,-0.24401,-0.13507,-0.30205,0.91158,-0.68,1.09,0.14,-0.35011,0.01699,-0.23423,0.90679,-0.68,1.11,0.17,0.16267,-0.11646,-0.28606,0.93709,-0.68,1.1,0.19,0.41717,-0.23939,-0.24487,0.84184,-0.69,1.09,0.2,0.41717,-0.23939,-0.24487,0.84184,-0.81,1.08,0.19
-0.79,1.44,-0.16,-0.79,1.44,-0.16,-0.86,1.1,0.11,0.35538,-0.05119,-0.17749,-0.91629,-0.86,1.06,0.06,0.35538,-0.05119,-0.17749,-0.91629,-0.83,1.08,0.09,0.43479,-0.15311,0.51821,-0.7204,-0.8,1.1,0.11,0.2018,0.00798,0.46243,-0.86335,-0.8,1.11,0.14,0.09287,0.02302,0.53683,-0.83825,-0.8,1.11,0.16,0.09287,0.02302,0.53683,-0.83825,-0.84,1.08,0.09,0.35538,-0.05119,-0.17749,-0.91629,-0.84,1.13,0.13,0.03671,-0.10231,-0.10574,-0.98844,-0.83,1.13,0.16,-0.39639,-0.1435,-0.07614,-0.90359,-0.82,1.11,0.18,-0.55913,-0.12778,-0.05503,-0.81732,-0.82,1.09,0.19,-0.55913,-0.12778,-0.05503,-0.81732,-0.85,1.08,0.09,0.35538,-0.05119,-0.17749,-0.91629,-0.86,1.12,0.13,0.09724,-0.08484,-0.17425,-0.97621,-0.85,1.13,0.17,-0.36035,-0.15755,-0.12874,-0.91036,-0.84,1.11,0.19,-0.56832,-0.16783,-0.15134,-0.79116,-0.83,1.09,0.2,-0.56832,-0.16783,-0.15134,-0.79116,-0.87,1.07,0.09,0.35538,-0.05119,-0.17749,-0.91629,-0.88,1.11,0.13,0.17287,-0.05761,-0.23692,-0.95429,-0.87,1.12,0.17,-0.30599,-0.18428,-0.21717,-0.90843,-0.86,1.11,0.19,-0.54272,-0.25859,-0.18226,-0.77806,-0.85,1.09,0.19,-0.54272,-0.25859,-0.18226,-0.77806,-0.88,1.07,0.09,0.29174,0.00222,-0.41046,-0.86395,-0.89,1.09,0.13,0.20629,-0.04421,-0.3188,-0.92404,-0.89,1.1,0.16,-0.22927,-0.17467,-0.33834,-0.8958,-0.88,1.1,0.18,-0.43019,-0.29663,-0.29274,-0.80078,-0.86,1.09,0.19,-0.43019,-0.29663,-0.29274,-0.80078,-0.71,1.09,0.12,-0.31742,-0.19634,-0.08932,0.92342,-0.68,1.06,0.07,-0.31742,-0.19634,-0.08932,0.92342,-0.73,1.07,0.09,-0.46194,-0.25002,0.56096,0.63986,-0.75,1.08,0.1,-0.2995,-0.11371,0.52771,0.78669,-0.77,1.09,0.13,-0.2106,-0.08522,0.61192,0.75759,-0.78,1.09,0.15,-0.2106,-0.08522,0.61192,0.75759,-0.71,1.07,0.09,-0.31742,-0.19634,-0.08932,0.92342,-0.74,1.11,0.13,-0.01994,-0.28301,0.07428,0.95603,-0.76,1.11,0.16,0.40055,-0.2284,0.16436,0.872,-0.76,1.09,0.17,0.56717,-0.16455,0.2007,0.78164,-0.76,1.07,0.18,0.56717,-0.16455,0.2007,0.78164,-0.7,1.07,0.1,-0.31742,-0.19634,-0.08932,0.92342,-0.71,1.11,0.14,-0.0715,-0.21978,-0.04079,0.97207,-0.73,1.12,0.17,0.34815,-0.21814,0.04326,0.91068,-0.74,1.1,0.19,0.56908,-0.18717,0.03063,0.80012,-0.75,1.08,0.2,0.56908,-0.18717,0.03063,0.80012,-0.68,1.07,0.1,-0.31742,-0.19634,-0.08932,0.92342,-0.7,1.11,0.14,-0.14172,-0.15773,-0.1361,0.96774,-0.71,1.12,0.18,0.34981,-0.22283,-0.08073,0.90634,-0.72,1.1,0.19,0.6127,-0.25669,-0.03571,0.74661,-0.73,1.08,0.2,0.6127,-0.25669,-0.03571,0.74661,-0.68,1.07,0.11,-0.23718,-0.12783,-0.3186,0.90879,-0.68,1.09,0.14,-0.31238,0.01487,-0.25099,0.91608,-0.67,1.11,0.17,0.22731,-0.13214,-0.29694,0.91799,-0.68,1.1,0.19,0.50328,-0.26537,-0.24519,0.78496,-0.7,1.09,0.19,0.50328,-0.26537,-0.24519,0.78496,-0.81,1.08,0.19
-0.79,1.45,-0.16,-0.79,1.45,-0.16,-0.85,1.1,0.11,0.36322,-0.06332,-0.13347,-0.91992,-0.86,1.06,0.06,0.36322,-0.06332,-0.13347,-0.91992,-0.82,1.08,0.09,0.42876,-0.1624,0.55676,-0.69268,-0.8,1.09,0.11,0.19793,0.01485,0.50467,-0.84018,-0.8,1.1,0.14,0.07594,0.04357,0.57431,-0.81394,-0.8,1.11,0.16,0.07594,0.04357,0.57431,-0.81394,-0.84,1.08,0.09,0.36322,-0.06332,-0.13347,-0.91992,-0.83,1.12,0.13,0.04951,-0.09429,-0.06413,-0.99224,-0.83,1.13,0.16,-0.406,-0.11951,-0.03955,-0.90516,-0.82,1.11,0.18,-0.57947,-0.09782,-0.02159,-0.80881,-0.82,1.09,0.19,-0.57947,-0.09782,-0.02159,-0.80881,-0.85,1.08,0.09,0.36322,-0.06332,-0.13347,-0.91992,-0.85,1.12,0.13,0.10137,-0.0845,-0.12908,-0.98281,-0.85,1.13,0.17,-0.37275,-0.13791,-0.08687,-0.91351,-0.84,1.11,0.19,-0.59063,-0.13911,-0.11473,-0.78654,-0.83,1.09,0.19,-0.59063,-0.13911,-0.11473,-0.78654,-0.87,1.08,0.09,0.36322,-0.06332,-0.13347,-0.91992,-0.87,1.11,0.13,0.1715,-0.06456,-0.19107,-0.96432,-0.87,1.13,0.16,-0.32551,-0.1707,-0.17206,-0.91395,-0.86,1.11,0.18,-0.57671,-0.23442,-0.14061,-0.76986,-0.85,1.09,0.19,-0.57671,-0.23442,-0.14061,-0.76986,-0.88,1.07,0.09,0.30292,-0.00983,-0.36948,-0.87842,-0.89,1.1,0.13,0.20305,-0.05956,-0.27313,-0.93842,-0.89,1.11,0.16,-0.25605,-0.17322,-0.28922,-0.90597,-0.88,1.1,0.17,-0.48227,-0.28926,-0.2403,-0.7912,-0.86,1.09,0.18,-0.48227,-0.28926,-0.2403,-0.7912,-0.71,1.09,0.12,-0.31272,-0.18435,-0.09532,0.92689,-0.68,1.06,0.07,-0.31272,-0.18435,-0.09532,0.92689,-0.73,1.07,0.09,-0.45059,-0.24034,0.56205,0.65062,-0.75,1.08,0.11,-0.29133,-0.10582,0.52519,0.79253,-0.77,1.09,0.13,-0.20744,-0.08314,0.60865,0.76132,-0.78,1.1,0.15,-0.20744,-0.08314,0.60865,0.76132,-0.71,1.07,0.09,-0.31272,-0.18435,-0.09532,0.92689,-0.73,1.11,0.13,0.00749,-0.27429,0.07263,0.95887,-0.75,1.11,0.16,0.42834,-0.22018,0.15945,0.86176,-0.76,1.09,0.18,0.58852,-0.15813,0.19417,0.76873,-0.76,1.07,0.18,0.58852,-0.15813,0.19417,0.76873,-0.7,1.07,0.1,-0.31272,-0.18435,-0.09532,0.92689,-0.71,1.11,0.14,-0.07305,-0.20758,-0.0523,0.97408,-0.73,1.12,0.18,0.3909,-0.21035,0.03772,0.89528,-0.74,1.1,0.19,0.63025,-0.17535,0.02711,0.75585,-0.74,1.08,0.2,0.63025,-0.17535,0.02711,0.75585,-0.68,1.07,0.1,-0.31272,-0.18435,-0.09532,0.92689,-0.7,1.11,0.14,-0.14237,-0.14469,-0.1451,0.96837,-0.7,1.12,0.18,0.38863,-0.21945,-0.08625,0.89071,-0.72,1.1,0.19,0.66211,-0.25376,-0.03806,0.70411,-0.73,1.08,0.19,0.66211,-0.25376,-0.03806,0.70411,-0.68,1.07,0.11,-0.23421,-0.11487,-0.32469,0.90914,-0.68,1.09,0.15,-0.29684,0.01679,-0.25534,0.92001,-0.67,1.11,0.17,0.27182,-0.14082,-0.29863,0.90394,-0.68,1.1,0.19,0.55528,-0.27777,-0.24134,0.74583,-0.7,1.09,0.19,0.55528,-0.27777,-0.24134,0.74583,-0.81,1.08,0.19
-0.79,1.45,-0.16,-0.79,1.45,-0.16,-0.85,1.1,0.11,0.36435,-0.06291,-0.11652,-0.9218,-0.86,1.06,0.06,0.36435,-0.06291,-0.11652,-0.9218,-0.82,1.08,0.09,0.42139,-0.16245,0.57227,-0.68451,-0.8,1.09,0.11,0.19242,0.02103,0.52038,-0.83171,-0.8,1.1,0.14,0.06575,0.05462,0.58755,-0.80466,-0.8,1.11,0.16,0.06575,0.05462,0.58755,-0.80466,-0.84,1.08,0.09,0.36435,-0.06291,-0.11652,-0.9218,-0.83,1.12,0.13,0.05419,-0.08572,-0.05057,-0.99356,-0.82,1.13,0.16,-0.4171,-0.10638,-0.02956,-0.90213,-0.82,1.11,0.18,-0.59701,-0.08311,-0.01313,-0.79781,-0.82,1.09,0.18,-0.59701,-0.08311,-0.01313,-0.79781,-0.85,1.08,0.09,0.36435,-0.06291,-0.11652,-0.9218,-0.85,1.12,0.13,0.09188,-0.07978,-0.11268,-0.98615,-0.85,1.13,0.17,-0.39975,-0.12729,-0.07232,-0.90486,-0.84,1.11,0.19,-0.62722,-0.12414,-0.1021,-0.76208,-0.83,1.09,0.19,-0.62722,-0.12414,-0.1021,-0.76208,-0.87,1.08,0.09,0.36435,-0.06291,-0.11652,-0.9218,-0.87,1.11,0.13,0.14782,-0.06562,-0.17275,-0.9716,-0.87,1.12,0.16,-0.3674,-0.16453,-0.1535,-0.90243,-0.86,1.11,0.18,-0.63014,-0.22364,-0.12212,-0.73348,-0.85,1.09,0.19,-0.63014,-0.22364,-0.12212,-0.73348,-0.88,1.07,0.09,0.30645,-0.0091,-0.35363,-0.88372,-0.89,1.1,0.13,0.18178,-0.06818,-0.2543,-0.94744,-0.88,1.11,0.16,-0.30383,-0.17741,-0.26523,-0.8977,-0.87,1.1,0.17,-0.55452,-0.29307,-0.20929,-0.75021,-0.86,1.08,0.18,-0.55452,-0.29307,-0.20929,-0.75021,-0.71,1.09,0.12,-0.30293,-0.18065,-0.09478,0.93092,-0.69,1.06,0.07,-0.30293,-0.18065,-0.09478,0.93092,-0.73,1.07,0.09,-0.43639,-0.24232,0.56766,0.65468,-0.75,1.08,0.11,-0.27742,-0.10553,0.53131,0.79348,-0.77,1.09,0.14,-0.19324,-0.08357,0.61402,0.76069,-0.78,1.09,0.16,-0.19324,-0.08357,0.61402,0.76069,-0.72,1.07,0.09,-0.30293,-0.18065,-0.09478,0.93092,-0.73,1.11,0.13,0.02762,-0.26968,0.07302,0.95978,-0.75,1.11,0.17,0.44794,-0.21514,0.15799,0.85329,-0.76,1.09,0.18,0.60324,-0.15399,0.19171,0.7587,-0.76,1.07,0.18,0.60324,-0.15399,0.19171,0.7587,-0.7,1.07,0.1,-0.30293,-0.18065,-0.09478,0.93092,-0.71,1.11,0.14,-0.06395,-0.20207,-0.05404,0.97579,-0.73,1.12,0.18,0.41197,-0.20567,0.0364,0.88693,-0.74,1.1,0.19,0.65345,-0.16902,0.02564,0.73742,-0.74,1.08,0.2,0.65345,-0.16902,0.02564,0.73742,-0.68,1.07,0.1,-0.30293,-0.18065,-0.09478,0.93092,-0.7,1.1,0.14,-0.1375,-0.1389,-0.14561,0.96985,-0.7,1.12,0.18,0.40517,-0.21567,-0.08724,0.88414,-0.72,1.1,0.19,0.67907,-0.24994,-0.03959,0.68907,-0.73,1.08,0.19,0.67907,-0.24994,-0.03959,0.68907,-0.68,1.07,0.11,-0.2255,-0.10869,-0.32369,0.91245,-0.68,1.09,0.15,-0.28984,0.0158,-0.25191,0.92319,-0.67,1.11,0.17,0.28884,-0.14204,-0.29438,0.89985,-0.68,1.1,0.19,0.57573,-0.2789,-0.23584,0.73152,-0.7,1.08,0.19,0.57573,-0.2789,-0.23584,0.73152,-0.81,1.08,0.19
-0.79,1.44,-0.16,-0.79,1.44,-0.16,-0.85,1.1,0.11,0.34728,-0.05826,-0.10784,-0.92972,-0.86,1.06,0.06,0.34728,-0.05826,-0.10784,-0.92972,-0.82,1.07,0.09,0.40422,-0.17223,0.57696,-0.68852,-0.8,1.09,0.11,0.17523,0.01423,0.52822,-0.83071,-0.8,1.1,0.14,0.05019,0.04662,0.59533,-0.80056,-0.8,1.1,0.16,0.05019,0.04662,0.59533,-0.80056,-0.84,1.08,0.09,0.34728,-0.05826,-0.10784,-0.92972,-0.83,1.12,0.13,0.05087,-0.07417,-0.04845,-0.99477,-0.82,1.12,0.17,-0.41702,-0.09498,-0.03348,-0.9033,-0.82,1.11,0.18,-0.59748,-0.07277,-0.0193,-0.79835,-0.82,1.09,0.19,-0.59748,-0.07277,-0.0193,-0.79835,-0.85,1.08,0.09,0.34728,-0.05826,-0.10784,-0.92972,-0.85,1.12,0.13,0.05803,-0.07182,-0.10581,-0.99009,-0.85,1.13,0.17,-0.44551,-0.11767,-0.06843,-0.88487,-0.84,1.1,0.19,-0.67692,-0.11108,-0.09937,-0.72081,-0.83,1.08,0.19,-0.67692,-0.11108,-0.09937,-0.72081,-0.87,1.08,0.09,0.34728,-0.05826,-0.10784,-0.92972,-0.87,1.11,0.13,0.09228,-0.06341,-0.16273,-0.9803,-0.87,1.12,0.17,-0.43798,-0.15818,-0.14432,-0.87311,-0.86,1.1,0.18,-0.70314,-0.21388,-0.11338,-0.66857,-0.84,1.08,0.18,-0.70314,-0.21388,-0.11338,-0.66857,-0.88,1.07,0.09,0.29196,0.00021,-0.34455,-0.89221,-0.89,1.09,0.13,0.13127,-0.07199,-0.24404,-0.95814,-0.88,1.1,0.16,-0.37474,-0.17753,-0.25104,-0.87466,-0.87,1.09,0.17,-0.6393,-0.29344,-0.19038,-0.6848,-0.86,1.08,0.17,-0.6393,-0.29344,-0.19038,-0.6848,-0.71,1.09,0.12,-0.29193,-0.16863,-0.10955,0.93506,-0.69,1.06,0.07,-0.29193,-0.16863,-0.10955,0.93506,-0.73,1.07,0.09,-0.43201,-0.24446,0.55011,0.67155,-0.75,1.08,0.11,-0.26979,-0.11156,0.51334,0.807,-0.77,1.09,0.14,-0.18783,-0.09361,0.59728,0.77409,-0.78,1.1,0.16,-0.18783,-0.09361,0.59728,0.77409,-0.72,1.08,0.09,-0.29193,-0.16863,-0.10955,0.93506,-0.73,1.11,0.14,-0.05758,-0.26614,0.0225,0.96195,-0.75,1.12,0.17,0.32246,-0.24172,0.0981,0.90993,-0.76,1.1,0.18,0.48467,-0.19363,0.13222,0.84268,-0.77,1.08,0.19,0.48467,-0.19363,0.13222,0.84268,-0.7,1.07,0.1,-0.29193,-0.16863,-0.10955,0.93506,-0.71,1.11,0.14,-0.07021,-0.19085,-0.07597,0.97615,-0.73,1.12,0.18,0.39198,-0.20655,0.00846,0.89645,-0.74,1.1,0.2,0.63217,-0.17938,-0.00195,0.75378,-0.74,1.08,0.2,0.63217,-0.17938,-0.00195,0.75378,-0.68,1.07,0.1,-0.29193,-0.16863,-0.10955,0.93506,-0.69,1.1,0.15,-0.13044,-0.12785,-0.16193,0.96975,-0.7,1.12,0.18,0.40178,-0.2138,-0.1089,0.88375,-0.71,1.1,0.2,0.67391,-0.25546,-0.06084,0.69056,-0.72,1.08,0.2,0.67391,-0.25546,-0.06084,0.69056,-0.68,1.07,0.11,-0.21519,-0.09446,-0.33752,0.91151,-0.68,1.09,0.15,-0.28104,0.01735,-0.26213,0.92304,-0.67,1.11,0.17,0.29359,-0.14509,-0.30378,0.89469,-0.68,1.1,0.19,0.58597,-0.28723,-0.24098,0.71838,-0.7,1.08,0.19,0.58597,-0.28723,-0.24098,0.71838,-0.81,1.08,0.19
-0.79,1.44,-0.16,-0.79,1.44,-0.16,-0.85,1.1,0.11,0.31648,-0.04829,-0.10085,-0.94199,-0.86,1.06,0.06,0.31648,-0.04829,-0.10085,-0.94199,-0.82,1.07,0.09,0.38428,-0.1887,0.57053,-0.70087,-0.8,1.08,0.11,0.15164,-0.00173,0.5271,-0.83616,-0.8,1.09,0.14,0.03248,0.0249,0.59586,-0.80204,-0.79,1.09,0.17,0.03248,0.0249,0.59586,-0.80204,-0.83,1.08,0.09,0.31648,-0.04829,-0.10085,-0.94199,-0.83,1.12,0.13,0.05369,-0.06138,-0.04822,-0.9955,-0.83,1.12,0.17,-0.37162,-0.08165,-0.04316,-0.92378,-0.82,1.1,0.19,-0.54796,-0.06156,-0.03378,-0.83355,-0.82,1.08,0.2,-0.54796,-0.06156,-0.03378,-0.83355,-0.85,1.08,0.09,0.31648,-0.04829,-0.10085,-0.94199,-0.85,1.12,0.13,0.03514,-0.05569,-0.10399,-0.9924,-0.85,1.12,0.18,-0.45354,-0.10142,-0.07644,-0.88214,-0.84,1.1,0.19,-0.67847,-0.09685,-0.11156,-0.71962,-0.83,1.07,0.19,-0.67847,-0.09685,-0.11156,-0.71962,-0.87,1.07,0.09,0.31648,-0.04829,-0.10085,-0.94199,-0.87,1.11,0.13,0.06718,-0.04608,-0.15964,-0.98381,-0.87,1.11,0.17,-0.4494,-0.13904,-0.15288,-0.8691,-0.86,1.09,0.19,-0.7083,-0.19797,-0.12889,-0.66522,-0.85,1.07,0.19,-0.7083,-0.19797,-0.12889,-0.66522,-0.88,1.07,0.09,0.26496,0.01808,-0.33618,-0.90358,-0.89,1.09,0.13,0.10812,-0.05412,-0.23923,-0.96341,-0.88,1.1,0.16,-0.38313,-0.15435,-0.25751,-0.87354,-0.87,1.09,0.17,-0.63902,-0.27197,-0.20738,-0.68897,-0.86,1.07,0.18,-0.63902,-0.27197,-0.20738,-0.68897,-0.71,1.09,0.12,-0.24743,-0.14459,-0.0984,0.95299,-0.69,1.06,0.07,-0.24743,-0.14459,-0.0984,0.95299,-0.73,1.07,0.1,-0.41181,-0.27076,0.52361,0.69493,-0.75,1.08,0.11,-0.2419,-0.1407,0.49274,0.82395,-0.77,1.09,0.14,-0.16537,-0.12941,0.57866,0.78808,-0.78,1.09,0.16,-0.16537,-0.12941,0.57866,0.78808,-0.72,1.07,0.1,-0.24743,-0.14459,-0.0984,0.95299,-0.73,1.1,0.14,-0.09979,-0.23116,-0.00898,0.96774,-0.75,1.11,0.18,0.23603,-0.22515,0.04388,0.94428,-0.76,1.1,0.19,0.39356,-0.18887,0.07027,0.89694,-0.76,1.09,0.21,0.39356,-0.18887,0.07027,0.89694,-0.7,1.07,0.1,-0.24743,-0.14459,-0.0984,0.95299,-0.71,1.11,0.15,-0.09188,-0.15376,-0.08462,0.98018,-0.72,1.11,0.19,0.31781,-0.17667,-0.02712,0.93116,-0.73,1.1,0.21,0.54241,-0.16595,-0.04837,0.82214,-0.74,1.08,0.22,0.54241,-0.16595,-0.04837,0.82214,-0.68,1.07,0.11,-0.24743,-0.14459,-0.0984,0.95299,-0.69,1.1,0.15,-0.14907,-0.08886,-0.15863,0.97197,-0.7,1.11,0.19,0.36288,-0.17675,-0.13037,0.90558,-0.71,1.09,0.2,0.63506,-0.22862,-0.09459,0.73177,-0.72,1.07,0.21,0.63506,-0.22862,-0.09459,0.73177,-0.68,1.07,0.11,-0.17833,-0.05925,-0.32463,0.92698,-0.68,1.08,0.15,-0.27516,0.03915,-0.23868,0.93048,-0.67,1.1,0.18,0.30275,-0.11406,-0.29723,0.89832,-0.68,1.09,0.19,0.61012,-0.26034,-0.24231,0.708,-0.69,1.07,0.2,0.61012,-0.26034,-0.24231,0.708,-0.81,1.08,0.19
-0.79,1.44,-0.16,-0.79,1.44,-0.16,-0.85,1.1,0.11,0.30558,-0.04187,-0.08858,-0.94711,-0.86,1.06,0.06,0.30558,-0.04187,-0.08858,-0.94711,-0.82,1.07,0.09,0.38804,-0.19587,0.5623,-0.70348,-0.8,1.08,0.11,0.1523,-0.01054,0.5213,-0.83961,-0.79,1.09,0.14,0.04255,0.009,0.59226,-0.80457,-0.79,1.09,0.17,0.04255,0.009,0.59226,-0.80457,-0.83,1.08,0.09,0.30558,-0.04187,-0.08858,-0.94711,-0.83,1.11,0.14,0.07129,-0.05282,-0.03952,-0.99527,-0.83,1.12,0.17,-0.30332,-0.06838,-0.04275,-0.94947,-0.82,1.11,0.19,-0.46802,-0.04807,-0.03931,-0.88153,-0.82,1.09,0.2,-0.46802,-0.04807,-0.03931,-0.88153,-0.85,1.08,0.09,0.30558,-0.04187,-0.08858,-0.94711,-0.85,1.11,0.14,0.08323,-0.03811,-0.09779,-0.99099,-0.85,1.12,0.18,-0.36618,-0.07975,-0.08339,-0.92336,-0.84,1.1,0.2,-0.58274,-0.08249,-0.12606,-0.79857,-0.84,1.08,0.2,-0.58274,-0.08249,-0.12606,-0.79857,-0.87,1.07,0.09,0.30558,-0.04187,-0.08858,-0.94711,-0.87,1.1,0.13,0.10444,-0.02675,-0.15206,-0.98247,-0.87,1.11,0.17,-0.38283,-0.11461,-0.15938,-0.90272,-0.86,1.1,0.19,-0.64005,-0.17736,-0.1444,-0.73351,-0.85,1.07,0.19,-0.64005,-0.17736,-0.1444,-0.73351,-0.88,1.07,0.09,0.25737,0.0275,-0.32396,-0.90998,-0.89,1.09,0.13,0.13108,-0.03567,-0.22846,-0.96403,-0.88,1.1,0.16,-0.31287,-0.1215,-0.26235,-0.90472,-0.88,1.09,0.18,-0.55221,-0.23598,-0.22782,-0.76647,-0.86,1.07,0.18,-0.55221,-0.23598,-0.22782,-0.76647,-0.71,1.08,0.13,-0.20952,-0.14012,-0.06383,0.96561,-0.69,1.06,0.07,-0.20952,-0.14012,-0.06383,0.96561,-0.73,1.06,0.1,-0.39701,-0.29911,0.51384,0.6992,-0.75,1.07,0.11,-0.22669,-0.17078,0.4894,0.82458,-0.77,1.08,0.14,-0.16344,-0.16825,0.57542,0.7835,-0.78,1.08,0.16,-0.16344,-0.16825,0.57542,0.7835,-0.72,1.07,0.1,-0.20952,-0.14012,-0.06383,0.96561,-0.73,1.1,0.15,-0.05574,-0.2089,0.01648,0.97621,-0.75,1.1,0.18,0.27972,-0.19453,0.06009,0.93824,-0.76,1.09,0.2,0.4316,-0.15564,0.0816,0.88478,-0.76,1.07,0.21,0.4316,-0.15564,0.0816,0.88478,-0.7,1.07,0.1,-0.20952,-0.14012,-0.06383,0.96561,-0.71,1.1,0.15,-0.10506,-0.13638,-0.06009,0.98324,-0.72,1.11,0.19,0.29265,-0.15078,-0.01409,0.94415,-0.73,1.09,0.21,0.50421,-0.13965,-0.04358,0.8511,-0.74,1.07,0.22,0.50421,-0.13965,-0.04358,0.8511,-0.68,1.07,0.11,-0.20952,-0.14012,-0.06383,0.96561,-0.69,1.09,0.15,-0.18243,-0.07413,-0.12743,0.9721,-0.7,1.11,0.19,0.32565,-0.14877,-0.11157,0.92702,-0.71,1.09,0.21,0.59689,-0.19694,-0.08691,0.7729,-0.72,1.07,0.21,0.59689,-0.19694,-0.08691,0.7729,-0.68,1.07,0.11,-0.14717,-0.04467,-0.28854,0.94503,-0.68,1.08,0.15,-0.30525,0.0392,-0.19325,0.93163,-0.67,1.1,0.18,0.2774,-0.09046,-0.26056,0.92031,-0.68,1.09,0.19,0.6038,-0.2272,-0.21456,0.73333,-0.69,1.07,0.2,0.6038,-0.2272,-0.21456,0.73333,-0.81,1.08,0.19
-0.79,1.44,-0.16,-0.79,1.44,-0.16,-0.85,1.09,0.11,0.28451,-0.04267,-0.08018,-0.95436,-0.86,1.06,0.06,0.28451,-0.04267,-0.08018,-0.95436,-0.82,1.07,0.09,0.41192,-0.21236,0.52584,-0.71324,-0.8,1.08,0.11,0.1617,-0.03481,0.49112,-0.85525,-0.79,1.09,0.14,0.05954,-0.02195,0.5668,-0.8214,-0.79,1.09,0.16,0.05954,-0.02195,0.5668,-0.8214,-0.83,1.08,0.09,0.28451,-0.04267,-0.08018,-0.95436,-0.83,1.11,0.14,0.09579,-0.05193,-0.0344,-0.99345,-0.82,1.12,0.17,-0.23305,-0.06433,-0.04148,-0.96945,-0.82,1.11,0.19,-0.3916,-0.04402,-0.04145,-0.91814,-0.82,1.09,0.21,-0.3916,-0.04402,-0.04145,-0.91814,-0.85,1.07,0.09,0.28451,-0.04267,-0.08018,-0.95436,-0.85,1.11,0.14,0.17967,-0.02162,-0.09478,-0.97891,-0.85,1.13,0.18,-0.19894,-0.05789,-0.09239,-0.97393,-0.85,1.12,0.2,-0.38014,-0.0693,-0.14085,-0.91151,-0.84,1.1,0.22,-0.38014,-0.0693,-0.14085,-0.91151,-0.87,1.07,0.09,0.28451,-0.04267,-0.08018,-0.95436,-0.87,1.1,0.14,0.22313,-0.00049,-0.14714,-0.96362,-0.87,1.12,0.17,-0.19764,-0.08181,-0.17035,-0.96189,-0.86,1.11,0.19,-0.42618,-0.14668,-0.16601,-0.87709,-0.86,1.09,0.21,-0.42618,-0.14668,-0.16601,-0.87709,-0.87,1.07,0.09,0.23785,0.03226,-0.31435,-0.91846,-0.88,1.09,0.13,0.21786,-0.00796,-0.21631,-0.95167,-0.89,1.1,0.16,-0.13975,-0.07401,-0.26859,-0.95019,-0.88,1.1,0.18,-0.32812,-0.17574,-0.25132,-0.89347,-0.87,1.09,0.2,-0.32812,-0.17574,-0.25132,-0.89347,-0.71,1.08,0.13,-0.20452,-0.13768,-0.05398,0.96763,-0.69,1.06,0.07,-0.20452,-0.13768,-0.05398,0.96763,-0.73,1.06,0.1,-0.39491,-0.29831,0.51479,0.70004,-0.75,1.07,0.11,-0.23069,-0.17338,0.48845,0.82349,-0.77,1.08,0.14,-0.18393,-0.18188,0.57251,0.77802,-0.78,1.08,0.16,-0.18393,-0.18188,0.57251,0.77802,-0.72,1.07,0.1,-0.20452,-0.13768,-0.05398,0.96763,-0.74,1.1,0.15,-0.03792,-0.19536,0.02489,0.97968,-0.75,1.1,0.18,0.3356,-0.17577,0.07074,0.92275,-0.76,1.08,0.2,0.50099,-0.13313,0.09367,0.85001,-0.76,1.06,0.21,0.50099,-0.13313,0.09367,0.85001,-0.7,1.07,0.1,-0.20452,-0.13768,-0.05398,0.96763,-0.71,1.1,0.15,-0.10131,-0.13343,-0.05052,0.98457,-0.72,1.11,0.19,0.3072,-0.1443,-0.00487,0.94063,-0.73,1.09,0.21,0.51765,-0.13033,-0.03594,0.84484,-0.74,1.07,0.23,0.51765,-0.13033,-0.03594,0.84484,-0.68,1.07,0.11,-0.20452,-0.13768,-0.05398,0.96763,-0.7,1.09,0.15,-0.18657,-0.07948,-0.11653,0.97226,-0.7,1.11,0.19,0.32764,-0.14867,-0.09871,0.92779,-0.71,1.09,0.21,0.5938,-0.19263,-0.07574,0.77753,-0.72,1.07,0.22,0.5938,-0.19263,-0.07574,0.77753,-0.68,1.07,0.11,-0.14419,-0.04081,-0.27877,0.94859,-0.68,1.08,0.15,-0.32055,0.02726,-0.18219,0.92915,-0.67,1.1,0.18,0.25867,-0.09385,-0.24504,0.92965,-0.68,1.09,0.19,0.58453,-0.22316,-0.1997,0.75409,-0.69,1.07,0.2,0.58453,-0.22316,-0.1997,0.75409,-0.81,1.08,0.19
-0.79,1.45,-0.16,-0.79,1.45,-0.16,-0.85,1.09,0.12,0.23895,-0.05669,-0.08194,-0.96591,-0.86,1.06,0.06,0.23895,-0.05669,-0.08194,-0.96591,-0.82,1.07,0.09,0.42226,-0.23272,0.47397,-0.73681,-0.8,1.08,0.1,0.15827,-0.06965,0.44682,-0.87775,-0.79,1.09,0.14,0.06151,-0.06338,0.5277,-0.84483,-0.78,1.09,0.16,0.06151,-0.06338,0.5277,-0.84483,-0.83,1.07,0.09,0.23895,-0.05669,-0.08194,-0.96591,-0.82,1.1,0.14,0.05104,-0.06333,-0.03515,-0.99607,-0.82,1.11,0.18,-0.24271,-0.07276,-0.04127,-0.96648,-0.82,1.09,0.2,-0.39409,-0.05186,-0.04011,-0.91673,-0.81,1.08,0.21,-0.39409,-0.05186,-0.04011,-0.91673,-0.85,1.07,0.09,0.23895,-0.05669,-0.08194,-0.96591,-0.85,1.1,0.14,0.18387,-0.0211,-0.09786,-0.97784,-0.85,1.12,0.18,-0.14711,-0.05393,-0.09806,-0.98277,-0.84,1.11,0.21,-0.29305,-0.06507,-0.14634,-0.94259,-0.84,1.1,0.23,-0.29305,-0.06507,-0.14634,-0.94259,-0.87,1.07,0.09,0.23895,-0.05669,-0.08194,-0.96591,-0.86,1.09,0.14,0.25791,0.0011,-0.14698,-0.95492,-0.87,1.11,0.17,-0.1167,-0.07373,-0.17275,-0.97525,-0.86,1.11,0.2,-0.31095,-0.13493,-0.17108,-0.92511,-0.85,1.1,0.22,-0.31095,-0.13493,-0.17108,-0.92511,-0.87,1.07,0.09,0.19039,0.02971,-0.31179,-0.93041,-0.88,1.08,0.14,0.25612,0.00348,-0.21143,-0.94323,-0.88,1.1,0.16,-0.06435,-0.05451,-0.26911,-0.95941,-0.88,1.09,0.18,-0.22749,-0.14957,-0.25588,-0.92758,-0.87,1.09,0.2,-0.22749,-0.14957,-0.25588,-0.92758,-0.71,1.09,0.13,-0.23441,-0.13805,-0.07865,0.95907,-0.69,1.06,0.07,-0.23441,-0.13805,-0.07865,0.95907,-0.73,1.07,0.1,-0.42255,-0.27319,0.50392,0.70205,-0.75,1.08,0.11,-0.25595,-0.15198,0.4715,0.83011,-0.77,1.09,0.14,-0.2092,-0.16037,0.55668,0.7878,-0.78,1.09,0.16,-0.2092,-0.16037,0.55668,0.7878,-0.72,1.07,0.1,-0.23441,-0.13805,-0.07865,0.95907,-0.73,1.1,0.15,-0.09936,-0.18749,-0.00863,0.97719,-0.75,1.11,0.18,0.3218,-0.18063,0.04567,0.92829,-0.75,1.1,0.2,0.51432,-0.1408,0.07429,0.84269,-0.76,1.08,0.21,0.51432,-0.1408,0.07429,0.84269,-0.7,1.07,0.1,-0.23441,-0.13805,-0.07865,0.95907,-0.71,1.1,0.15,-0.12317,-0.13959,-0.07331,0.97978,-0.72,1.12,0.19,0.31299,-0.16003,-0.01851,0.936,-0.73,1.1,0.21,0.52983,-0.1482,-0.04493,0.83384,-0.74,1.08,0.22,0.52983,-0.1482,-0.04493,0.83384,-0.68,1.07,0.11,-0.23441,-0.13805,-0.07865,0.95907,-0.69,1.1,0.15,-0.19795,-0.09499,-0.13895,0.96565,-0.7,1.11,0.19,0.33052,-0.17541,-0.10727,0.92113,-0.71,1.1,0.21,0.59808,-0.22057,-0.07504,0.76683,-0.72,1.08,0.21,0.59808,-0.22057,-0.07504,0.76683,-0.68,1.07,0.11,-0.16973,-0.04901,-0.30507,0.9358,-0.68,1.08,0.15,-0.3423,0.011,-0.21142,0.91543,-0.67,1.1,0.18,0.23768,-0.12639,-0.25886,0.92765,-0.68,1.09,0.19,0.56413,-0.25843,-0.19888,0.75856,-0.69,1.08,0.2,0.56413,-0.25843,-0.19888,0.75856,-0.81,1.08,0.19
-0.79,1.45,-0.16,-0.79,1.45,-0.16,-0.85,1.09,0.12,0.22287,-0.0705,-0.11585,-0.96537,-0.86,1.06,0.06,0.22287,-0.0705,-0.11585,-0.96537,-0.82,1.07,0.09,0.43119,-0.23354,0.43493,-0.75523,-0.8,1.09,0.1,0.15816,-0.08264,0.40866,-0.89507,-0.79,1.09,0.13,0.05771,-0.07764,0.49243,-0.86496,-0.78,1.09,0.16,0.05771,-0.07764,0.49243,-0.86496,-0.83,1.07,0.09,0.22287,-0.0705,-0.11585,-0.96537,-0.82,1.1,0.14,0.03054,-0.07702,-0.06805,-0.99424,-0.82,1.1,0.18,-0.26462,-0.09507,-0.06847,-0.95721,-0.81,1.09,0.2,-0.41433,-0.07794,-0.06288,-0.9046,-0.81,1.08,0.21,-0.41433,-0.07794,-0.06288,-0.9046,-0.85,1.07,0.09,0.22287,-0.0705,-0.11585,-0.96537,-0.85,1.1,0.14,0.15449,-0.03605,-0.13026,-0.97871,-0.84,1.11,0.18,-0.18639,-0.07969,-0.12288,-0.9715,-0.84,1.11,0.21,-0.33379,-0.09217,-0.16663,-0.92321,-0.83,1.09,0.23,-0.33379,-0.09217,-0.16663,-0.92321,-0.87,1.07,0.09,0.22287,-0.0705,-0.11585,-0.96537,-0.86,1.09,0.14,0.23512,-0.01477,-0.17949,-0.95514,-0.87,1.11,0.18,-0.15827,-0.10368,-0.1955,-0.96228,-0.86,1.1,0.2,-0.35515,-0.16907,-0.18751,-0.90007,-0.85,1.09,0.22,-0.35515,-0.16907,-0.18751,-0.90007,-0.87,1.06,0.1,0.16722,0.01898,-0.342,-0.92451,-0.88,1.08,0.14,0.25489,-0.01133,-0.24246,-0.93601,-0.88,1.09,0.16,-0.09072,-0.08632,-0.29215,-0.94814,-0.88,1.09,0.18,-0.27179,-0.1907,-0.27045,-0.90367,-0.87,1.08,0.2,-0.27179,-0.1907,-0.27045,-0.90367,-0.71,1.09,0.13,-0.23543,-0.14775,-0.09417,0.95597,-0.69,1.06,0.07,-0.23543,-0.14775,-0.09417,0.95597,-0.73,1.07,0.1,-0.42322,-0.27614,0.50153,0.70221,-0.76,1.08,0.11,-0.24967,-0.15153,0.47147,0.83212,-0.77,1.09,0.14,-0.19887,-0.15788,0.55689,0.79082,-0.78,1.09,0.16,-0.19887,-0.15788,0.55689,0.79082,-0.72,1.07,0.1,-0.23543,-0.14775,-0.09417,0.95597,-0.74,1.1,0.15,-0.11053,-0.19921,-0.02452,0.9734,-0.75,1.11,0.18,0.29927,-0.19858,0.03389,0.93266,-0.76,1.1,0.2,0.49263,-0.16121,0.06579,0.85264,-0.76,1.08,0.21,0.49263,-0.16121,0.06579,0.85264,-0.7,1.07,0.1,-0.23543,-0.14775,-0.09417,0.95597,-0.71,1.1,0.15,-0.12796,-0.15421,-0.08703,0.97584,-0.73,1.12,0.19,0.29396,-0.17884,-0.02702,0.93855,-0.74,1.1,0.21,0.50945,-0.16969,-0.04922,0.84217,-0.74,1.08,0.22,0.50945,-0.16969,-0.04922,0.84217,-0.69,1.07,0.11,-0.23543,-0.14775,-0.09417,0.95597,-0.7,1.1,0.15,-0.19759,-0.11011,-0.15299,0.96199,-0.7,1.11,0.19,0.31899,-0.19434,-0.1133,0.92067,-0.71,1.1,0.21,0.58538,-0.24055,-0.07501,0.77061,-0.72,1.08,0.21,0.58538,-0.24055,-0.07501,0.77061,-0.68,1.07,0.11,-0.16659,-0.05933,-0.31941,0.93097,-0.68,1.08,0.15,-0.34474,0.00212,-0.22764,0.91068,-0.67,1.1,0.18,0.22661,-0.14108,-0.2676,0.92582,-0.68,1.1,0.19,0.55259,-0.27519,-0.20085,0.76064,-0.7,1.08,0.2,0.55259,-0.27519,-0.20085,0.76064,-0.81,1.08,0.19
-0.79,1.45,-0.16,-0.79,1.45,-0.16,-0.85,1.09,0.12,0.2148,-0.07613,-0.12898,-0.96511,-0.86,1.06,0.06,0.2148,-0.07613,-0.12898,-0.96511,-0.82,1.07,0.09,0.43358,-0.23104,0.41861,-0.7638,-0.8,1.09,0.1,0.15751,-0.08562,0.39166,-0.90248,-0.79,1.09,0.13,0.05144,-0.07938,0.47647,-0.87409,-0.78,1.1,0.16,0.05144,-0.07938,0.47647,-0.87409,-0.83,1.08,0.09,0.2148,-0.07613,-0.12898,-0.96511,-0.82,1.1,0.14,0.01822,-0.08108,-0.08107,-0.99324,-0.82,1.1,0.18,-0.27794,-0.1026,-0.07951,-0.95179,-0.81,1.09,0.2,-0.42687,-0.08698,-0.07221,-0.89722,-0.81,1.08,0.21,-0.42687,-0.08698,-0.07221,-0.89722,-0.85,1.07,0.09,0.2148,-0.07613,-0.12898,-0.96511,-0.85,1.1,0.14,0.14299,-0.04235,-0.1426,-0.97848,-0.84,1.11,0.18,-0.20634,-0.09089,-0.13153,-0.96533,-0.84,1.1,0.21,-0.35363,-0.10341,-0.17323,-0.91337,-0.83,1.09,0.23,-0.35363,-0.10341,-0.17323,-0.91337,-0.87,1.07,0.09,0.2148,-0.07613,-0.12898,-0.96511,-0.86,1.09,0.14,0.23343,-0.02155,-0.19196,-0.95299,-0.86,1.11,0.18,-0.18221,-0.1195,-0.20191,-0.95486,-0.86,1.1,0.2,-0.37943,-0.18576,-0.19068,-0.8861,-0.85,1.09,0.22,-0.37943,-0.18576,-0.19068,-0.8861,-0.87,1.06,0.1,0.1564,0.01492,-0.35342,-0.92218,-0.88,1.08,0.14,0.26675,-0.01842,-0.25385,-0.92955,-0.88,1.09,0.17,-0.10315,-0.10562,-0.2987,-0.94286,-0.88,1.09,0.18,-0.30435,-0.21694,-0.26923,-0.88759,-0.86,1.08,0.2,-0.30435,-0.21694,-0.26923,-0.88759,-0.71,1.09,0.13,-0.23244,-0.15085,-0.09741,0.95589,-0.69,1.06,0.07,-0.23244,-0.15085,-0.09741,0.95589,-0.73,1.07,0.1,-0.41535,-0.27928,0.50789,0.7011,-0.76,1.08,0.11,-0.23735,-0.1495,0.48009,0.83116,-0.77,1.09,0.14,-0.18181,-0.15357,0.56507,0.78998,-0.78,1.09,0.16,-0.18181,-0.15357,0.56507,0.78998,-0.72,1.07,0.1,-0.23244,-0.15085,-0.09741,0.95589,-0.74,1.1,0.15,-0.10198,-0.20362,-0.02579,0.97338,-0.75,1.11,0.18,0.2986,-0.20321,0.03259,0.93192,-0.76,1.1,0.2,0.49068,-0.16612,0.06523,0.85287,-0.76,1.08,0.21,0.49068,-0.16612,0.06523,0.85287,-0.7,1.07,0.1,-0.23244,-0.15085,-0.09741,0.95589,-0.71,1.1,0.15,-0.13158,-0.16019,-0.08998,0.97413,-0.73,1.12,0.19,0.27074,-0.18497,-0.03093,0.94421,-0.74,1.1,0.21,0.48086,-0.17804,-0.05261,0.85692,-0.75,1.08,0.22,0.48086,-0.17804,-0.05261,0.85692,-0.69,1.07,0.11,-0.23244,-0.15085,-0.09741,0.95589,-0.7,1.1,0.15,-0.20366,-0.11541,-0.15635,0.95956,-0.7,1.11,0.19,0.29864,-0.19919,-0.11604,0.92611,-0.71,1.1,0.21,0.56437,-0.24642,-0.07641,0.78417,-0.73,1.08,0.21,0.56437,-0.24642,-0.07641,0.78417,-0.68,1.07,0.11,-0.16261,-0.06178,-0.32206,0.9306,-0.68,1.08,0.15,-0.3505,0.00132,-0.23037,0.90779,-0.67,1.1,0.18,0.20963,-0.14079,-0.2704,0.92904,-0.68,1.1,0.19,0.5382,-0.27614,-0.20272,0.77006,-0.7,1.08,0.2,0.5382,-0.27614,-0.20272,0.77006,-0.81,1.08,0.19
-0.79,1.45,-0.16,-0.79,1.45,-0.16,-0.85,1.09,0.11,0.2636,-0.06807,-0.15342,-0.94992,-0.86,1.06,0.06,0.2636,-0.06807,-0.15342,-0.94992,-0.82,1.08,0.09,0.43514,-0.19211,0.45527,-0.75265,-0.8,1.09,0.1,0.16875,-0.03837,0.41413,-0.89362,-0.79,1.1,0.14,0.05379,-0.02629,0.49359,-0.86763,-0.79,1.1,0.16,0.05379,-0.02629,0.49359,-0.86763,-0.83,1.08,0.09,0.2636,-0.06807,-0.15342,-0.94992,-0.83,1.11,0.14,0.01828,-0.08034,-0.10293,-0.99127,-0.82,1.11,0.17,-0.30151,-0.11091,-0.09769,-0.94194,-0.82,1.1,0.19,-0.44901,-0.09783,-0.08817,-0.88377,-0.81,1.08,0.21,-0.44901,-0.09783,-0.08817,-0.88377,-0.85,1.07,0.09,0.2636,-0.06807,-0.15342,-0.94992,-0.85,1.11,0.14,0.11219,-0.05483,-0.164,-0.97853,-0.85,1.12,0.18,-0.27649,-0.11588,-0.14246,-0.94331,-0.84,1.11,0.2,-0.43882,-0.12828,-0.17856,-0.87126,-0.83,1.09,0.22,-0.43882,-0.12828,-0.17856,-0.87126,-0.87,1.07,0.09,0.2636,-0.06807,-0.15342,-0.94992,-0.87,1.1,0.14,0.20134,-0.0357,-0.21515,-0.95493,-0.87,1.11,0.17,-0.26396,-0.15214,-0.21067,-0.92887,-0.86,1.1,0.2,-0.48219,-0.22273,-0.18902,-0.82593,-0.84,1.09,0.21,-0.48219,-0.22273,-0.18902,-0.82593,-0.87,1.07,0.1,0.20216,0.01004,-0.38094,-0.90217,-0.88,1.08,0.14,0.23637,-0.04734,-0.27922,-0.92948,-0.88,1.1,0.16,-0.1944,-0.15918,-0.30378,-0.91902,-0.87,1.09,0.18,-0.42388,-0.2797,-0.25586,-0.82257,-0.86,1.08,0.19,-0.42388,-0.2797,-0.25586,-0.82257,-0.7,1.09,0.12,-0.28498,-0.15238,-0.13466,0.93671,-0.69,1.06,0.07,-0.28498,-0.15238,-0.13466,0.93671,-0.73,1.07,0.1,-0.4458,-0.22558,0.51021,0.70004,-0.75,1.08,0.11,-0.26451,-0.09542,0.46953,0.83694,-0.76,1.1,0.14,-0.2011,-0.09602,0.55416,0.80203,-0.77,1.1,0.16,-0.2011,-0.09602,0.55416,0.80203,-0.72,1.08,0.1,-0.28498,-0.15238,-0.13466,0.93671,-0.73,1.11,0.14,-0.0268,-0.2176,-0.02462,0.97536,-0.75,1.12,0.17,0.39371,-0.2125,0.04488,0.89321,-0.75,1.1,0.19,0.56942,-0.17235,0.08053,0.79973,-0.76,1.08,0.2,0.56942,-0.17235,0.08053,0.79973,-0.7,1.07,0.1,-0.28498,-0.15238,-0.13466,0.93671,-0.71,1.11,0.15,-0.11283,-0.18,-0.11114,0.97083,-0.72,1.12,0.18,0.28934,-0.21145,-0.04182,0.93264,-0.73,1.11,0.2,0.4897,-0.20481,-0.05806,0.8455,-0.74,1.09,0.21,0.4897,-0.20481,-0.05806,0.8455,-0.68,1.07,0.11,-0.28498,-0.15238,-0.13466,0.93671,-0.69,1.1,0.15,-0.20571,-0.13552,-0.18675,0.95102,-0.7,1.12,0.18,0.29537,-0.23192,-0.13164,0.91741,-0.71,1.11,0.2,0.55557,-0.28196,-0.08203,0.77789,-0.72,1.09,0.21,0.55557,-0.28196,-0.08203,0.77789,-0.68,1.07,0.11,-0.20828,-0.07752,-0.3615,0.9055,-0.68,1.09,0.15,-0.37225,-0.00892,-0.27441,0.88659,-0.67,1.11,0.17,0.18853,-0.17778,-0.29898,0.9184,-0.68,1.1,0.19,0.51001,-0.31992,-0.21511,0.76894,-0.7,1.09,0.2,0.51001,-0.31992,-0.21511,0.76894,-0.81,1.08,0.19
-0.79,1.45,-0.16,-0.79,1.45,-0.16,-0.85,1.09,0.11,0.30651,-0.06488,-0.16537,-0.93515,-0.86,1.06,0.06,0.30651,-0.06488,-0.16537,-0.93515,-0.82,1.08,0.09,0.4402,-0.16739,0.48308,-0.73813,-0.8,1.09,0.11,0.1886,-0.01075,0.4327,-0.88153,-0.8,1.1,0.14,0.07546,0.00295,0.50942,-0.8572,-0.79,1.11,0.16,0.07546,0.00295,0.50942,-0.8572,-0.84,1.08,0.09,0.30651,-0.06488,-0.16537,-0.93515,-0.83,1.12,0.13,0.04299,-0.08229,-0.1136,-0.98918,-0.83,1.12,0.17,-0.28191,-0.1173,-0.10653,-0.94627,-0.82,1.11,0.19,-0.42415,-0.10499,-0.09733,-0.89421,-0.81,1.09,0.2,-0.42415,-0.10499,-0.09733,-0.89421,-0.85,1.07,0.09,0.30651,-0.06488,-0.16537,-0.93515,-0.85,1.11,0.13,0.11396,-0.06725,-0.1726,-0.97606,-0.85,1.12,0.18,-0.28617,-0.13253,-0.14387,-0.938,-0.84,1.11,0.2,-0.45362,-0.14508,-0.1765,-0.86141,-0.83,1.09,0.21,-0.45362,-0.14508,-0.1765,-0.86141,-0.87,1.07,0.09,0.30651,-0.06488,-0.16537,-0.93515,-0.87,1.1,0.14,0.19063,-0.04963,-0.22576,-0.95406,-0.87,1.12,0.17,-0.27863,-0.1701,-0.21286,-0.92094,-0.86,1.1,0.19,-0.49818,-0.24082,-0.18623,-0.81187,-0.84,1.09,0.2,-0.49818,-0.24082,-0.18623,-0.81187,-0.87,1.07,0.1,0.24295,0.00195,-0.39552,-0.88574,-0.88,1.09,0.13,0.23828,-0.06642,-0.29033,-0.9244,-0.88,1.1,0.16,-0.19683,-0.18286,-0.30458,-0.91381,-0.87,1.09,0.18,-0.42028,-0.3012,-0.25168,-0.81811,-0.86,1.08,0.19,-0.42028,-0.3012,-0.25168,-0.81811,-0.7,1.1,0.12,-0.35066,-0.16312,-0.13077,0.91287,-0.68,1.06,0.07,-0.35066,-0.16312,-0.13077,0.91287,-0.72,1.07,0.09,-0.47701,-0.16953,0.54189,0.67087,-0.75,1.09,0.11,-0.30427,-0.03527,0.48765,0.81754,-0.76,1.1,0.14,-0.23037,-0.02727,0.56946,0.78861,-0.77,1.11,0.16,-0.23037,-0.02727,0.56946,0.78861,-0.71,1.08,0.09,-0.35066,-0.16312,-0.13077,0.91287,-0.73,1.12,0.13,-0.00357,-0.22276,0.00895,0.97483,-0.74,1.12,0.16,0.4726,-0.19684,0.09078,0.8542,-0.75,1.1,0.17,0.63635,-0.14738,0.12445,0.7469,-0.75,1.08,0.18,0.63635,-0.14738,0.12445,0.7469,-0.7,1.08,0.1,-0.35066,-0.16312,-0.13077,0.91287,-0.71,1.12,0.13,-0.10507,-0.20233,-0.08606,0.96985,-0.72,1.13,0.17,0.32006,-0.22187,-0.00423,0.92104,-0.73,1.11,0.19,0.51953,-0.20507,-0.01854,0.82927,-0.74,1.09,0.2,0.51953,-0.20507,-0.01854,0.82927,-0.68,1.08,0.1,-0.35066,-0.16312,-0.13077,0.91287,-0.69,1.11,0.14,-0.20965,-0.16569,-0.17105,0.94833,-0.7,1.13,0.17,0.3111,-0.2524,-0.09813,0.91098,-0.71,1.11,0.19,0.57187,-0.29103,-0.04376,0.76574,-0.72,1.09,0.2,0.57187,-0.29103,-0.04376,0.76574,-0.67,1.07,0.11,-0.27062,-0.10479,-0.36181,0.88593,-0.67,1.1,0.14,-0.39892,-0.04184,-0.28038,0.87207,-0.67,1.12,0.16,0.1901,-0.21925,-0.27941,0.91527,-0.68,1.11,0.18,0.51033,-0.35048,-0.18162,0.76403,-0.69,1.1,0.19,0.51033,-0.35048,-0.18162,0.76403,-0.81,1.08,0.19
-0.79,1.45,-0.16,-0.79,1.45,-0.16,-0.85,1.09,0.11,0.32949,-0.06527,-0.15641,-0.92882,-0.86,1.06,0.06,0.32949,-0.06527,-0.15641,-0.92882,-0.82,1.07,0.09,0.4395,-0.15898,0.50862,-0.7231,-0.8,1.09,0.11,0.20044,0.00146,0.455,-0.86764,-0.8,1.1,0.14,0.09895,0.01122,0.53104,-0.84147,-0.79,1.11,0.16,0.09895,0.01122,0.53104,-0.84147,-0.84,1.08,0.09,0.32949,-0.06527,-0.15641,-0.92882,-0.83,1.12,0.13,0.05948,-0.08458,-0.10186,-0.98941,-0.83,1.12,0.17,-0.26642,-0.11609,-0.09467,-0.95214,-0.82,1.11,0.19,-0.40248,-0.10142,-0.08718,-0.90561,-0.81,1.09,0.2,-0.40248,-0.10142,-0.08718,-0.90561,-0.85,1.07,0.09,0.32949,-0.06527,-0.15641,-0.92882,-0.85,1.11,0.13,0.11864,-0.0735,-0.16088,-0.97706,-0.85,1.12,0.17,-0.28234,-0.13365,-0.13064,-0.94093,-0.84,1.11,0.2,-0.44958,-0.14396,-0.16352,-0.86627,-0.83,1.09,0.21,-0.44958,-0.14396,-0.16352,-0.86627,-0.87,1.07,0.09,0.32949,-0.06527,-0.15641,-0.92882,-0.87,1.1,0.13,0.18577,-0.05726,-0.21579,-0.95689,-0.87,1.12,0.17,-0.27542,-0.17003,-0.20217,-0.92432,-0.86,1.11,0.19,-0.49278,-0.23764,-0.17659,-0.81823,-0.85,1.09,0.2,-0.49278,-0.23764,-0.17659,-0.81823,-0.88,1.06,0.1,0.26649,-0.00391,-0.38876,-0.88195,-0.88,1.09,0.13,0.23647,-0.07612,-0.28142,-0.92687,-0.88,1.1,0.16,-0.1914,-0.18489,-0.29387,-0.91805,-0.88,1.1,0.18,-0.39614,-0.29496,-0.24691,-0.83373,-0.86,1.09,0.19,-0.39614,-0.29496,-0.24691,-0.83373,-0.7,1.1,0.11,-0.40833,-0.16178,-0.11536,0.89095,-0.68,1.05,0.07,-0.40833,-0.16178,-0.11536,0.89095,-0.72,1.07,0.09,-0.50526,-0.11427,0.56454,0.64261,-0.74,1.09,0.11,-0.34352,0.02039,0.49668,0.7968,-0.75,1.11,0.13,-0.26599,0.03258,0.57573,0.77248,-0.76,1.12,0.15,-0.26599,0.03258,0.57573,0.77248,-0.71,1.08,0.09,-0.40833,-0.16178,-0.11536,0.89095,-0.73,1.12,0.12,-0.0101,-0.20862,0.03654,0.97726,-0.74,1.12,0.15,0.49473,-0.16787,0.1135,0.84509,-0.74,1.1,0.17,0.65208,-0.1148,0.14095,0.73604,-0.74,1.08,0.17,0.65208,-0.1148,0.14095,0.73604,-0.7,1.08,0.09,-0.40833,-0.16178,-0.11536,0.89095,-0.7,1.12,0.13,-0.1228,-0.20199,-0.06002,0.9698,-0.72,1.14,0.16,0.30391,-0.21071,0.01917,0.92891,-0.73,1.12,0.18,0.50004,-0.19065,0.00097,0.84476,-0.74,1.1,0.19,0.50004,-0.19065,0.00097,0.84476,-0.68,1.08,0.1,-0.40833,-0.16178,-0.11536,0.89095,-0.69,1.12,0.13,-0.22784,-0.17302,-0.14887,0.94657,-0.7,1.13,0.16,0.30396,-0.24867,-0.07286,0.91677,-0.71,1.12,0.18,0.56786,-0.28018,-0.02058,0.7737,-0.72,1.1,0.19,0.56786,-0.28018,-0.02058,0.7737,-0.67,1.07,0.1,-0.32928,-0.11822,-0.35047,0.86877,-0.67,1.1,0.14,-0.41621,-0.06435,-0.27099,0.86556,-0.67,1.12,0.16,0.20966,-0.24296,-0.25085,0.91328,-0.68,1.12,0.17,0.52907,-0.36152,-0.14704,0.75351,-0.69,1.11,0.18,0.52907,-0.36152,-0.14704,0.75351,-0.81,1.08,0.19
-0.79,1.45,-0.16,-0.79,1.45,-0.16,-0.85,1.09,0.11,0.33647,-0.06836,-0.1426,-0.92832,-0.86,1.05,0.06,0.33647,-0.06836,-0.1426,-0.92832,-0.82,1.07,0.09,0.43902,-0.16014,0.52331,-0.71257,-0.8,1.08,0.11,0.20472,0.00396,0.47007,-0.85855,-0.8,1.1,0.14,0.10836,0.01236,0.54581,-0.83078,-0.79,1.1,0.16,0.10836,0.01236,0.54581,-0.83078,-0.84,1.07,0.09,0.33647,-0.06836,-0.1426,-0.92832,-0.83,1.11,0.13,0.06386,-0.09107,-0.08265,-0.99035,-0.82,1.12,0.17,-0.27619,-0.11717,-0.07275,-0.95116,-0.82,1.11,0.19,-0.41211,-0.09929,-0.06502,-0.90337,-0.81,1.09,0.2,-0.41211,-0.09929,-0.06502,-0.90337,-0.85,1.07,0.09,0.33647,-0.06836,-0.1426,-0.92832,-0.85,1.11,0.13,0.11399,-0.07852,-0.14419,-0.97982,-0.85,1.12,0.17,-0.28995,-0.13178,-0.11308,-0.94116,-0.84,1.11,0.19,-0.45839,-0.13874,-0.14658,-0.86553,-0.83,1.09,0.21,-0.45839,-0.13874,-0.14658,-0.86553,-0.87,1.07,0.09,0.33647,-0.06836,-0.1426,-0.92832,-0.87,1.1,0.13,0.18289,-0.06072,-0.20145,-0.96036,-0.87,1.12,0.17,-0.27209,-0.16489,-0.18926,-0.92896,-0.86,1.1,0.19,-0.48994,-0.22949,-0.16556,-0.82455,-0.84,1.09,0.2,-0.48994,-0.22949,-0.16556,-0.82455,-0.88,1.06,0.1,0.27455,-0.00817,-0.37621,-0.88489,-0.88,1.09,0.13,0.23374,-0.07271,-0.27075,-0.93101,-0.88,1.1,0.16,-0.19462,-0.17684,-0.286,-0.92144,-0.87,1.09,0.18,-0.39715,-0.28454,-0.24237,-0.83819,-0.86,1.08,0.19,-0.39715,-0.28454,-0.24237,-0.83819,-0.7,1.1,0.11,-0.37757,-0.16834,-0.09577,0.9055,-0.68,1.05,0.07,-0.37757,-0.16834,-0.09577,0.9055,-0.72,1.07,0.09,-0.49502,-0.14555,0.5651,0.64377,-0.75,1.08,0.11,-0.3388,-0.01401,0.50477,0.79387,-0.76,1.1,0.13,-0.28208,-0.01483,0.5866,0.75902,-0.77,1.11,0.15,-0.28208,-0.01483,0.5866,0.75902,-0.71,1.07,0.09,-0.37757,-0.16834,-0.09577,0.9055,-0.73,1.12,0.13,0.01049,-0.20998,0.05349,0.97618,-0.74,1.12,0.16,0.50605,-0.1608,0.1275,0.83774,-0.75,1.09,0.17,0.6612,-0.10508,0.15363,0.72675,-0.75,1.07,0.17,0.6612,-0.10508,0.15363,0.72675,-0.7,1.07,0.09,-0.37757,-0.16834,-0.09577,0.9055,-0.71,1.12,0.13,-0.07326,-0.20398,-0.03571,0.97558,-0.72,1.13,0.17,0.33521,-0.20226,0.03841,0.91937,-0.73,1.11,0.19,0.51765,-0.17727,0.01718,0.83685,-0.74,1.09,0.2,0.51765,-0.17727,0.01718,0.83685,-0.68,1.07,0.1,-0.37757,-0.16834,-0.09577,0.9055,-0.69,1.11,0.14,-0.14356,-0.17926,-0.11895,0.96598,-0.7,1.12,0.17,0.38708,-0.23519,-0.04607,0.89035,-0.71,1.11,0.18,0.63809,-0.25706,-0.00148,0.72578,-0.72,1.08,0.19,0.63809,-0.25706,-0.00148,0.72578,-0.67,1.07,0.1,-0.30063,-0.11581,-0.33009,0.88727,-0.67,1.1,0.14,-0.3228,-0.08707,-0.24634,0.90969,-0.67,1.12,0.16,0.34518,-0.24498,-0.2129,0.88063,-0.69,1.11,0.18,0.64577,-0.34803,-0.11638,0.66956,-0.7,1.09,0.17,0.64577,-0.34803,-0.11638,0.66956,-0.81,1.08,0.19
-0.79,1.45,-0.16,-0.79,1.45,-0.16,-0.85,1.09,0.11,0.33715,-0.07377,-0.14165,-0.92781,-0.86,1.05,0.06,0.33715,-0.07377,-0.14165,-0.92781,-0.82,1.07,0.09,0.44224,-0.16225,0.52332,-0.7101,-0.8,1.08,0.11,0.2059,0.003,0.47094,-0.85779,-0.79,1.09,0.14,0.10675,0.01347,0.54647,-0.83054,-0.79,1.1,0.16,0.10675,0.01347,0.54647,-0.83054,-0.83,1.07,0.09,0.33715,-0.07377,-0.14165,-0.92781,-0.83,1.11,0.13,0.05488,-0.10426,-0.07382,-0.99029,-0.82,1.12,0.17,-0.31301,-0.12811,-0.05617,-0.93939,-0.82,1.1,0.19,-0.45348,-0.10783,-0.04501,-0.88357,-0.81,1.09,0.2,-0.45348,-0.10783,-0.04501,-0.88357,-0.85,1.07,0.09,0.33715,-0.07377,-0.14165,-0.92781,-0.85,1.11,0.13,0.10707,-0.08659,-0.14024,-0.9805,-0.85,1.12,0.17,-0.31435,-0.13947,-0.10365,-0.93327,-0.84,1.11,0.19,-0.49954,-0.14492,-0.13437,-0.84344,-0.83,1.09,0.21,-0.49954,-0.14492,-0.13437,-0.84344,-0.87,1.07,0.09,0.33715,-0.07377,-0.14165,-0.92781,-0.87,1.1,0.13,0.18164,-0.06579,-0.19984,-0.9606,-0.87,1.11,0.17,-0.28818,-0.17143,-0.1832,-0.92412,-0.85,1.1,0.19,-0.52106,-0.23625,-0.15504,-0.80539,-0.84,1.08,0.2,-0.52106,-0.23625,-0.15504,-0.80539,-0.87,1.06,0.1,0.27423,-0.01359,-0.37518,-0.88535,-0.88,1.08,0.13,0.23089,-0.06792,-0.27315,-0.93138,-0.88,1.1,0.16,-0.21626,-0.17912,-0.28736,-0.91573,-0.87,1.09,0.18,-0.43671,-0.29214,-0.23814,-0.81684,-0.86,1.08,0.19,-0.43671,-0.29214,-0.23814,-0.81684,-0.7,1.09,0.12,-0.33371,-0.18053,-0.11628,0.91789,-0.68,1.06,0.07,-0.33371,-0.18053,-0.11628,0.91789,-0.73,1.07,0.09,-0.50099,-0.20125,0.51386,0.66667,-0.75,1.08,0.1,-0.34683,-0.08845,0.46396,0.81032,-0.77,1.1,0.13,-0.33714,-0.11701,0.54834,0.75629,-0.78,1.11,0.15,-0.33714,-0.11701,0.54834,0.75629,-0.71,1.07,0.09,-0.33371,-0.18053,-0.11628,0.91789,-0.73,1.11,0.13,-0.08847,-0.24308,0.0047,0.96595,-0.75,1.12,0.16,0.3368,-0.22451,0.08326,0.91062,-0.76,1.1,0.18,0.5082,-0.17799,0.11699,0.83448,-0.76,1.09,0.19,0.5082,-0.17799,0.11699,0.83448,-0.7,1.07,0.1,-0.33371,-0.18053,-0.11628,0.91789,-0.71,1.11,0.14,-0.05882,-0.2169,-0.06158,0.97247,-0.73,1.12,0.17,0.35243,-0.22433,0.0214,0.9083,-0.74,1.1,0.19,0.55196,-0.1997,0.00796,0.80957,-0.75,1.08,0.2,0.55196,-0.1997,0.00796,0.80957,-0.68,1.07,0.1,-0.33371,-0.18053,-0.11628,0.91789,-0.69,1.11,0.14,-0.08886,-0.18393,-0.13987,0.96887,-0.71,1.11,0.18,0.44152,-0.24823,-0.0607,0.86009,-0.72,1.1,0.19,0.69444,-0.27114,-0.00824,0.66646,-0.73,1.07,0.19,0.69444,-0.27114,-0.00824,0.66646,-0.68,1.07,0.11,-0.25255,-0.11716,-0.34613,0.89593,-0.68,1.09,0.14,-0.26334,-0.08704,-0.26345,0.92394,-0.68,1.11,0.17,0.39238,-0.2489,-0.22858,0.85548,-0.69,1.1,0.18,0.68477,-0.3575,-0.12855,0.6219,-0.7,1.08,0.18,0.68477,-0.3575,-0.12855,0.6219,-0.81,1.08,0.19
-0.79,1.45,-0.16,-0.79,1.45,-0.16,-0.85,1.09,0.11,0.33829,-0.07652,-0.14671,-0.92638,-0.86,1.05,0.06,0.33829,-0.07652,-0.14671,-0.92638,-0.82,1.07,0.09,0.44743,-0.16136,0.51759,-0.71124,-0.8,1.08,0.11,0.20786,0.00305,0.46511,-0.8605,-0.79,1.1,0.14,0.10071,0.01819,0.54017,-0.83531,-0.79,1.1,0.16,0.10071,0.01819,0.54017,-0.83531,-0.83,1.07,0.09,0.33829,-0.07652,-0.14671,-0.92638,-0.83,1.11,0.13,0.0448,-0.11554,-0.07174,-0.9897,-0.82,1.12,0.17,-0.34561,-0.1388,-0.04665,-0.92688,-0.81,1.1,0.18,-0.49663,-0.11735,-0.03102,-0.85943,-0.81,1.08,0.2,-0.49663,-0.11735,-0.03102,-0.85943,-0.85,1.07,0.09,0.33829,-0.07652,-0.14671,-0.92638,-0.85,1.11,0.13,0.10292,-0.09255,-0.14323,-0.97996,-0.84,1.12,0.17,-0.3402,-0.14851,-0.10038,-0.92311,-0.84,1.1,0.19,-0.55027,-0.15386,-0.12662,-0.81086,-0.83,1.08,0.2,-0.55027,-0.15386,-0.12662,-0.81086,-0.87,1.07,0.09,0.33829,-0.07652,-0.14671,-0.92638,-0.87,1.1,0.13,0.18286,-0.06831,-0.20489,-0.95912,-0.87,1.11,0.17,-0.32056,-0.18259,-0.18053,-0.91176,-0.85,1.1,0.19,-0.57745,-0.24908,-0.14355,-0.76414,-0.84,1.08,0.2,-0.57745,-0.24908,-0.14355,-0.76414,-0.87,1.06,0.1,0.27409,-0.01679,-0.37989,-0.88333,-0.88,1.08,0.14,0.22966,-0.06288,-0.28089,-0.92974,-0.88,1.1,0.16,-0.25167,-0.18886,-0.29089,-0.90354,-0.87,1.09,0.18,-0.50856,-0.31286,-0.22661,-0.7695,-0.86,1.08,0.18,-0.50856,-0.31286,-0.22661,-0.7695,-0.71,1.09,0.12,-0.29707,-0.19146,-0.10312,0.92976,-0.68,1.06,0.07,-0.29707,-0.19146,-0.10312,0.92976,-0.73,1.07,0.09,-0.49514,-0.25152,0.49324,0.66954,-0.75,1.08,0.1,-0.3386,-0.1431,0.45441,0.81141,-0.77,1.09,0.13,-0.33428,-0.17209,0.53748,0.75482,-0.79,1.1,0.14,-0.33428,-0.17209,0.53748,0.75482,-0.72,1.07,0.09,-0.29707,-0.19146,-0.10312,0.92976,-0.74,1.11,0.13,-0.03972,-0.28326,0.04225,0.95729,-0.76,1.11,0.16,0.30388,-0.25387,0.11348,0.91123,-0.76,1.1,0.18,0.45993,-0.20413,0.14739,0.85151,-0.77,1.08,0.19,0.45993,-0.20413,0.14739,0.85151,-0.7,1.07,0.1,-0.29707,-0.19146,-0.10312,0.92976,-0.71,1.11,0.14,-0.15841,-0.20743,-0.08176,0.96187,-0.73,1.12,0.18,0.2056,-0.22501,-0.01288,0.95233,-0.74,1.11,0.2,0.41524,-0.21744,-0.02721,0.88292,-0.75,1.1,0.21,0.41524,-0.21744,-0.02721,0.88292,-0.68,1.07,0.1,-0.29707,-0.19146,-0.10312,0.92976,-0.7,1.1,0.14,-0.22236,-0.14704,-0.16236,0.95004,-0.7,1.12,0.18,0.2613,-0.22837,-0.10895,0.9315,-0.72,1.11,0.2,0.53656,-0.27305,-0.05846,0.79632,-0.73,1.09,0.2,0.53656,-0.27305,-0.05846,0.79632,-0.68,1.07,0.11,-0.21644,-0.11825,-0.33051,0.91101,-0.68,1.09,0.15,-0.35024,-0.01718,-0.2529,0.90171,-0.68,1.11,0.17,0.22446,-0.17326,-0.27625,0.9183,-0.68,1.1,0.19,0.55155,-0.3088,-0.19484,0.74998,-0.7,1.09,0.19,0.55155,-0.3088,-0.19484,0.74998,-0.81,1.08,0.19
-0.79,1.45,-0.16,-0.79,1.45,-0.16,-0.85,1.09,0.11,0.34169,-0.07693,-0.15281,-0.92411,-0.86,1.05,0.06,0.34169,-0.07693,-0.15281,-0.92411,-0.82,1.07,0.09,0.45125,-0.15827,0.51358,-0.71243,-0.8,1.08,0.11,0.20903,0.00564,0.46023,-0.86282,-0.79,1.1,0.14,0.09619,0.02374,0.53474,-0.83919,-0.79,1.1,0.16,0.09619,0.02374,0.53474,-0.83919,-0.83,1.07,0.09,0.34169,-0.07693,-0.15281,-0.92411,-0.83,1.11,0.13,0.0453,-0.12093,-0.07473,-0.98881,-0.82,1.12,0.17,-0.3494,-0.14517,-0.04657,-0.92449,-0.81,1.1,0.18,-0.50563,-0.12386,-0.02884,-0.85333,-0.81,1.08,0.19,-0.50563,-0.12386,-0.02884,-0.85333,-0.85,1.07,0.09,0.34169,-0.07693,-0.15281,-0.92411,-0.85,1.11,0.13,0.10587,-0.09442,-0.14914,-0.97859,-0.85,1.12,0.17,-0.35108,-0.1544,-0.10252,-0.91782,-0.84,1.11,0.19,-0.57513,-0.16064,-0.12558,-0.79224,-0.83,1.08,0.2,-0.57513,-0.16064,-0.12558,-0.79224,-0.87,1.07,0.09,0.34169,-0.07693,-0.15281,-0.92411,-0.87,1.1,0.13,0.18692,-0.0686,-0.2115,-0.95688,-0.87,1.12,0.17,-0.32984,-0.18899,-0.1834,-0.90656,-0.85,1.1,0.19,-0.59815,-0.25741,-0.14107,-0.74569,-0.84,1.08,0.19,-0.59815,-0.25741,-0.14107,-0.74569,-0.87,1.06,0.1,0.27647,-0.01832,-0.3858,-0.87999,-0.88,1.08,0.14,0.23301,-0.06035,-0.28821,-0.92682,-0.88,1.1,0.16,-0.2605,-0.1946,-0.29613,-0.89809,-0.87,1.09,0.18,-0.53244,-0.32432,-0.22369,-0.74919,-0.86,1.08,0.18,-0.53244,-0.32432,-0.22369,-0.74919,-0.71,1.09,0.12,-0.27456,-0.1832,-0.10051,0.93859,-0.68,1.06,0.07,-0.27456,-0.1832,-0.10051,0.93859,-0.73,1.07,0.09,-0.47352,-0.26153,0.49466,0.68021,-0.75,1.08,0.1,-0.31583,-0.151,0.45787,0.81719,-0.77,1.09,0.13,-0.31096,-0.18144,0.54005,0.76075,-0.78,1.1,0.14,-0.31096,-0.18144,0.54005,0.76075,-0.72,1.07,0.09,-0.27456,-0.1832,-0.10051,0.93859,-0.73,1.11,0.14,0.01576,-0.28962,0.06052,0.9551,-0.75,1.1,0.17,0.3637,-0.25075,0.13515,0.8869,-0.76,1.09,0.18,0.51088,-0.19742,0.16912,0.8194,-0.77,1.07,0.19,0.51088,-0.19742,0.16912,0.8194,-0.7,1.07,0.1,-0.27456,-0.1832,-0.10051,0.93859,-0.71,1.11,0.14,-0.1214,-0.19767,-0.07854,0.96955,-0.73,1.12,0.18,0.24331,-0.21429,-0.01341,0.94589,-0.74,1.11,0.2,0.4512,-0.20463,-0.02974,0.86813,-0.75,1.09,0.21,0.4512,-0.20463,-0.02974,0.86813,-0.68,1.07,0.1,-0.27456,-0.1832,-0.10051,0.93859,-0.7,1.1,0.15,-0.19791,-0.13224,-0.16031,0.95794,-0.7,1.11,0.18,0.28301,-0.21315,-0.11547,0.92798,-0.71,1.1,0.2,0.55416,-0.26003,-0.07028,0.78762,-0.73,1.08,0.21,0.55416,-0.26003,-0.07028,0.78762,-0.68,1.07,0.11,-0.19656,-0.1043,-0.3268,0.91852,-0.68,1.09,0.15,-0.32003,0.00317,-0.24663,0.91474,-0.67,1.1,0.17,0.23411,-0.14421,-0.28561,0.91805,-0.68,1.1,0.19,0.55296,-0.28398,-0.21751,0.75252,-0.7,1.08,0.19,0.55296,-0.28398,-0.21751,0.75252,-0.81,1.08,0.19
-0.79,1.45,-0.16,-0.79,1.45,-0.16,-0.85,1.09,0.11,0.36091,-0.07616,-0.15863,-0.91585,-0.86,1.05,0.06,0.36091,-0.07616,-0.15863,-0.91585,-0.82,1.07,0.09,0.46168,-0.14672,0.51573,-0.70665,-0.8,1.09,0.11,0.22024,0.01698,0.45872,-0.86069,-0.8,1.1,0.14,0.10267,0.03833,0.532,-0.83962,-0.79,1.11,0.16,0.10267,0.03833,0.532,-0.83962,-0.84,1.07,0.09,0.36091,-0.07616,-0.15863,-0.91585,-0.83,1.12,0.13,0.05745,-0.1242,-0.07724,-0.98758,-0.82,1.12,0.16,-0.35013,-0.1501,-0.0455,-0.92348,-0.82,1.11,0.18,-0.51227,-0.12881,-0.02587,-0.84871,-0.81,1.09,0.19,-0.51227,-0.12881,-0.02587,-0.84871,-0.85,1.07,0.09,0.36091,-0.07616,-0.15863,-0.91585,-0.85,1.12,0.13,0.11734,-0.09669,-0.15451,-0.97622,-0.85,1.13,0.17,-0.3604,-0.16134,-0.10268,-0.91298,-0.84,1.11,0.19,-0.59907,-0.168,-0.122,-0.77331,-0.83,1.09,0.2,-0.59907,-0.168,-0.122,-0.77331,-0.87,1.07,0.09,0.36091,-0.07616,-0.15863,-0.91585,-0.87,1.1,0.13,0.20012,-0.07045,-0.21802,-0.95261,-0.87,1.12,0.17,-0.32905,-0.19691,-0.18521,-0.90479,-0.86,1.11,0.19,-0.60812,-0.26682,-0.13714,-0.73497,-0.84,1.09,0.19,-0.60812,-0.26682,-0.13714,-0.73497,-0.88,1.06,0.1,0.29457,-0.02282,-0.39243,-0.87104,-0.88,1.09,0.13,0.24924,-0.06018,-0.29588,-0.92017,-0.88,1.1,0.16,-0.25401,-0.203,-0.30076,-0.89656,-0.87,1.1,0.18,-0.53643,-0.33652,-0.22063,-0.74183,-0.86,1.08,0.18,-0.53643,-0.33652,-0.22063,-0.74183,-0.7,1.09,0.12,-0.26482,-0.17861,-0.11305,0.94084,-0.68,1.06,0.07,-0.26482,-0.17861,-0.11305,0.94084,-0.72,1.07,0.09,-0.46747,-0.25783,0.48483,0.69278,-0.75,1.08,0.1,-0.3108,-0.15057,0.44583,0.82581,-0.77,1.1,0.13,-0.3039,-0.17991,0.52891,0.77171,-0.78,1.1,0.15,-0.3039,-0.17991,0.52891,0.77171,-0.71,1.08,0.09,-0.26482,-0.17861,-0.11305,0.94084,-0.73,1.11,0.14,0.06131,-0.28947,0.05969,0.95335,-0.75,1.1,0.17,0.41536,-0.2482,0.13707,0.86434,-0.76,1.08,0.18,0.56024,-0.19372,0.1728,0.7866,-0.76,1.06,0.19,0.56024,-0.19372,0.1728,0.7866,-0.7,1.07,0.1,-0.26482,-0.17861,-0.11305,0.94084,-0.71,1.11,0.14,-0.08824,-0.19436,-0.08814,0.97297,-0.73,1.12,0.18,0.29371,-0.21469,-0.01943,0.93127,-0.74,1.1,0.2,0.49938,-0.20294,-0.03474,0.84156,-0.75,1.08,0.21,0.49938,-0.20294,-0.03474,0.84156,-0.68,1.07,0.1,-0.26482,-0.17861,-0.11305,0.94084,-0.69,1.1,0.15,-0.0909,-0.14415,-0.15801,0.97262,-0.7,1.11,0.18,0.40365,-0.22041,-0.10556,0.88167,-0.72,1.09,0.2,0.65777,-0.26031,-0.06055,0.70421,-0.73,1.07,0.2,0.65777,-0.26031,-0.06055,0.70421,-0.68,1.07,0.11,-0.18628,-0.09776,-0.33812,0.91729,-0.68,1.09,0.15,-0.15446,-0.04092,-0.26072,0.9521,-0.68,1.1,0.18,0.39989,-0.17589,-0.27344,0.85696,-0.69,1.08,0.19,0.66939,-0.30248,-0.20764,0.646,-0.7,1.07,0.19,0.66939,-0.30248,-0.20764,0.646,-0.81,1.08,0.19
-0.79,1.45,-0.16,-0.79,1.45,-0.16,-0.85,1.09,0.11,0.36441,-0.07786,-0.14711,-0.91624,-0.86,1.05,0.06,0.36441,-0.07786,-0.14711,-0.91624,-0.82,1.07,0.09,0.45437,-0.1555,0.53252,-0.69699,-0.8,1.09,0.11,0.21644,0.01419,0.47842,-0.85092,-0.8,1.1,0.14,0.09809,0.03853,0.55069,-0.82803,-0.79,1.11,0.16,0.09809,0.03853,0.55069,-0.82803,-0.84,1.08,0.09,0.36441,-0.07786,-0.14711,-0.91624,-0.83,1.12,0.13,0.05511,-0.1213,-0.0657,-0.98891,-0.82,1.12,0.16,-0.37742,-0.14365,-0.03229,-0.91426,-0.81,1.11,0.18,-0.54395,-0.12006,-0.0121,-0.83039,-0.81,1.09,0.19,-0.54395,-0.12006,-0.0121,-0.83039,-0.85,1.07,0.09,0.36441,-0.07786,-0.14711,-0.91624,-0.85,1.12,0.13,0.08102,-0.10177,-0.13841,-0.9818,-0.84,1.12,0.17,-0.40205,-0.15837,-0.08502,-0.8978,-0.84,1.11,0.19,-0.63904,-0.15767,-0.1048,-0.74551,-0.83,1.08,0.19,-0.63904,-0.15767,-0.1048,-0.74551,-0.87,1.07,0.09,0.36441,-0.07786,-0.14711,-0.91624,-0.87,1.11,0.13,0.16745,-0.07772,-0.20379,-0.96145,-0.87,1.12,0.17,-0.36265,-0.19452,-0.17003,-0.89539,-0.85,1.1,0.19,-0.63788,-0.25869,-0.12419,-0.71467,-0.84,1.08,0.19,-0.63788,-0.25869,-0.12419,-0.71467,-0.88,1.07,0.1,0.29922,-0.02492,-0.38182,-0.8741,-0.88,1.09,0.13,0.24505,-0.06221,-0.28521,-0.92452,-0.88,1.1,0.16,-0.26155,-0.19957,-0.29049,-0.89854,-0.87,1.1,0.18,-0.54237,-0.32927,-0.21345,-0.74287,-0.86,1.08,0.18,-0.54237,-0.32927,-0.21345,-0.74287,-0.7,1.1,0.12,-0.31944,-0.17909,-0.14389,0.91934,-0.68,1.06,0.07,-0.31944,-0.17909,-0.14389,0.91934,-0.72,1.07,0.09,-0.51327,-0.21333,0.46926,0.68618,-0.75,1.09,0.1,-0.35845,-0.11407,0.41968,0.82605,-0.76,1.11,0.12,-0.3462,-0.13715,0.50661,0.77761,-0.78,1.12,0.14,-0.3462,-0.13715,0.50661,0.77761,-0.71,1.08,0.09,-0.31944,-0.17909,-0.14389,0.91934,-0.73,1.12,0.13,0.01145,-0.28502,0.03198,0.95792,-0.75,1.12,0.16,0.41687,-0.24943,0.12317,0.86535,-0.76,1.1,0.17,0.57591,-0.19468,0.16308,0.77707,-0.76,1.08,0.18,0.57591,-0.19468,0.16308,0.77707,-0.7,1.08,0.1,-0.31944,-0.17909,-0.14389,0.91934,-0.71,1.12,0.14,-0.06635,-0.20966,-0.10129,0.97025,-0.72,1.13,0.18,0.37693,-0.23476,-0.00936,0.89595,-0.74,1.11,0.19,0.60501,-0.21316,-0.0138,0.76703,-0.74,1.09,0.2,0.60501,-0.21316,-0.0138,0.76703,-0.68,1.08,0.1,-0.31944,-0.17909,-0.14389,0.91934,-0.69,1.11,0.14,-0.05111,-0.17349,-0.17308,0.96816,-0.7,1.11,0.18,0.47388,-0.25548,-0.09446,0.8374,-0.72,1.1,0.19,0.73014,-0.28705,-0.03361,0.61916,-0.73,1.07,0.19,0.73014,-0.28705,-0.03361,0.61916,-0.67,1.07,0.11,-0.23512,-0.11311,-0.37118,0.89115,-0.68,1.09,0.15,-0.16038,-0.08284,-0.29296,0.93893,-0.68,1.1,0.17,0.42081,-0.23787,-0.26963,0.83285,-0.69,1.09,0.18,0.68241,-0.35829,-0.18153,0.61073,-0.7,1.08,0.18,0.68241,-0.35829,-0.18153,0.61073,-0.81,1.08,0.19
-0.79,1.44,-0.16,-0.79,1.44,-0.16,-0.85,1.1,0.11,0.35426,-0.08003,-0.1476,-0.91995,-0.86,1.05,0.06,0.35426,-0.08003,-0.1476,-0.91995,-0.82,1.07,0.09,0.44282,-0.17175,0.53621,-0.69778,-0.8,1.09,0.11,0.20492,0.00051,0.48741,-0.84879,-0.79,1.1,0.14,0.08664,0.02575,0.56018,-0.82343,-0.79,1.1,0.16,0.08664,0.02575,0.56018,-0.82343,-0.84,1.08,0.09,0.35426,-0.08003,-0.1476,-0.91995,-0.83,1.12,0.13,0.04451,-0.1213,-0.0676,-0.98931,-0.82,1.12,0.16,-0.41019,-0.14504,-0.03033,-0.89988,-0.81,1.11,0.18,-0.5823,-0.12105,-0.00741,-0.80388,-0.81,1.08,0.19,-0.5823,-0.12105,-0.00741,-0.80388,-0.85,1.07,0.09,0.35426,-0.08003,-0.1476,-0.91995,-0.85,1.12,0.13,0.0256,-0.11162,-0.13167,-0.98466,-0.84,1.12,0.17,-0.46843,-0.16441,-0.07146,-0.86512,-0.83,1.1,0.19,-0.70453,-0.15516,-0.08741,-0.68697,-0.83,1.08,0.19,-0.70453,-0.15516,-0.08741,-0.68697,-0.87,1.07,0.09,0.35426,-0.08003,-0.1476,-0.91995,-0.87,1.11,0.13,0.10966,-0.08852,-0.19925,-0.96976,-0.86,1.12,0.17,-0.42461,-0.20042,-0.16008,-0.86828,-0.85,1.1,0.18,-0.69383,-0.25945,-0.11226,-0.66233,-0.84,1.08,0.18,-0.69383,-0.25945,-0.11226,-0.66233,-0.88,1.07,0.1,0.28881,-0.02441,-0.3816,-0.87771,-0.88,1.09,0.13,0.21266,-0.06747,-0.28547,-0.93206,-0.88,1.1,0.16,-0.30982,-0.20653,-0.28515,-0.8832,-0.87,1.09,0.18,-0.58656,-0.33433,-0.20661,-0.70816,-0.86,1.08,0.18,-0.58656,-0.33433,-0.20661,-0.70816,-0.7,1.1,0.11,-0.36506,-0.17114,-0.15783,0.90141,-0.68,1.06,0.07,-0.36506,-0.17114,-0.15783,0.90141,-0.72,1.08,0.09,-0.52644,-0.18808,0.48756,0.67065,-0.75,1.1,0.1,-0.36273,-0.07908,0.43521,0.82022,-0.76,1.11,0.13,-0.32344,-0.08719,0.52295,0.78378,-0.77,1.12,0.14,-0.32344,-0.08719,0.52295,0.78378,-0.71,1.08,0.09,-0.36506,-0.17114,-0.15783,0.90141,-0.72,1.13,0.13,-0.06029,-0.25628,-0.00754,0.96469,-0.74,1.13,0.16,0.38143,-0.23921,0.08295,0.88905,-0.75,1.11,0.17,0.56205,-0.19023,0.12456,0.79523,-0.75,1.09,0.18,0.56205,-0.19023,0.12456,0.79523,-0.69,1.08,0.1,-0.36506,-0.17114,-0.15783,0.90141,-0.7,1.13,0.13,-0.08011,-0.20682,-0.11169,0.96868,-0.72,1.13,0.17,0.39272,-0.23754,-0.01231,0.88837,-0.73,1.12,0.19,0.63798,-0.21425,-0.01201,0.73955,-0.74,1.09,0.19,0.63798,-0.21425,-0.01201,0.73955,-0.68,1.08,0.1,-0.36506,-0.17114,-0.15783,0.90141,-0.69,1.12,0.14,-0.05654,-0.18138,-0.18219,0.96473,-0.7,1.12,0.17,0.48158,-0.26857,-0.09363,0.82897,-0.71,1.1,0.18,0.74673,-0.29811,-0.02367,0.59411,-0.72,1.08,0.18,0.74673,-0.29811,-0.02367,0.59411,-0.67,1.07,0.11,-0.2793,-0.11764,-0.3875,0.87063,-0.67,1.1,0.14,-0.18772,-0.10421,-0.30687,0.92722,-0.67,1.11,0.17,0.407,-0.26952,-0.26441,0.83174,-0.69,1.1,0.18,0.67301,-0.38652,-0.16241,0.60933,-0.7,1.09,0.18,0.67301,-0.38652,-0.16241,0.60933,-0.81,1.08,0.19
-0.79,1.44,-0.16,-0.79,1.44,-0.16,-0.85,1.1,0.11,0.32864,-0.06626,-0.18208,-0.92436,-0.86,1.06,0.06,0.32864,-0.06626,-0.18208,-0.92436,-0.82,1.08,0.09,0.43052,-0.18095,0.50437,-0.7263,-0.8,1.09,0.11,0.19714,-0.02422,0.45713,-0.86694,-0.79,1.1,0.14,0.07513,-0.00016,0.53347,-0.84248,-0.79,1.11,0.16,0.07513,-0.00016,0.53347,-0.84248,-0.84,1.08,0.09,0.32864,-0.06626,-0.18208,-0.92436,-0.83,1.12,0.13,0.01708,-0.12025,-0.10493,-0.98703,-0.83,1.12,0.17,-0.43953,-0.16072,-0.06305,-0.88148,-0.82,1.1,0.18,-0.61154,-0.14296,-0.03479,-0.77741,-0.81,1.08,0.19,-0.61154,-0.14296,-0.03479,-0.77741,-0.85,1.08,0.09,0.32864,-0.06626,-0.18208,-0.92436,-0.86,1.12,0.14,0.00343,-0.10883,-0.16887,-0.97961,-0.85,1.12,0.18,-0.50842,-0.183,-0.10011,-0.83546,-0.84,1.1,0.19,-0.75403,-0.17891,-0.10457,-0.6233,-0.83,1.07,0.18,-0.75403,-0.17891,-0.10457,-0.6233,-0.87,1.07,0.09,0.32864,-0.06626,-0.18208,-0.92436,-0.87,1.1,0.14,0.07045,-0.08354,-0.23435,-0.96599,-0.87,1.11,0.17,-0.48899,-0.22044,-0.18479,-0.8235,-0.85,1.09,0.19,-0.76223,-0.28669,-0.12028,-0.56776,-0.84,1.07,0.18,-0.76223,-0.28669,-0.12028,-0.56776,-0.88,1.07,0.1,0.26194,-0.00579,-0.41255,-0.87244,-0.89,1.09,0.14,0.15549,-0.06004,-0.3209,-0.93233,-0.88,1.1,0.17,-0.3988,-0.22798,-0.30967,-0.83252,-0.87,1.09,0.18,-0.67897,-0.36926,-0.21111,-0.59839,-0.86,1.07,0.17,-0.67897,-0.36926,-0.21111,-0.59839,-0.7,1.1,0.12,-0.36161,-0.16043,-0.12416,0.90999,-0.68,1.06,0.07,-0.36161,-0.16043,-0.12416,0.90999,-0.72,1.07,0.09,-0.48324,-0.21306,0.54477,0.65139,-0.75,1.09,0.11,-0.30593,-0.07412,0.50351,0.8046,-0.76,1.1,0.13,-0.22457,-0.05648,0.58648,0.77616,-0.77,1.11,0.15,-0.22457,-0.05648,0.58648,0.77616,-0.71,1.08,0.09,-0.36161,-0.16043,-0.12416,0.90999,-0.73,1.12,0.13,-0.09184,-0.22102,-0.00274,0.97093,-0.74,1.13,0.16,0.34721,-0.20694,0.06977,0.91201,-0.75,1.11,0.18,0.53258,-0.16162,0.10361,0.82432,-0.75,1.09,0.19,0.53258,-0.16162,0.10361,0.82432,-0.7,1.08,0.1,-0.36161,-0.16043,-0.12416,0.90999,-0.7,1.12,0.13,-0.11191,-0.17902,-0.093,0.97303,-0.72,1.13,0.17,0.32553,-0.20404,-0.01815,0.92308,-0.73,1.12,0.19,0.55696,-0.18952,-0.03171,0.808,-0.74,1.1,0.2,0.55696,-0.18952,-0.03171,0.808,-0.68,1.08,0.1,-0.36161,-0.16043,-0.12416,0.90999,-0.69,1.11,0.14,-0.13778,-0.14514,-0.16867,0.96514,-0.7,1.12,0.17,0.37263,-0.22992,-0.11024,0.89226,-0.71,1.11,0.19,0.64701,-0.27191,-0.05682,0.71008,-0.72,1.09,0.19,0.64701,-0.27191,-0.05682,0.71008,-0.67,1.07,0.11,-0.28275,-0.10473,-0.3564,0.88434,-0.67,1.1,0.14,-0.28344,-0.05566,-0.27993,0.91553,-0.67,1.11,0.17,0.30738,-0.21939,-0.27376,0.88456,-0.68,1.11,0.18,0.59524,-0.34465,-0.18702,0.70138,-0.7,1.09,0.18,0.59524,-0.34465,-0.18702,0.70138,-0.81,1.08,0.19
-0.79,1.45,-0.16,-0.79,1.45,-0.16,-0.85,1.1,0.12,0.30662,-0.05065,-0.1778,-0.93371,-0.86,1.06,0.06,0.30662,-0.05065,-0.1778,-0.93371,-0.82,1.08,0.09,0.4092,-0.19767,0.50277,-0.73533,-0.8,1.09,0.11,0.17842,-0.04157,0.46015,-0.86873,-0.79,1.1,0.14,0.06227,-0.02149,0.53791,-0.84043,-0.79,1.1,0.17,0.06227,-0.02149,0.53791,-0.84043,-0.84,1.08,0.09,0.30662,-0.05065,-0.1778,-0.93371,-0.83,1.12,0.14,0.00122,-0.11008,-0.1031,-0.98856,-0.83,1.12,0.17,-0.41174,-0.14708,-0.07341,-0.89636,-0.82,1.1,0.19,-0.58197,-0.13141,-0.04954,-0.80099,-0.81,1.08,0.2,-0.58197,-0.13141,-0.04954,-0.80099,-0.85,1.08,0.09,0.30662,-0.05065,-0.1778,-0.93371,-0.86,1.12,0.14,0.05707,-0.07785,-0.17721,-0.97943,-0.85,1.12,0.18,-0.40895,-0.15388,-0.13271,-0.88965,-0.84,1.1,0.2,-0.6569,-0.16739,-0.14948,-0.71981,-0.83,1.08,0.2,-0.6569,-0.16739,-0.14948,-0.71981,-0.87,1.07,0.1,0.30662,-0.05065,-0.1778,-0.93371,-0.87,1.1,0.14,0.13422,-0.03994,-0.24126,-0.9603,-0.87,1.11,0.18,-0.38318,-0.17948,-0.22307,-0.87818,-0.86,1.1,0.19,-0.6647,-0.2639,-0.17495,-0.6767,-0.84,1.08,0.19,-0.6647,-0.2639,-0.17495,-0.6767,-0.87,1.07,0.1,0.24429,0.01527,-0.40753,-0.87978,-0.89,1.09,0.14,0.17307,-0.01748,-0.32107,-0.93094,-0.89,1.1,0.17,-0.34847,-0.18251,-0.33913,-0.85455,-0.88,1.09,0.18,-0.62413,-0.33444,-0.26115,-0.65606,-0.86,1.07,0.18,-0.62413,-0.33444,-0.26115,-0.65606,-0.7,1.1,0.11,-0.35382,-0.16396,-0.11793,0.91325,-0.69,1.06,0.07,-0.35382,-0.16396,-0.11793,0.91325,-0.72,1.07,0.09,-0.47536,-0.22649,0.55048,0.64785,-0.75,1.08,0.11,-0.29604,-0.0835,0.51353,0.80105,-0.77,1.09,0.13,-0.20801,-0.0603,0.59625,0.77303,-0.77,1.1,0.15,-0.20801,-0.0603,0.59625,0.77303,-0.71,1.08,0.09,-0.35382,-0.16396,-0.11793,0.91325,-0.73,1.12,0.13,-0.0867,-0.21533,-0.00283,0.97268,-0.74,1.12,0.16,0.34939,-0.20196,0.06645,0.91254,-0.75,1.11,0.18,0.53163,-0.15774,0.09869,0.82629,-0.76,1.09,0.19,0.53163,-0.15774,0.09869,0.82629,-0.7,1.07,0.1,-0.35382,-0.16396,-0.11793,0.91325,-0.71,1.12,0.13,-0.11713,-0.17759,-0.08985,0.97297,-0.72,1.13,0.17,0.2882,-0.20079,-0.02291,0.936,-0.73,1.12,0.19,0.48871,-0.19057,-0.04203,0.85034,-0.74,1.1,0.21,0.48871,-0.19057,-0.04203,0.85034,-0.68,1.07,0.1,-0.35382,-0.16396,-0.11793,0.91325,-0.69,1.11,0.14,-0.15977,-0.14146,-0.16629,0.96271,-0.7,1.12,0.17,0.32436,-0.2232,-0.11591,0.91189,-0.71,1.11,0.19,0.57902,-0.26816,-0.07113,0.76666,-0.72,1.09,0.2,0.57902,-0.26816,-0.07113,0.76666,-0.67,1.07,0.11,-0.27529,-0.10596,-0.34989,0.88914,-0.67,1.1,0.14,-0.3103,-0.04612,-0.27328,0.90934,-0.67,1.11,0.17,0.26959,-0.20675,-0.27584,0.89916,-0.68,1.11,0.18,0.55005,-0.3308,-0.19789,0.74085,-0.7,1.09,0.19,0.55005,-0.3308,-0.19789,0.74085,-0.81,1.08,0.19
-0.79,1.44,-0.16,-0.79,1.44,-0.16,-0.84,1.09,0.11,0.29276,-0.07377,-0.07509,-0.95037,-0.85,1.06,0.06,0.29276,-0.07377,-0.07509,-0.95037,-0.82,1.07,0.09,0.39648,-0.2523,0.55959,-0.68265,-0.79,1.08,0.11,0.18054,-0.07851,0.53494,-0.82163,-0.78,1.09,0.14,0.0838,-0.05904,0.61253,-0.78377,-0.78,1.09,0.16,0.0838,-0.05904,0.61253,-0.78377,-0.83,1.08,0.09,0.29276,-0.07377,-0.07509,-0.95037,-0.82,1.11,0.14,0.04167,-0.1292,0.01041,-0.99069,-0.81,1.11,0.17,-0.24732,-0.12234,0.02102,-0.96095,-0.81,1.1,0.19,-0.39567,-0.09107,0.02921,-0.9134,-0.8,1.09,0.21,-0.39567,-0.09107,0.02921,-0.9134,-0.84,1.07,0.09,0.29276,-0.07377,-0.07509,-0.95037,-0.84,1.11,0.14,0.16606,-0.06422,-0.08132,-0.98066,-0.84,1.13,0.18,-0.17317,-0.08955,-0.06763,-0.97848,-0.83,1.12,0.2,-0.36195,-0.09766,-0.1107,-0.92044,-0.83,1.1,0.22,-0.36195,-0.09766,-0.1107,-0.92044,-0.86,1.07,0.09,0.29276,-0.07377,-0.07509,-0.95037,-0.86,1.1,0.14,0.24503,-0.02248,-0.14337,-0.95859,-0.86,1.12,0.17,-0.16833,-0.09972,-0.15798,-0.96787,-0.86,1.11,0.2,-0.41815,-0.16396,-0.14688,-0.8813,-0.85,1.1,0.21,-0.41815,-0.16396,-0.14688,-0.8813,-0.87,1.07,0.1,0.24019,-2e-05,-0.30919,-0.92017,-0.88,1.09,0.14,0.25153,0.01235,-0.21939,-0.94258,-0.88,1.1,0.16,-0.18028,-0.0805,-0.27674,-0.94044,-0.88,1.1,0.18,-0.4327,-0.20176,-0.24789,-0.84298,-0.86,1.09,0.19,-0.4327,-0.20176,-0.24789,-0.84298,-0.7,1.1,0.11,-0.34707,-0.17227,-0.12821,0.91292,-0.69,1.06,0.07,-0.34707,-0.17227,-0.12821,0.91292,-0.73,1.07,0.09,-0.47822,-0.23322,0.54035,0.65187,-0.75,1.08,0.1,-0.29721,-0.09295,0.50499,0.80499,-0.77,1.09,0.13,-0.2138,-0.07321,0.58889,0.77597,-0.78,1.1,0.15,-0.2138,-0.07321,0.58889,0.77597,-0.71,1.08,0.09,-0.34707,-0.17227,-0.12821,0.91292,-0.73,1.12,0.13,-0.08339,-0.22006,-0.01594,0.97178,-0.75,1.12,0.16,0.35839,-0.21143,0.0582,0.90745,-0.75,1.11,0.18,0.53897,-0.16874,0.09268,0.82003,-0.76,1.09,0.19,0.53897,-0.16874,0.09268,0.82003,-0.7,1.07,0.09,-0.34707,-0.17227,-0.12821,0.91292,-0.71,1.12,0.13,-0.10812,-0.18867,-0.09699,0.97124,-0.72,1.13,0.17,0.29296,-0.21361,-0.02561,0.9316,-0.73,1.11,0.19,0.48075,-0.20338,-0.04349,0.85183,-0.74,1.09,0.2,0.48075,-0.20338,-0.04349,0.85183,-0.68,1.07,0.1,-0.34707,-0.17227,-0.12821,0.91292,-0.69,1.11,0.14,-0.15487,-0.15202,-0.17404,0.96053,-0.7,1.12,0.17,0.32109,-0.2351,-0.11924,0.90962,-0.71,1.11,0.19,0.56054,-0.27995,-0.07482,0.77578,-0.73,1.09,0.2,0.56054,-0.27995,-0.07482,0.77578,-0.68,1.07,0.11,-0.2656,-0.11285,-0.35867,0.88774,-0.68,1.09,0.14,-0.30759,-0.05416,-0.2817,0.90725,-0.67,1.11,0.17,0.26681,-0.21657,-0.27885,0.89674,-0.68,1.1,0.18,0.532,-0.33759,-0.20301,0.74953,-0.7,1.09,0.19,0.532,-0.33759,-0.20301,0.74953,-0.81,1.08,0.19
-0.79,1.44,-0.16,-0.79,1.44,-0.16,-0.84,1.09,0.11,0.28454,-0.08238,-0.04158,-0.95421,-0.85,1.06,0.06,0.28454,-0.08238,-0.04158,-0.95421,-0.82,1.07,0.09,0.40375,-0.26752,0.56236,-0.6702,-0.79,1.08,0.1,0.19127,-0.09415,0.54251,-0.81255,-0.78,1.08,0.14,0.10373,-0.07854,0.62117,-0.7728,-0.77,1.08,0.16,0.10373,-0.07854,0.62117,-0.7728,-0.83,1.07,0.09,0.28454,-0.08238,-0.04158,-0.95421,-0.82,1.11,0.14,0.0487,-0.14257,0.0484,-0.9874,-0.81,1.11,0.17,-0.19047,-0.1274,0.05476,-0.97185,-0.8,1.1,0.19,-0.31383,-0.09303,0.05861,-0.94309,-0.8,1.09,0.21,-0.31383,-0.09303,0.05861,-0.94309,-0.84,1.07,0.09,0.28454,-0.08238,-0.04158,-0.95421,-0.84,1.11,0.14,0.20256,-0.06631,-0.05009,-0.97574,-0.83,1.13,0.18,-0.09103,-0.07969,-0.04113,-0.9918,-0.83,1.12,0.2,-0.24378,-0.08556,-0.08654,-0.96216,-0.82,1.11,0.22,-0.24378,-0.08556,-0.08654,-0.96216,-0.86,1.07,0.09,0.28454,-0.08238,-0.04158,-0.95421,-0.86,1.1,0.14,0.2843,-0.0247,-0.11076,-0.952,-0.86,1.12,0.17,-0.08795,-0.08453,-0.12946,-0.98405,-0.85,1.12,0.2,-0.3118,-0.14002,-0.12397,-0.93156,-0.84,1.11,0.21,-0.3118,-0.14002,-0.12397,-0.93156,-0.87,1.07,0.1,0.23508,-0.00551,-0.27623,-0.93188,-0.87,1.09,0.14,0.28768,0.0171,-0.1836,-0.93981,-0.88,1.11,0.16,-0.10236,-0.05278,-0.24779,-0.96195,-0.88,1.1,0.18,-0.33595,-0.16073,-0.2287,-0.89944,-0.87,1.09,0.2,-0.33595,-0.16073,-0.2287,-0.89944,-0.7,1.1,0.12,-0.34163,-0.17619,-0.13469,0.91329,-0.69,1.06,0.07,-0.34163,-0.17619,-0.13469,0.91329,-0.73,1.07,0.09,-0.47925,-0.23604,0.53319,0.65598,-0.75,1.08,0.1,-0.29627,-0.09722,0.49851,0.80886,-0.77,1.09,0.13,-0.21459,-0.07918,0.58303,0.77959,-0.78,1.1,0.15,-0.21459,-0.07918,0.58303,0.77959,-0.71,1.08,0.09,-0.34163,-0.17619,-0.13469,0.91329,-0.73,1.12,0.13,-0.09335,-0.21805,-0.0305,0.97098,-0.75,1.12,0.16,0.3614,-0.21567,0.04729,0.90589,-0.75,1.11,0.18,0.54486,-0.17484,0.08366,0.81582,-0.76,1.09,0.19,0.54486,-0.17484,0.08366,0.81582,-0.7,1.07,0.1,-0.34163,-0.17619,-0.13469,0.91329,-0.71,1.12,0.14,-0.10375,-0.19345,-0.10275,0.97018,-0.72,1.13,0.17,0.29926,-0.22032,-0.02832,0.92795,-0.74,1.11,0.19,0.48304,-0.21007,-0.0452,0.84883,-0.75,1.09,0.2,0.48304,-0.21007,-0.0452,0.84883,-0.68,1.07,0.1,-0.34163,-0.17619,-0.13469,0.91329,-0.69,1.11,0.14,-0.15046,-0.15735,-0.1791,0.95944,-0.7,1.12,0.17,0.32503,-0.24204,-0.12109,0.90615,-0.72,1.11,0.19,0.5582,-0.28674,-0.07623,0.77484,-0.73,1.09,0.2,0.5582,-0.28674,-0.07623,0.77484,-0.68,1.07,0.11,-0.25861,-0.11558,-0.36419,0.8872,-0.68,1.09,0.14,-0.30675,-0.05987,-0.2864,0.9057,-0.67,1.11,0.17,0.26793,-0.22409,-0.2792,0.89445,-0.69,1.1,0.18,0.5265,-0.34336,-0.20328,0.75072,-0.7,1.09,0.19,0.5265,-0.34336,-0.20328,0.75072,-0.81,1.08,0.19
-0.79,1.44,-0.16,-0.79,1.44,-0.16,-0.84,1.09,0.12,0.26454,-0.08085,-0.0895,-0.9568,-0.85,1.06,0.06,0.26454,-0.08085,-0.0895,-0.9568,-0.82,1.07,0.09,0.43671,-0.24502,0.48883,-0.71435,-0.79,1.08,0.1,0.21037,-0.09606,0.46061,-0.85694,-0.78,1.09,0.13,0.12016,-0.08551,0.54472,-0.82555,-0.77,1.09,0.16,0.12016,-0.08551,0.54472,-0.82555,-0.83,1.07,0.09,0.26454,-0.08085,-0.0895,-0.9568,-0.82,1.1,0.14,0.03507,-0.15567,0.00077,-0.98719,-0.81,1.11,0.17,-0.2092,-0.151,0.01244,-0.96606,-0.8,1.1,0.19,-0.33415,-0.12164,0.02038,-0.93441,-0.8,1.08,0.21,-0.33415,-0.12164,0.02038,-0.93441,-0.84,1.07,0.09,0.26454,-0.08085,-0.0895,-0.9568,-0.84,1.1,0.14,0.18136,-0.06914,-0.09732,-0.97614,-0.84,1.12,0.18,-0.10493,-0.09531,-0.08609,-0.98615,-0.83,1.12,0.21,-0.24785,-0.1059,-0.12845,-0.95439,-0.83,1.11,0.23,-0.24785,-0.1059,-0.12845,-0.95439,-0.86,1.07,0.09,0.26454,-0.08085,-0.0895,-0.9568,-0.86,1.1,0.14,0.2636,-0.02489,-0.15644,-0.95154,-0.86,1.12,0.17,-0.10363,-0.10024,-0.17221,-0.97445,-0.85,1.11,0.2,-0.3181,-0.16386,-0.16276,-0.91949,-0.85,1.1,0.22,-0.3181,-0.16386,-0.16276,-0.91949,-0.87,1.06,0.1,0.20927,-0.00039,-0.32038,-0.92389,-0.88,1.08,0.14,0.28091,0.02202,-0.2264,-0.93239,-0.88,1.1,0.16,-0.11017,-0.06563,-0.28826,-0.94893,-0.88,1.09,0.18,-0.34441,-0.18474,-0.26381,-0.88185,-0.87,1.08,0.2,-0.34441,-0.18474,-0.26381,-0.88185,-0.7,1.09,0.12,-0.31595,-0.1741,-0.13715,0.92252,-0.69,1.06,0.07,-0.31595,-0.1741,-0.13715,0.92252,-0.73,1.07,0.09,-0.46754,-0.2476,0.52091,0.66988,-0.75,1.08,0.11,-0.27804,-0.10875,0.4895,0.8193,-0.77,1.09,0.13,-0.19483,-0.09171,0.57488,0.7894,-0.78,1.1,0.15,-0.19483,-0.09171,0.57488,0.7894,-0.71,1.07,0.09,-0.31595,-0.1741,-0.13715,0.92252,-0.73,1.11,0.13,-0.14078,-0.20244,-0.05987,0.96727,-0.74,1.12,0.17,0.33111,-0.21598,0.01776,0.91837,-0.75,1.11,0.18,0.53098,-0.18087,0.05698,0.8259,-0.76,1.09,0.19,0.53098,-0.18087,0.05698,0.8259,-0.7,1.07,0.1,-0.31595,-0.1741,-0.13715,0.92252,-0.71,1.11,0.14,-0.11169,-0.18476,-0.11405,0.96973,-0.72,1.12,0.18,0.2936,-0.21713,-0.04172,0.93001,-0.73,1.11,0.2,0.47264,-0.20978,-0.05973,0.85384,-0.74,1.09,0.21,0.47264,-0.20978,-0.05973,0.85384,-0.68,1.07,0.1,-0.31595,-0.1741,-0.13715,0.92252,-0.69,1.1,0.14,-0.13924,-0.15115,-0.18311,0.96137,-0.7,1.12,0.18,0.33973,-0.23859,-0.12676,0.90088,-0.71,1.1,0.2,0.56776,-0.2844,-0.0838,0.76795,-0.73,1.08,0.2,0.56776,-0.2844,-0.0838,0.76795,-0.68,1.07,0.11,-0.23367,-0.10699,-0.36492,0.89487,-0.68,1.09,0.15,-0.30517,-0.05176,-0.28488,0.90721,-0.67,1.11,0.17,0.27772,-0.21891,-0.281,0.89218,-0.69,1.1,0.19,0.53814,-0.3397,-0.20582,0.7434,-0.7,1.09,0.19,0.53814,-0.3397,-0.20582,0.7434,-0.81,1.08,0.19
-0.79,1.44,-0.16,-0.79,1.44,-0.16,-0.85,1.09,0.12,0.26379,-0.08443,-0.14042,-0.95056,-0.86,1.06,0.06,0.26379,-0.08443,-0.14042,-0.95056,-0.82,1.07,0.09,0.46823,-0.21916,0.42805,-0.74129,-0.8,1.09,0.1,0.23066,-0.08975,0.39194,-0.88607,-0.79,1.1,0.13,0.13249,-0.08034,0.4796,-0.8637,-0.78,1.1,0.15,0.13249,-0.08034,0.4796,-0.8637,-0.83,1.07,0.09,0.26379,-0.08443,-0.14042,-0.95056,-0.82,1.11,0.14,0.02884,-0.16777,-0.04774,-0.98425,-0.81,1.11,0.17,-0.23756,-0.17504,-0.02741,-0.95508,-0.8,1.1,0.19,-0.37597,-0.15071,-0.01261,-0.91421,-0.8,1.08,0.21,-0.37597,-0.15071,-0.01261,-0.91421,-0.85,1.07,0.09,0.26379,-0.08443,-0.14042,-0.95056,-0.85,1.1,0.14,0.17206,-0.08004,-0.14641,-0.97085,-0.84,1.12,0.18,-0.12235,-0.12091,-0.12878,-0.97664,-0.83,1.11,0.2,-0.27067,-0.13703,-0.16631,-0.93824,-0.83,1.1,0.23,-0.27067,-0.13703,-0.16631,-0.93824,-0.87,1.07,0.1,0.26379,-0.08443,-0.14042,-0.95056,-0.86,1.09,0.14,0.25695,-0.03533,-0.20542,-0.94368,-0.86,1.11,0.17,-0.11828,-0.13006,-0.21237,-0.96125,-0.86,1.11,0.2,-0.33418,-0.2024,-0.19452,-0.89973,-0.85,1.1,0.22,-0.33418,-0.2024,-0.19452,-0.89973,-0.87,1.06,0.1,0.20076,-0.00551,-0.36821,-0.90779,-0.88,1.08,0.14,0.28086,0.00743,-0.27397,-0.91979,-0.88,1.09,0.16,-0.12205,-0.10287,-0.32442,-0.93235,-0.88,1.09,0.18,-0.36382,-0.23386,-0.28619,-0.85501,-0.86,1.08,0.2,-0.36382,-0.23386,-0.28619,-0.85501,-0.7,1.09,0.12,-0.29239,-0.17425,-0.13125,0.93108,-0.68,1.06,0.07,-0.29239,-0.17425,-0.13125,0.93108,-0.73,1.07,0.09,-0.45323,-0.26046,0.51779,0.67722,-0.75,1.08,0.11,-0.26086,-0.12023,0.49,0.82304,-0.77,1.09,0.13,-0.17505,-0.10229,0.57579,0.79206,-0.78,1.09,0.16,-0.17505,-0.10229,0.57579,0.79206,-0.71,1.07,0.09,-0.29239,-0.17425,-0.13125,0.93108,-0.73,1.11,0.14,-0.15321,-0.19276,-0.06668,0.96691,-0.74,1.12,0.17,0.32189,-0.21089,0.00782,0.92296,-0.75,1.11,0.18,0.53019,-0.17789,0.04755,0.82764,-0.76,1.09,0.19,0.53019,-0.17789,0.04755,0.82764,-0.7,1.07,0.1,-0.29239,-0.17425,-0.13125,0.93108,-0.71,1.11,0.14,-0.10155,-0.18037,-0.11135,0.97199,-0.72,1.12,0.18,0.30418,-0.21191,-0.04097,0.92784,-0.74,1.1,0.2,0.47963,-0.20381,-0.06028,0.85134,-0.75,1.09,0.21,0.47963,-0.20381,-0.06028,0.85134,-0.68,1.07,0.1,-0.29239,-0.17425,-0.13125,0.93108,-0.69,1.1,0.15,-0.13125,-0.14605,-0.17855,0.96414,-0.7,1.11,0.18,0.35438,-0.23249,-0.1239,0.89723,-0.72,1.1,0.2,0.58139,-0.27742,-0.08289,0.76036,-0.73,1.08,0.2,0.58139,-0.27742,-0.08289,0.76036,-0.68,1.06,0.11,-0.2115,-0.10095,-0.35767,0.90396,-0.68,1.09,0.15,-0.32086,-0.03755,-0.27608,0.90522,-0.67,1.1,0.17,0.27979,-0.20871,-0.27882,0.89466,-0.68,1.1,0.19,0.55289,-0.33229,-0.20249,0.73681,-0.7,1.08,0.19,0.55289,-0.33229,-0.20249,0.73681,-0.81,1.08,0.19
-0.79,1.44,-0.16,-0.79,1.44,-0.16,-0.85,1.09,0.11,0.28937,-0.0759,-0.18349,-0.9364,-0.86,1.06,0.06,0.28937,-0.0759,-0.18349,-0.9364,-0.82,1.07,0.09,0.49488,-0.18262,0.39744,-0.75086,-0.8,1.09,0.1,0.24462,-0.06139,0.35166,-0.90151,-0.79,1.11,0.13,0.13286,-0.05,0.43871,-0.88735,-0.79,1.11,0.15,0.13286,-0.05,0.43871,-0.88735,-0.84,1.08,0.09,0.28937,-0.0759,-0.18349,-0.9364,-0.83,1.11,0.14,0.02411,-0.16578,-0.0866,-0.98206,-0.82,1.11,0.17,-0.28744,-0.18628,-0.05625,-0.93782,-0.81,1.1,0.19,-0.44179,-0.16646,-0.03426,-0.88087,-0.8,1.08,0.2,-0.44179,-0.16646,-0.03426,-0.88087,-0.85,1.07,0.09,0.28937,-0.0759,-0.18349,-0.9364,-0.85,1.11,0.14,0.17339,-0.08383,-0.18714,-0.96327,-0.85,1.12,0.18,-0.15452,-0.14256,-0.16144,-0.96423,-0.84,1.12,0.2,-0.31854,-0.16426,-0.19352,-0.91329,-0.83,1.1,0.22,-0.31854,-0.16426,-0.19352,-0.91329,-0.87,1.07,0.1,0.28937,-0.0759,-0.18349,-0.9364,-0.87,1.1,0.14,0.27127,-0.03719,-0.24736,-0.92943,-0.87,1.12,0.17,-0.14204,-0.15901,-0.2438,-0.9461,-0.86,1.11,0.2,-0.37319,-0.24126,-0.21497,-0.86966,-0.85,1.1,0.21,-0.37319,-0.24126,-0.21497,-0.86966,-0.87,1.06,0.1,0.22151,-0.00533,-0.41071,-0.88443,-0.88,1.08,0.14,0.30175,-0.00219,-0.31554,-0.89966,-0.89,1.1,0.16,-0.13727,-0.14587,-0.35319,-0.91386,-0.88,1.09,0.18,-0.39727,-0.29087,-0.29485,-0.81892,-0.87,1.08,0.19,-0.39727,-0.29087,-0.29485,-0.81892,-0.71,1.09,0.12,-0.26992,-0.16873,-0.11673,0.94077,-0.69,1.06,0.07,-0.26992,-0.16873,-0.11673,0.94077,-0.73,1.07,0.09,-0.44005,-0.2655,0.51604,0.68525,-0.75,1.08,0.11,-0.24698,-0.12493,0.48929,0.82704,-0.77,1.09,0.14,-0.16294,-0.10944,0.57497,0.79428,-0.78,1.09,0.16,-0.16294,-0.10944,0.57497,0.79428,-0.71,1.07,0.09,-0.26992,-0.16873,-0.11673,0.94077,-0.73,1.11,0.14,-0.158,-0.18442,-0.05955,0.96823,-0.74,1.12,0.17,0.30837,-0.20041,0.00808,0.92988,-0.75,1.1,0.19,0.51483,-0.16786,0.04416,0.83954,-0.76,1.08,0.2,0.51483,-0.16786,0.04416,0.83954,-0.7,1.07,0.1,-0.26992,-0.16873,-0.11673,0.94077,-0.71,1.11,0.14,-0.07121,-0.1743,-0.09565,0.97745,-0.72,1.11,0.18,0.33647,-0.19967,-0.02866,0.91984,-0.74,1.1,0.2,0.5112,-0.18755,-0.04992,0.83726,-0.74,1.08,0.21,0.5112,-0.18755,-0.04992,0.83726,-0.68,1.07,0.1,-0.26992,-0.16873,-0.11673,0.94077,-0.69,1.1,0.15,-0.1082,-0.1381,-0.16343,0.97083,-0.7,1.11,0.18,0.38678,-0.21845,-0.11308,0.88876,-0.71,1.09,0.2,0.6162,-0.26043,-0.07549,0.73944,-0.73,1.07,0.2,0.6162,-0.26043,-0.07549,0.73944,-0.68,1.06,0.11,-0.19275,-0.08933,-0.34257,0.91516,-0.68,1.08,0.15,-0.32924,-0.019,-0.25827,0.90804,-0.67,1.1,0.17,0.28878,-0.18853,-0.27318,0.89802,-0.68,1.09,0.19,0.58059,-0.31577,-0.19774,0.72395,-0.7,1.08,0.19,0.58059,-0.31577,-0.19774,0.72395,-0.81,1.08,0.19
-0.79,1.44,-0.16,-0.79,1.44,-0.16,-0.85,1.1,0.11,0.35324,-0.06774,-0.18701,-0.91414,-0.86,1.06,0.06,0.35324,-0.06774,-0.18701,-0.91414,-0.83,1.08,0.09,0.51665,-0.1345,0.4314,-0.72724,-0.8,1.1,0.1,0.26741,-0.00369,0.37109,-0.88925,-0.8,1.11,0.13,0.14059,0.0169,0.45093,-0.88126,-0.8,1.12,0.15,0.14059,0.0169,0.45093,-0.88126,-0.84,1.08,0.09,0.35324,-0.06774,-0.18701,-0.91414,-0.84,1.12,0.13,0.0844,-0.14911,-0.0926,-0.98085,-0.83,1.13,0.16,-0.27179,-0.17673,-0.05912,-0.94414,-0.82,1.12,0.18,-0.43838,-0.15823,-0.03691,-0.88398,-0.81,1.1,0.2,-0.43838,-0.15823,-0.03691,-0.88398,-0.85,1.07,0.09,0.35324,-0.06774,-0.18701,-0.91414,-0.86,1.12,0.13,0.19137,-0.09162,-0.18543,-0.95948,-0.85,1.13,0.17,-0.18624,-0.15751,-0.14937,-0.95823,-0.84,1.13,0.19,-0.37319,-0.17872,-0.17673,-0.89306,-0.83,1.11,0.21,-0.37319,-0.17872,-0.17673,-0.89306,-0.87,1.07,0.09,0.35324,-0.06774,-0.18701,-0.91414,-0.87,1.1,0.13,0.29011,-0.05092,-0.24923,-0.92256,-0.87,1.13,0.16,-0.1658,-0.18353,-0.23209,-0.94072,-0.86,1.12,0.19,-0.41194,-0.26454,-0.19432,-0.85004,-0.85,1.11,0.2,-0.41194,-0.26454,-0.19432,-0.85004,-0.88,1.06,0.1,0.28494,-0.01384,-0.41863,-0.86219,-0.89,1.09,0.13,0.33723,-0.02227,-0.32179,-0.88444,-0.89,1.11,0.16,-0.12044,-0.17694,-0.3466,-0.91327,-0.88,1.1,0.18,-0.38553,-0.31955,-0.27676,-0.82016,-0.87,1.09,0.19,-0.38553,-0.31955,-0.27676,-0.82016,-0.71,1.09,0.12,-0.26321,-0.14451,-0.09748,0.94886,-0.69,1.06,0.07,-0.26321,-0.14451,-0.09748,0.94886,-0.73,1.07,0.1,-0.43305,-0.24315,0.51778,0.6966,-0.75,1.08,0.11,-0.24427,-0.10498,0.48357,0.83395,-0.77,1.09,0.14,-0.16689,-0.09651,0.56783,0.80025,-0.77,1.09,0.16,-0.16689,-0.09651,0.56783,0.80025,-0.72,1.07,0.1,-0.26321,-0.14451,-0.09748,0.94886,-0.73,1.11,0.14,-0.14295,-0.16694,-0.03885,0.97478,-0.74,1.12,0.18,0.27066,-0.17575,0.00803,0.94646,-0.75,1.1,0.2,0.45928,-0.14482,0.03323,0.87578,-0.76,1.09,0.21,0.45928,-0.14482,0.03323,0.87578,-0.7,1.07,0.1,-0.26321,-0.14451,-0.09748,0.94886,-0.71,1.11,0.15,-0.05027,-0.15127,-0.07776,0.98415,-0.72,1.11,0.19,0.3587,-0.17109,-0.02171,0.91738,-0.73,1.1,0.21,0.53987,-0.15682,-0.04757,0.82565,-0.74,1.07,0.22,0.53987,-0.15682,-0.04757,0.82565,-0.68,1.07,0.11,-0.26321,-0.14451,-0.09748,0.94886,-0.69,1.1,0.15,-0.11653,-0.10916,-0.14947,0.97579,-0.7,1.11,0.19,0.38722,-0.18756,-0.1141,0.89547,-0.71,1.09,0.2,0.62951,-0.23177,-0.08241,0.73703,-0.72,1.07,0.21,0.62951,-0.23177,-0.08241,0.73703,-0.68,1.07,0.11,-0.19383,-0.06301,-0.32511,0.92345,-0.68,1.09,0.15,-0.36578,0.0275,-0.23411,0.90036,-0.67,1.1,0.17,0.24116,-0.13731,-0.28272,0.91818,-0.68,1.1,0.19,0.55412,-0.27512,-0.21954,0.75436,-0.69,1.08,0.2,0.55412,-0.27512,-0.21954,0.75436,-0.81,1.08,0.19
-0.79,1.44,-0.16,-0.79,1.44,-0.16,-0.85,1.09,0.11,0.36122,-0.0675,-0.17376,-0.91366,-0.86,1.05,0.06,0.36122,-0.0675,-0.17376,-0.91366,-0.82,1.07,0.09,0.49686,-0.13289,0.46817,-0.71853,-0.8,1.09,0.1,0.24968,0.0122,0.40704,-0.87854,-0.8,1.11,0.13,0.12128,0.036,0.48284,-0.86652,-0.8,1.11,0.15,0.12128,0.036,0.48284,-0.86652,-0.84,1.08,0.09,0.36122,-0.0675,-0.17376,-0.91366,-0.83,1.12,0.13,0.08329,-0.13504,-0.08585,-0.98359,-0.82,1.13,0.16,-0.30637,-0.16312,-0.05212,-0.93638,-0.82,1.11,0.18,-0.47391,-0.14334,-0.0309,-0.86828,-0.81,1.09,0.19,-0.47391,-0.14334,-0.0309,-0.86828,-0.85,1.07,0.09,0.36122,-0.0675,-0.17376,-0.91366,-0.86,1.12,0.13,0.14399,-0.10341,-0.16399,-0.9704,-0.85,1.13,0.17,-0.28295,-0.16592,-0.11695,-0.93741,-0.84,1.12,0.19,-0.48617,-0.17704,-0.14055,-0.84412,-0.83,1.1,0.2,-0.48617,-0.17704,-0.14055,-0.84412,-0.87,1.07,0.09,0.36122,-0.0675,-0.17376,-0.91366,-0.87,1.1,0.13,0.2329,-0.07088,-0.22981,-0.9423,-0.87,1.12,0.17,-0.25952,-0.19719,-0.20114,-0.92375,-0.86,1.11,0.19,-0.51251,-0.2692,-0.15981,-0.79958,-0.84,1.09,0.2,-0.51251,-0.2692,-0.15981,-0.79958,-0.88,1.06,0.1,0.29459,-0.01509,-0.40683,-0.86457,-0.89,1.09,0.13,0.29461,-0.05077,-0.30715,-0.90349,-0.89,1.1,0.16,-0.18393,-0.19688,-0.31853,-0.90882,-0.88,1.1,0.17,-0.44712,-0.32996,-0.24627,-0.79408,-0.86,1.09,0.18,-0.44712,-0.32996,-0.24627,-0.79408,-0.71,1.09,0.13,-0.2076,-0.13087,-0.04415,0.96841,-0.69,1.06,0.07,-0.2076,-0.13087,-0.04415,0.96841,-0.73,1.06,0.1,-0.3966,-0.26812,0.52354,0.70479,-0.75,1.07,0.12,-0.22593,-0.13696,0.49181,0.82965,-0.77,1.08,0.14,-0.18419,-0.15215,0.5738,0.78338,-0.78,1.09,0.17,-0.18419,-0.15215,0.5738,0.78338,-0.72,1.07,0.1,-0.2076,-0.13087,-0.04415,0.96841,-0.74,1.1,0.15,-0.02492,-0.17307,0.03191,0.98408,-0.75,1.1,0.19,0.33205,-0.15336,0.06598,0.92837,-0.75,1.08,0.2,0.48929,-0.11269,0.08333,0.86079,-0.76,1.06,0.21,0.48929,-0.11269,0.08333,0.86079,-0.7,1.07,0.1,-0.2076,-0.13087,-0.04415,0.96841,-0.71,1.1,0.15,-0.00948,-0.13071,-0.02805,0.99098,-0.73,1.1,0.2,0.37722,-0.13181,0.0121,0.91661,-0.73,1.08,0.21,0.55685,-0.1106,-0.02217,0.82292,-0.74,1.06,0.22,0.55685,-0.1106,-0.02217,0.82292,-0.69,1.07,0.11,-0.2076,-0.13087,-0.04415,0.96841,-0.7,1.09,0.16,-0.12006,-0.07978,-0.10099,0.98439,-0.7,1.1,0.19,0.38413,-0.13793,-0.08753,0.90871,-0.71,1.09,0.21,0.63136,-0.17708,-0.07133,0.75163,-0.72,1.06,0.21,0.63136,-0.17708,-0.07133,0.75163,-0.68,1.07,0.11,-0.14994,-0.03457,-0.26997,0.95049,-0.68,1.08,0.15,-0.34302,0.0579,-0.16883,0.92221,-0.67,1.1,0.18,0.24269,-0.06537,-0.25079,0.93484,-0.68,1.09,0.19,0.5657,-0.19787,-0.21645,0.7707,-0.69,1.08,0.2,0.5657,-0.19787,-0.21645,0.7707,-0.81,1.08,0.19
-0.79,1.44,-0.16,-0.79,1.44,-0.16,-0.85,1.09,0.11,0.36826,-0.06447,-0.17186,-0.91142,-0.86,1.05,0.06,0.36826,-0.06447,-0.17186,-0.91142,-0.82,1.07,0.09,0.47853,-0.1246,0.4929,-0.71591,-0.8,1.09,0.1,0.2364,0.02844,0.42865,-0.87153,-0.8,1.1,0.13,0.1105,0.05168,0.50162,-0.85644,-0.8,1.11,0.16,0.1105,0.05168,0.50162,-0.85644,-0.84,1.08,0.09,0.36826,-0.06447,-0.17186,-0.91142,-0.83,1.12,0.13,0.06476,-0.12254,-0.08903,-0.98634,-0.83,1.12,0.16,-0.34649,-0.15376,-0.05629,-0.92365,-0.82,1.11,0.18,-0.50936,-0.13441,-0.03585,-0.84924,-0.81,1.09,0.19,-0.50936,-0.13441,-0.03585,-0.84924,-0.85,1.07,0.09,0.36826,-0.06447,-0.17186,-0.91142,-0.86,1.12,0.13,0.09937,-0.10911,-0.15662,-0.97657,-0.85,1.12,0.17,-0.35992,-0.17122,-0.10179,-0.91147,-0.84,1.11,0.19,-0.57626,-0.17551,-0.12126,-0.78893,-0.83,1.09,0.2,-0.57626,-0.17551,-0.12126,-0.78893,-0.87,1.07,0.09,0.36826,-0.06447,-0.17186,-0.91142,-0.87,1.1,0.13,0.18252,-0.08283,-0.22282,-0.95403,-0.87,1.12,0.17,-0.33497,-0.20724,-0.18526,-0.90029,-0.86,1.1,0.18,-0.59532,-0.27429,-0.13881,-0.74236,-0.84,1.08,0.19,-0.59532,-0.27429,-0.13881,-0.74236,-0.88,1.06,0.1,0.30234,-0.01389,-0.40557,-0.86251,-0.89,1.09,0.13,0.25538,-0.07073,-0.30277,-0.91548,-0.89,1.1,0.16,-0.2482,-0.21638,-0.30101,-0.89497,-0.88,1.1,0.17,-0.51532,-0.34519,-0.22213,-0.7523,-0.86,1.08,0.18,-0.51532,-0.34519,-0.22213,-0.7523,-0.71,1.09,0.13,-0.18386,-0.12165,-0.01687,0.97525,-0.69,1.07,0.07,-0.18386,-0.12165,-0.01687,0.97525,-0.73,1.07,0.1,-0.38507,-0.27765,0.51992,0.71015,-0.76,1.07,0.12,-0.23997,-0.16263,0.48357,0.82591,-0.77,1.08,0.15,-0.24022,-0.20379,0.56056,0.76586,-0.79,1.09,0.16,-0.24022,-0.20379,0.56056,0.76586,-0.72,1.07,0.1,-0.18386,-0.12165,-0.01687,0.97525,-0.74,1.1,0.15,0.04378,-0.18487,0.07496,0.97892,-0.75,1.09,0.19,0.35996,-0.15134,0.10455,0.91466,-0.75,1.07,0.21,0.49191,-0.10662,0.11868,0.8559,-0.76,1.06,0.22,0.49191,-0.10662,0.11868,0.8559,-0.7,1.07,0.1,-0.18386,-0.12165,-0.01687,0.97525,-0.72,1.1,0.16,-0.04342,-0.11935,-0.00902,0.99186,-0.73,1.1,0.2,0.33358,-0.11473,0.02372,0.93541,-0.73,1.09,0.22,0.516,-0.0945,-0.01497,0.85123,-0.73,1.07,0.23,0.516,-0.0945,-0.01497,0.85123,-0.69,1.08,0.11,-0.18386,-0.12165,-0.01687,0.97525,-0.7,1.09,0.16,-0.13454,-0.06601,-0.07576,0.9858,-0.7,1.1,0.19,0.3703,-0.114,-0.07246,0.91904,-0.71,1.09,0.21,0.62,-0.15035,-0.06379,0.76741,-0.71,1.07,0.22,0.62,-0.15035,-0.06379,0.76741,-0.68,1.07,0.11,-0.13257,-0.01926,-0.24181,0.96103,-0.68,1.08,0.15,-0.32138,0.06678,-0.1372,0.93458,-0.67,1.1,0.18,0.25245,-0.03491,-0.23065,0.93907,-0.67,1.09,0.2,0.57412,-0.16157,-0.21026,0.77464,-0.69,1.07,0.2,0.57412,-0.16157,-0.21026,0.77464,-0.81,1.08,0.19
-0.79,1.44,-0.16,-0.79,1.44,-0.16,-0.85,1.09,0.11,0.36559,-0.05907,-0.168,-0.91358,-0.86,1.05,0.06,0.36559,-0.05907,-0.168,-0.91358,-0.83,1.07,0.09,0.45806,-0.12272,0.51073,-0.71713,-0.8,1.09,0.11,0.2257,0.03319,0.44541,-0.86578,-0.8,1.1,0.14,0.10929,0.05173,0.51814,-0.8467,-0.8,1.11,0.16,0.10929,0.05173,0.51814,-0.8467,-0.84,1.07,0.09,0.36559,-0.05907,-0.168,-0.91358,-0.84,1.12,0.13,0.03122,-0.11335,-0.08719,-0.98923,-0.83,1.12,0.16,-0.39563,-0.14489,-0.05573,-0.90519,-0.82,1.1,0.18,-0.55556,-0.12524,-0.03523,-0.82123,-0.81,1.08,0.19,-0.55556,-0.12524,-0.03523,-0.82123,-0.85,1.07,0.09,0.36559,-0.05907,-0.168,-0.91358,-0.86,1.11,0.13,0.06353,-0.10546,-0.15257,-0.98059,-0.85,1.12,0.17,-0.41405,-0.16789,-0.09619,-0.88945,-0.84,1.1,0.19,-0.6459,-0.16873,-0.11288,-0.73594,-0.83,1.08,0.19,-0.6459,-0.16873,-0.11288,-0.73594,-0.87,1.07,0.09,0.36559,-0.05907,-0.168,-0.91358,-0.87,1.1,0.13,0.14554,-0.08234,-0.21809,-0.9615,-0.87,1.11,0.17,-0.38843,-0.20643,-0.17858,-0.88012,-0.86,1.1,0.18,-0.66153,-0.27227,-0.12739,-0.68704,-0.84,1.08,0.19,-0.66153,-0.27227,-0.12739,-0.68704,-0.88,1.06,0.1,0.30137,-0.00773,-0.402,-0.86459,-0.89,1.09,0.13,0.23034,-0.07138,-0.29939,-0.92315,-0.89,1.1,0.16,-0.29843,-0.22102,-0.29302,-0.88104,-0.88,1.09,0.17,-0.58737,-0.35366,-0.20276,-0.69915,-0.86,1.08,0.18,-0.58737,-0.35366,-0.20276,-0.69915,-0.71,1.1,0.12,-0.2471,-0.13056,-0.05849,0.95837,-0.69,1.07,0.07,-0.2471,-0.13056,-0.05849,0.95837,-0.73,1.07,0.1,-0.44219,-0.23938,0.50329,0.70275,-0.75,1.09,0.11,-0.29601,-0.13165,0.45819,0.82771,-0.77,1.1,0.14,-0.29749,-0.16953,0.53931,0.76935,-0.78,1.11,0.15,-0.29749,-0.16953,0.53931,0.76935,-0.72,1.08,0.1,-0.2471,-0.13056,-0.05849,0.95837,-0.73,1.11,0.15,-0.00401,-0.20472,0.04905,0.97758,-0.75,1.11,0.18,0.32181,-0.17902,0.08785,0.92557,-0.76,1.09,0.2,0.45549,-0.13699,0.105,0.87335,-0.76,1.08,0.21,0.45549,-0.13699,0.105,0.87335,-0.7,1.08,0.1,-0.2471,-0.13056,-0.05849,0.95837,-0.71,1.11,0.15,-0.11036,-0.13502,-0.0493,0.98344,-0.72,1.12,0.19,0.31127,-0.14541,-0.00114,0.93913,-0.73,1.11,0.21,0.51457,-0.13044,-0.03239,0.84685,-0.74,1.09,0.22,0.51457,-0.13044,-0.03239,0.84685,-0.68,1.08,0.1,-0.2471,-0.13056,-0.05849,0.95837,-0.69,1.11,0.15,-0.1825,-0.08434,-0.11858,0.97238,-0.7,1.12,0.18,0.35212,-0.15573,-0.0951,0.918,-0.71,1.1,0.2,0.61386,-0.19749,-0.07079,0.76103,-0.72,1.08,0.21,0.61386,-0.19749,-0.07079,0.76103,-0.68,1.08,0.11,-0.18642,-0.04411,-0.28733,0.93848,-0.68,1.09,0.15,-0.33316,0.0438,-0.19427,0.9216,-0.67,1.11,0.17,0.23879,-0.08705,-0.26403,0.93042,-0.68,1.1,0.19,0.55519,-0.22156,-0.22146,0.77047,-0.69,1.09,0.2,0.55519,-0.22156,-0.22146,0.77047,-0.81,1.08,0.19
-0.79,1.44,-0.16,-0.79,1.44,-0.16,-0.85,1.09,0.11,0.3648,-0.05584,-0.16197,-0.91519,-0.86,1.05,0.06,0.3648,-0.05584,-0.16197,-0.91519,-0.83,1.07,0.09,0.44551,-0.12246,0.52392,-0.71557,-0.8,1.09,0.11,0.21996,0.03562,0.45834,-0.86039,-0.8,1.1,0.14,0.10974,0.05125,0.53093,-0.83872,-0.8,1.11,0.16,0.10974,0.05125,0.53093,-0.83872,-0.84,1.07,0.09,0.3648,-0.05584,-0.16197,-0.91519,-0.84,1.12,0.13,0.02378,-0.10654,-0.08365,-0.9905,-0.83,1.12,0.17,-0.40905,-0.13743,-0.05453,-0.90045,-0.82,1.1,0.18,-0.56999,-0.1177,-0.03463,-0.81244,-0.82,1.08,0.19,-0.56999,-0.1177,-0.03463,-0.81244,-0.85,1.07,0.09,0.3648,-0.05584,-0.16197,-0.91519,-0.86,1.11,0.13,0.05774,-0.09859,-0.14934,-0.98216,-0.85,1.12,0.17,-0.42479,-0.16078,-0.09577,-0.88574,-0.84,1.1,0.19,-0.66229,-0.16151,-0.11333,-0.7228,-0.83,1.08,0.19,-0.66229,-0.16151,-0.11333,-0.7228,-0.87,1.07,0.09,0.3648,-0.05584,-0.16197,-0.91519,-0.87,1.1,0.13,0.13815,-0.07686,-0.21384,-0.96399,-0.87,1.11,0.17,-0.40134,-0.20031,-0.177,-0.87606,-0.86,1.1,0.18,-0.67936,-0.26638,-0.12606,-0.67203,-0.84,1.08,0.18,-0.67936,-0.26638,-0.12606,-0.67203,-0.88,1.06,0.1,0.30209,-0.0041,-0.39645,-0.86692,-0.89,1.09,0.13,0.22421,-0.06621,-0.29515,-0.92641,-0.89,1.1,0.16,-0.31592,-0.21733,-0.29011,-0.87681,-0.88,1.09,0.17,-0.61224,-0.35147,-0.19765,-0.68012,-0.86,1.08,0.18,-0.61224,-0.35147,-0.19765,-0.68012,-0.7,1.11,0.11,-0.34209,-0.14886,-0.10183,0.9222,-0.69,1.07,0.06,-0.34209,-0.14886,-0.10183,0.9222,-0.73,1.08,0.09,-0.51709,-0.18376,0.49505,0.67363,-0.75,1.1,0.1,-0.36436,-0.07834,0.43996,0.81703,-0.77,1.11,0.12,-0.34132,-0.09656,0.52693,0.77235,-0.78,1.13,0.14,-0.34132,-0.09656,0.52693,0.77235,-0.72,1.09,0.09,-0.34209,-0.14886,-0.10183,0.9222,-0.73,1.13,0.13,-0.09406,-0.22394,0.02105,0.96983,-0.75,1.13,0.16,0.28413,-0.20483,0.07905,0.93331,-0.75,1.12,0.18,0.42567,-0.16369,0.10026,0.88428,-0.76,1.1,0.19,0.42567,-0.16369,0.10026,0.88428,-0.7,1.08,0.09,-0.34209,-0.14886,-0.10183,0.9222,-0.71,1.13,0.13,-0.17588,-0.16371,-0.08373,0.96709,-0.72,1.14,0.17,0.30578,-0.18755,-0.00833,0.93341,-0.73,1.13,0.19,0.53787,-0.17262,-0.02697,0.82472,-0.74,1.11,0.2,0.53787,-0.17262,-0.02697,0.82472,-0.68,1.08,0.1,-0.34209,-0.14886,-0.10183,0.9222,-0.69,1.12,0.14,-0.22516,-0.12169,-0.1579,0.95371,-0.7,1.14,0.17,0.34449,-0.21349,-0.1,0.90871,-0.71,1.12,0.19,0.62336,-0.25405,-0.05273,0.73764,-0.72,1.1,0.19,0.62336,-0.25405,-0.05273,0.73764,-0.68,1.08,0.1,-0.26916,-0.08737,-0.33478,0.8988,-0.67,1.1,0.14,-0.39121,0.00694,-0.25475,0.88431,-0.67,1.13,0.16,0.18579,-0.16007,-0.28963,0.92519,-0.68,1.12,0.18,0.50533,-0.29905,-0.21481,0.78042,-0.69,1.11,0.19,0.50533,-0.29905,-0.21481,0.78042,-0.81,1.08,0.19
-0.79,1.44,-0.16,-0.79,1.44,-0.16,-0.85,1.09,0.11,0.36065,-0.06177,-0.15064,-0.91838,-0.86,1.05,0.06,0.36065,-0.06177,-0.15064,-0.91838,-0.82,1.07,0.09,0.43946,-0.13335,0.53489,-0.70921,-0.8,1.09,0.11,0.21998,0.02636,0.47264,-0.85295,-0.8,1.1,0.14,0.1164,0.03997,0.54619,-0.82857,-0.8,1.11,0.16,0.1164,0.03997,0.54619,-0.82857,-0.84,1.07,0.09,0.36065,-0.06177,-0.15064,-0.91838,-0.83,1.12,0.13,0.02261,-0.10863,-0.07095,-0.99129,-0.82,1.12,0.17,-0.40797,-0.13368,-0.04259,-0.90215,-0.82,1.1,0.18,-0.56931,-0.11183,-0.02357,-0.81414,-0.81,1.08,0.19,-0.56931,-0.11183,-0.02357,-0.81414,-0.85,1.07,0.09,0.36065,-0.06177,-0.15064,-0.91838,-0.85,1.11,0.13,0.05883,-0.09807,-0.13863,-0.98372,-0.85,1.12,0.17,-0.41916,-0.15463,-0.0876,-0.89035,-0.84,1.1,0.19,-0.65445,-0.1536,-0.10783,-0.73244,-0.83,1.08,0.19,-0.65445,-0.1536,-0.10783,-0.73244,-0.87,1.07,0.09,0.36065,-0.06177,-0.15064,-0.91838,-0.87,1.1,0.13,0.1392,-0.07629,-0.20335,-0.96615,-0.87,1.11,0.17,-0.39608,-0.19324,-0.16966,-0.88147,-0.86,1.1,0.19,-0.67321,-0.25715,-0.12253,-0.68239,-0.84,1.08,0.19,-0.67321,-0.25715,-0.12253,-0.68239,-0.88,1.06,0.1,0.29838,-0.00833,-0.38545,-0.87312,-0.89,1.09,0.13,0.21968,-0.06389,-0.28591,-0.93054,-0.89,1.1,0.16,-0.31897,-0.20922,-0.28434,-0.87957,-0.87,1.09,0.17,-0.61286,-0.34106,-0.1971,-0.685,-0.86,1.08,0.18,-0.61286,-0.34106,-0.1971,-0.685,-0.7,1.1,0.1,-0.44182,-0.1701,-0.10237,0.87486,-0.69,1.06,0.06,-0.44182,-0.1701,-0.10237,0.87486,-0.72,1.07,0.08,-0.54525,-0.13406,0.5578,0.61122,-0.75,1.09,0.09,-0.38245,-0.00137,0.49619,0.77944,-0.76,1.11,0.12,-0.28843,0.02886,0.57511,0.765,-0.77,1.12,0.14,-0.28843,0.02886,0.57511,0.765,-0.71,1.08,0.08,-0.44182,-0.1701,-0.10237,0.87486,-0.73,1.13,0.11,-0.20414,-0.22937,0.02628,0.95133,-0.75,1.14,0.14,0.2513,-0.20311,0.10346,0.94069,-0.75,1.13,0.16,0.42036,-0.15512,0.12848,0.88472,-0.76,1.11,0.17,0.42036,-0.15512,0.12848,0.88472,-0.7,1.08,0.08,-0.44182,-0.1701,-0.10237,0.87486,-0.71,1.13,0.11,-0.15938,-0.19893,-0.05117,0.96561,-0.72,1.14,0.15,0.35847,-0.20114,0.04539,0.91049,-0.73,1.13,0.17,0.61992,-0.16481,0.03333,0.76644,-0.74,1.1,0.17,0.61992,-0.16481,0.03333,0.76644,-0.68,1.08,0.09,-0.44182,-0.1701,-0.10237,0.87486,-0.69,1.12,0.12,-0.24461,-0.16421,-0.14504,0.94455,-0.7,1.14,0.15,0.35533,-0.24412,-0.05766,0.90046,-0.71,1.13,0.17,0.6641,-0.26652,0.00623,0.6985,-0.72,1.1,0.17,0.6641,-0.26652,0.00623,0.6985,-0.67,1.08,0.1,-0.3621,-0.13524,-0.33911,0.85767,-0.67,1.11,0.13,-0.45775,-0.03723,-0.27249,0.84547,-0.67,1.13,0.14,0.16062,-0.22574,-0.26768,0.92282,-0.68,1.13,0.16,0.51217,-0.35682,-0.15659,0.7654,-0.69,1.12,0.17,0.51217,-0.35682,-0.15659,0.7654,-0.81,1.08,0.19
-0.79,1.44,-0.16,-0.79,1.44,-0.16,-0.85,1.09,0.11,0.35457,-0.06587,-0.14893,-0.92074,-0.86,1.05,0.06,0.35457,-0.06587,-0.14893,-0.92074,-0.82,1.07,0.09,0.43601,-0.14092,0.53598,-0.70906,-0.8,1.08,0.11,0.21935,0.01793,0.47593,-0.8515,-0.8,1.1,0.14,0.12149,0.02858,0.55065,-0.82535,-0.79,1.1,0.16,0.12149,0.02858,0.55065,-0.82535,-0.84,1.07,0.09,0.35457,-0.06587,-0.14893,-0.92074,-0.83,1.12,0.13,0.01858,-0.11321,-0.0673,-0.99112,-0.82,1.12,0.17,-0.40782,-0.13597,-0.03794,-0.90208,-0.82,1.1,0.18,-0.56807,-0.1132,-0.01874,-0.81495,-0.81,1.08,0.19,-0.56807,-0.1132,-0.01874,-0.81495,-0.85,1.07,0.09,0.35457,-0.06587,-0.14893,-0.92074,-0.85,1.11,0.13,0.05637,-0.10073,-0.13618,-0.98394,-0.85,1.12,0.17,-0.40462,-0.15418,-0.08707,-0.89718,-0.84,1.1,0.19,-0.63192,-0.15346,-0.10885,-0.75185,-0.83,1.08,0.19,-0.63192,-0.15346,-0.10885,-0.75185,-0.87,1.07,0.09,0.35457,-0.06587,-0.14893,-0.92074,-0.87,1.1,0.13,0.13822,-0.07708,-0.20187,-0.96654,-0.87,1.11,0.17,-0.37932,-0.18985,-0.17147,-0.8892,-0.85,1.1,0.19,-0.64967,-0.25406,-0.12794,-0.70499,-0.84,1.08,0.19,-0.64967,-0.25406,-0.12794,-0.70499,-0.87,1.06,0.1,0.29184,-0.01068,-0.38335,-0.87622,-0.88,1.09,0.13,0.21347,-0.06112,-0.28583,-0.9322,-0.88,1.1,0.16,-0.31705,-0.20393,-0.28723,-0.88056,-0.87,1.09,0.18,-0.59941,-0.33432,-0.20682,-0.69726,-0.86,1.08,0.18,-0.59941,-0.33432,-0.20682,-0.69726,-0.7,1.1,0.1,-0.45426,-0.17753,-0.09832,0.86745,-0.69,1.05,0.07,-0.45426,-0.17753,-0.09832,0.86745,-0.72,1.07,0.09,-0.51341,-0.13684,0.60323,0.59481,-0.75,1.08,0.1,-0.34696,0.01761,0.54397,0.76381,-0.76,1.1,0.13,-0.22613,0.06913,0.6138,0.75322,-0.77,1.11,0.15,-0.22613,0.06913,0.6138,0.75322,-0.71,1.07,0.08,-0.45426,-0.17753,-0.09832,0.86745,-0.73,1.12,0.11,-0.21465,-0.22676,0.02701,0.94962,-0.75,1.14,0.14,0.24679,-0.20009,0.10426,0.94244,-0.75,1.13,0.16,0.42459,-0.15089,0.1302,0.88318,-0.76,1.11,0.17,0.42459,-0.15089,0.1302,0.88318,-0.7,1.07,0.09,-0.45426,-0.17753,-0.09832,0.86745,-0.71,1.12,0.12,-0.13199,-0.20854,-0.03388,0.96847,-0.72,1.14,0.15,0.37943,-0.20053,0.06414,0.90095,-0.73,1.12,0.17,0.64815,-0.15561,0.05265,0.74359,-0.74,1.09,0.17,0.64815,-0.15561,0.05265,0.74359,-0.68,1.07,0.09,-0.45426,-0.17753,-0.09832,0.86745,-0.69,1.12,0.12,-0.23058,-0.17256,-0.13706,0.94777,-0.7,1.14,0.15,0.36862,-0.2457,-0.04682,0.8953,-0.71,1.12,0.17,0.68813,-0.26225,0.02059,0.67623,-0.72,1.1,0.17,0.68813,-0.26225,0.02059,0.67623,-0.67,1.07,0.1,-0.37331,-0.14596,-0.33527,0.8526,-0.67,1.1,0.13,-0.46771,-0.04066,-0.27254,0.83983,-0.67,1.13,0.15,0.16541,-0.23371,-0.26204,0.9216,-0.68,1.12,0.16,0.53256,-0.36427,-0.14148,0.75078,-0.69,1.11,0.17,0.53256,-0.36427,-0.14148,0.75078,-0.81,1.08,0.19
-0.79,1.44,-0.16,-0.79,1.44,-0.16,-0.85,1.09,0.11,0.33678,-0.06684,-0.15957,-0.92555,-0.86,1.05,0.06,0.33678,-0.06684,-0.15957,-0.92555,-0.82,1.07,0.09,0.43277,-0.15572,0.51997,-0.71979,-0.8,1.09,0.11,0.21684,-0.00323,0.4639,-0.85893,-0.79,1.1,0.14,0.12439,0.00368,0.54123,-0.83161,-0.79,1.1,0.16,0.12439,0.00368,0.54123,-0.83161,-0.83,1.07,0.09,0.33678,-0.06684,-0.15957,-0.92555,-0.83,1.11,0.13,0.01326,-0.11956,-0.07755,-0.98971,-0.82,1.12,0.17,-0.40154,-0.14539,-0.04623,-0.90305,-0.82,1.1,0.18,-0.56045,-0.12396,-0.02568,-0.81846,-0.81,1.08,0.19,-0.56045,-0.12396,-0.02568,-0.81846,-0.85,1.07,0.09,0.33678,-0.06684,-0.15957,-0.92555,-0.85,1.11,0.13,0.0479,-0.10343,-0.14677,-0.98258,-0.84,1.12,0.17,-0.38125,-0.15807,-0.10054,-0.90529,-0.84,1.1,0.19,-0.58998,-0.16063,-0.12347,-0.78158,-0.83,1.08,0.2,-0.58998,-0.16063,-0.12347,-0.78158,-0.87,1.07,0.09,0.33678,-0.06684,-0.15957,-0.92555,-0.87,1.1,0.13,0.13185,-0.07514,-0.21326,-0.96514,-0.87,1.11,0.17,-0.35071,-0.18722,-0.18856,-0.898,-0.85,1.1,0.19,-0.60251,-0.25502,-0.15029,-0.74119,-0.84,1.08,0.19,-0.60251,-0.25502,-0.15029,-0.74119,-0.87,1.06,0.1,0.27284,-0.00746,-0.39213,-0.87849,-0.88,1.08,0.14,0.20446,-0.05105,-0.29791,-0.93104,-0.88,1.1,0.16,-0.29711,-0.19239,-0.30718,-0.88337,-0.87,1.09,0.18,-0.5494,-0.32188,-0.24124,-0.73236,-0.86,1.07,0.18,-0.5494,-0.32188,-0.24124,-0.73236,-0.7,1.1,0.11,-0.41394,-0.19282,-0.11272,0.88248,-0.68,1.05,0.07,-0.41394,-0.19282,-0.11272,0.88248,-0.73,1.07,0.09,-0.50622,-0.17559,0.58122,0.61245,-0.75,1.08,0.1,-0.33717,-0.0284,0.53166,0.77643,-0.76,1.1,0.13,-0.22254,0.01825,0.6078,0.76205,-0.77,1.1,0.15,-0.22254,0.01825,0.6078,0.76205,-0.71,1.07,0.09,-0.41394,-0.19282,-0.11272,0.88248,-0.73,1.12,0.12,-0.16248,-0.24944,0.02009,0.95445,-0.75,1.13,0.15,0.25629,-0.22651,0.09833,0.93453,-0.76,1.12,0.17,0.42931,-0.17847,0.129,0.8759,-0.76,1.1,0.18,0.42931,-0.17847,0.129,0.8759,-0.7,1.07,0.09,-0.41394,-0.19282,-0.11272,0.88248,-0.71,1.12,0.12,-0.10191,-0.22655,-0.04621,0.96755,-0.73,1.13,0.16,0.34219,-0.22581,0.04704,0.91088,-0.74,1.11,0.18,0.60046,-0.18976,0.04137,0.77571,-0.74,1.09,0.18,0.60046,-0.18976,0.04137,0.77571,-0.68,1.07,0.1,-0.41394,-0.19282,-0.11272,0.88248,-0.69,1.11,0.13,-0.20864,-0.18139,-0.15237,0.94887,-0.7,1.13,0.16,0.33335,-0.25766,-0.06888,0.90429,-0.72,1.11,0.18,0.64852,-0.28356,0.00242,0.70641,-0.73,1.09,0.18,0.64852,-0.28356,0.00242,0.70641,-0.68,1.07,0.1,-0.32881,-0.15058,-0.34639,0.86558,-0.68,1.1,0.14,-0.4419,-0.03821,-0.2821,0.85069,-0.67,1.12,0.15,0.16603,-0.22797,-0.27705,0.91853,-0.68,1.12,0.17,0.52938,-0.36509,-0.15829,0.74928,-0.7,1.1,0.18,0.52938,-0.36509,-0.15829,0.74928,-0.81,1.08,0.19
-0.79,1.44,-0.16,-0.79,1.44,-0.16,-0.85,1.09,0.11,0.34293,-0.0665,-0.18537,-0.91848,-0.86,1.05,0.06,0.34293,-0.0665,-0.18537,-0.91848,-0.82,1.07,0.09,0.45102,-0.15268,0.49375,-0.72765,-0.8,1.09,0.11,0.23755,-0.01232,0.43608,-0.8679,-0.79,1.1,0.13,0.15227,-0.00977,0.51658,-0.84253,-0.79,1.11,0.16,0.15227,-0.00977,0.51658,-0.84253,-0.84,1.08,0.09,0.34293,-0.0665,-0.18537,-0.91848,-0.83,1.12,0.13,0.03787,-0.12385,-0.10615,-0.98588,-0.82,1.12,0.17,-0.37175,-0.16132,-0.0713,-0.91142,-0.82,1.11,0.18,-0.53212,-0.14434,-0.04856,-0.83286,-0.81,1.09,0.19,-0.53212,-0.14434,-0.04856,-0.83286,-0.85,1.07,0.09,0.34293,-0.0665,-0.18537,-0.91848,-0.86,1.11,0.13,0.06714,-0.10793,-0.17348,-0.9766,-0.85,1.12,0.17,-0.34895,-0.1722,-0.12493,-0.91267,-0.84,1.11,0.19,-0.54783,-0.18072,-0.1457,-0.80374,-0.83,1.09,0.2,-0.54783,-0.18072,-0.1457,-0.80374,-0.87,1.07,0.09,0.34293,-0.0665,-0.18537,-0.91848,-0.87,1.1,0.13,0.14483,-0.07768,-0.2397,-0.95684,-0.87,1.11,0.17,-0.31707,-0.19855,-0.21354,-0.90246,-0.85,1.1,0.19,-0.55356,-0.27117,-0.17464,-0.76781,-0.84,1.08,0.2,-0.55356,-0.27117,-0.17464,-0.76781,-0.87,1.06,0.1,0.27537,-0.00986,-0.41652,-0.86636,-0.88,1.08,0.13,0.21186,-0.05034,-0.32421,-0.92058,-0.89,1.1,0.16,-0.25619,-0.19496,-0.33492,-0.88554,-0.88,1.09,0.18,-0.47737,-0.3227,-0.27718,-0.76887,-0.86,1.08,0.19,-0.47737,-0.3227,-0.27718,-0.76887,-0.71,1.09,0.12,-0.31079,-0.19029,-0.09745,0.92612,-0.68,1.05,0.07,-0.31079,-0.19029,-0.09745,0.92612,-0.73,1.06,0.09,-0.43542,-0.25383,0.57671,0.64295,-0.75,1.07,0.11,-0.2578,-0.09988,0.54809,0.7894,-0.77,1.08,0.13,-0.16238,-0.06966,0.629,0.75706,-0.77,1.08,0.16,-0.16238,-0.06966,0.629,0.75706,-0.72,1.07,0.09,-0.31079,-0.19029,-0.09745,0.92612,-0.73,1.1,0.13,-0.02461,-0.27371,0.05474,0.95994,-0.75,1.1,0.16,0.34977,-0.23588,0.13,0.89729,-0.76,1.09,0.18,0.5071,-0.18213,0.16303,0.8265,-0.77,1.07,0.19,0.5071,-0.18213,0.16303,0.8265,-0.7,1.07,0.1,-0.31079,-0.19029,-0.09745,0.92612,-0.71,1.11,0.14,-0.05785,-0.21561,-0.04918,0.97352,-0.73,1.11,0.17,0.33133,-0.21874,0.02682,0.91742,-0.74,1.1,0.19,0.5602,-0.19234,0.01537,0.80558,-0.75,1.07,0.2,0.5602,-0.19234,0.01537,0.80558,-0.68,1.07,0.1,-0.31079,-0.19029,-0.09745,0.92612,-0.7,1.1,0.14,-0.17349,-0.15284,-0.14851,0.9615,-0.71,1.11,0.18,0.32038,-0.22597,-0.09288,0.91524,-0.72,1.1,0.19,0.60838,-0.26414,-0.03995,0.74733,-0.73,1.08,0.2,0.60838,-0.26414,-0.03995,0.74733,-0.68,1.06,0.11,-0.23082,-0.12036,-0.32621,0.90875,-0.68,1.08,0.14,-0.35716,-0.00496,-0.25092,0.8997,-0.67,1.1,0.17,0.20442,-0.15911,-0.283,0.92348,-0.68,1.1,0.18,0.54152,-0.30015,-0.20337,0.75849,-0.7,1.08,0.19,0.54152,-0.30015,-0.20337,0.75849,-0.81,1.08,0.19
-0.79,1.44,-0.16,-0.79,1.44,-0.16,-0.85,1.1,0.11,0.35502,-0.06862,-0.2069,-0.90909,-0.86,1.06,0.06,0.35502,-0.06862,-0.2069,-0.90909,-0.83,1.08,0.09,0.46771,-0.14328,0.47649,-0.73053,-0.8,1.1,0.1,0.24906,-0.00756,0.41627,-0.87443,-0.8,1.11,0.13,0.15337,0.00014,0.49689,-0.85416,-0.79,1.12,0.15,0.15337,0.00014,0.49689,-0.85416,-0.84,1.08,0.09,0.35502,-0.06862,-0.2069,-0.90909,-0.84,1.12,0.13,0.05228,-0.12431,-0.13192,-0.98204,-0.83,1.13,0.16,-0.3578,-0.17274,-0.09429,-0.91283,-0.82,1.11,0.18,-0.51821,-0.15975,-0.06973,-0.8373,-0.81,1.09,0.19,-0.51821,-0.15975,-0.06973,-0.8373,-0.85,1.08,0.09,0.35502,-0.06862,-0.2069,-0.90909,-0.86,1.12,0.13,0.0876,-0.1119,-0.1965,-0.97015,-0.85,1.13,0.17,-0.33492,-0.18683,-0.14263,-0.91246,-0.84,1.11,0.19,-0.53059,-0.19914,-0.16025,-0.80817,-0.83,1.09,0.2,-0.53059,-0.19914,-0.16025,-0.80817,-0.87,1.07,0.09,0.35502,-0.06862,-0.2069,-0.90909,-0.87,1.11,0.13,0.16114,-0.08259,-0.26151,-0.94806,-0.87,1.12,0.17,-0.29742,-0.21334,-0.2302,-0.90169,-0.86,1.11,0.19,-0.52526,-0.28868,-0.1885,-0.77797,-0.84,1.09,0.2,-0.52526,-0.28868,-0.1885,-0.77797,-0.88,1.07,0.1,0.28379,-0.01613,-0.43707,-0.85333,-0.89,1.09,0.13,0.21617,-0.05916,-0.34501,-0.91145,-0.89,1.1,0.16,-0.22474,-0.20366,-0.35309,-0.88507,-0.88,1.1,0.18,-0.42256,-0.32791,-0.29945,-0.79009,-0.86,1.09,0.19,-0.42256,-0.32791,-0.29945,-0.79009,-0.71,1.09,0.12,-0.25181,-0.16488,-0.08643,0.9497,-0.68,1.06,0.07,-0.25181,-0.16488,-0.08643,0.9497,-0.72,1.06,0.09,-0.39558,-0.28373,0.55941,0.67087,-0.75,1.07,0.11,-0.21605,-0.13346,0.53717,0.80434,-0.77,1.08,0.14,-0.15325,-0.13191,0.61804,0.7597,-0.78,1.08,0.16,-0.15325,-0.13191,0.61804,0.7597,-0.71,1.07,0.09,-0.25181,-0.16488,-0.08643,0.9497,-0.73,1.1,0.14,0.0812,-0.27085,0.08006,0.95585,-0.75,1.09,0.17,0.4405,-0.22182,0.15065,0.85677,-0.76,1.07,0.18,0.58592,-0.16447,0.18298,0.77211,-0.76,1.05,0.19,0.58592,-0.16447,0.18298,0.77211,-0.7,1.07,0.1,-0.25181,-0.16488,-0.08643,0.9497,-0.71,1.1,0.14,-0.03789,-0.18297,-0.05539,0.98083,-0.73,1.11,0.18,0.33248,-0.19104,0.00417,0.92355,-0.74,1.09,0.2,0.54236,-0.17195,-0.01577,0.82221,-0.74,1.07,0.21,0.54236,-0.17195,-0.01577,0.82221,-0.68,1.07,0.1,-0.25181,-0.16488,-0.08643,0.9497,-0.69,1.09,0.15,-0.15234,-0.10998,-0.14469,0.97147,-0.7,1.11,0.18,0.3226,-0.18375,-0.11453,0.92144,-0.71,1.09,0.2,0.59086,-0.2309,-0.07909,0.76897,-0.72,1.07,0.21,0.59086,-0.2309,-0.07909,0.76897,-0.67,1.06,0.11,-0.1801,-0.08004,-0.31261,0.92921,-0.68,1.08,0.15,-0.30109,0.04274,-0.22766,0.92503,-0.67,1.1,0.17,0.22108,-0.08973,-0.29365,0.92566,-0.68,1.09,0.19,0.52329,-0.23128,-0.25023,0.78106,-0.69,1.08,0.2,0.52329,-0.23128,-0.25023,0.78106,-0.81,1.08,0.19
-0.79,1.44,-0.16,-0.79,1.44,-0.16,-0.86,1.1,0.11,0.36043,-0.06587,-0.20024,-0.90866,-0.86,1.06,0.06,0.36043,-0.06587,-0.20024,-0.90866,-0.83,1.08,0.09,0.46258,-0.1379,0.4883,-0.72703,-0.8,1.1,0.1,0.2409,0.00382,0.42687,-0.87163,-0.8,1.11,0.13,0.13237,0.01857,0.50461,-0.85294,-0.8,1.12,0.16,0.13237,0.01857,0.50461,-0.85294,-0.84,1.08,0.09,0.36043,-0.06587,-0.20024,-0.90866,-0.84,1.12,0.13,0.05044,-0.11481,-0.12962,-0.9836,-0.83,1.13,0.16,-0.36775,-0.16392,-0.09471,-0.91045,-0.82,1.11,0.18,-0.52817,-0.15111,-0.07129,-0.83254,-0.81,1.09,0.19,-0.52817,-0.15111,-0.07129,-0.83254,-0.85,1.08,0.09,0.36043,-0.06587,-0.20024,-0.90866,-0.86,1.12,0.13,0.09026,-0.10585,-0.19214,-0.97146,-0.85,1.13,0.17,-0.34641,-0.18158,-0.13865,-0.90984,-0.84,1.11,0.19,-0.54242,-0.19262,-0.15721,-0.80247,-0.83,1.09,0.2,-0.54242,-0.19262,-0.15721,-0.80247,-0.87,1.07,0.09,0.36043,-0.06587,-0.20024,-0.90866,-0.87,1.11,0.13,0.16233,-0.08005,-0.25543,-0.94974,-0.87,1.12,0.17,-0.30039,-0.20913,-0.22537,-0.90291,-0.86,1.11,0.19,-0.52868,-0.28334,-0.18504,-0.77845,-0.84,1.09,0.19,-0.52868,-0.28334,-0.18504,-0.77845,-0.88,1.07,0.1,0.29053,-0.01453,-0.43134,-0.854,-0.89,1.09,0.13,0.20935,-0.06313,-0.33833,-0.91527,-0.89,1.1,0.16,-0.22909,-0.2023,-0.34615,-0.887,-0.88,1.1,0.18,-0.4251,-0.32411,-0.29418,-0.79228,-0.86,1.09,0.19,-0.4251,-0.32411,-0.29418,-0.79228,-0.71,1.09,0.12,-0.25836,-0.16052,-0.10754,0.94653,-0.69,1.06,0.07,-0.25836,-0.16052,-0.10754,0.94653,-0.73,1.07,0.09,-0.41724,-0.27325,0.53085,0.68516,-0.75,1.08,0.11,-0.24088,-0.13678,0.50295,0.81872,-0.77,1.09,0.14,-0.19218,-0.14509,0.58554,0.77406,-0.78,1.09,0.16,-0.19218,-0.14509,0.58554,0.77406,-0.72,1.07,0.09,-0.25836,-0.16052,-0.10754,0.94653,-0.73,1.11,0.14,0.06575,-0.27237,0.05646,0.95828,-0.75,1.1,0.17,0.44683,-0.22945,0.13468,0.85414,-0.76,1.08,0.18,0.6007,-0.17301,0.17095,0.76158,-0.76,1.06,0.19,0.6007,-0.17301,0.17095,0.76158,-0.7,1.07,0.1,-0.25836,-0.16052,-0.10754,0.94653,-0.71,1.11,0.14,-0.02958,-0.1837,-0.07435,0.97972,-0.73,1.11,0.18,0.37998,-0.19903,-0.00445,0.90332,-0.74,1.09,0.2,0.59725,-0.17782,-0.01989,0.78184,-0.74,1.07,0.21,0.59725,-0.17782,-0.01989,0.78184,-0.68,1.07,0.1,-0.25836,-0.16052,-0.10754,0.94653,-0.69,1.1,0.15,-0.10064,-0.11846,-0.15888,0.97498,-0.7,1.11,0.18,0.39261,-0.19862,-0.11946,0.89002,-0.71,1.09,0.2,0.6547,-0.24459,-0.07888,0.71086,-0.72,1.07,0.2,0.6547,-0.24459,-0.07888,0.71086,-0.68,1.07,0.11,-0.18444,-0.07801,-0.33339,0.92128,-0.68,1.09,0.15,-0.21689,0.01564,-0.25559,0.94201,-0.67,1.1,0.18,0.3174,-0.12461,-0.30224,0.89016,-0.68,1.09,0.19,0.59684,-0.26448,-0.25126,0.71463,-0.7,1.07,0.2,0.59684,-0.26448,-0.25126,0.71463,-0.81,1.08,0.19
-0.79,1.44,-0.15,-0.79,1.44,-0.15,-0.85,1.1,0.11,0.36507,-0.06467,-0.18305,-0.91051,-0.86,1.06,0.06,0.36507,-0.06467,-0.18305,-0.91051,-0.83,1.08,0.09,0.45267,-0.13489,0.51006,-0.71884,-0.8,1.09,0.1,0.23222,0.01491,0.44797,-0.86324,-0.8,1.11,0.13,0.11902,0.03351,0.5229,-0.84338,-0.8,1.11,0.16,0.11902,0.03351,0.5229,-0.84338,-0.84,1.08,0.09,0.36507,-0.06467,-0.18305,-0.91051,-0.84,1.12,0.13,0.04722,-0.10755,-0.11362,-0.98656,-0.83,1.13,0.16,-0.38267,-0.15157,-0.08148,-0.90772,-0.82,1.11,0.18,-0.54387,-0.13659,-0.0597,-0.82582,-0.81,1.09,0.19,-0.54387,-0.13659,-0.0597,-0.82582,-0.85,1.07,0.09,0.36507,-0.06467,-0.18305,-0.91051,-0.86,1.12,0.13,0.09005,-0.10009,-0.17606,-0.97513,-0.85,1.13,0.17,-0.35913,-0.17086,-0.12475,-0.90899,-0.84,1.11,0.19,-0.5581,-0.17883,-0.14552,-0.7971,-0.83,1.09,0.2,-0.5581,-0.17883,-0.14552,-0.7971,-0.87,1.07,0.09,0.36507,-0.06467,-0.18305,-0.91051,-0.87,1.11,0.13,0.15845,-0.07818,-0.23826,-0.95499,-0.87,1.12,0.17,-0.31407,-0.20108,-0.20984,-0.90382,-0.86,1.11,0.19,-0.54576,-0.27176,-0.17178,-0.77381,-0.84,1.09,0.19,-0.54576,-0.27176,-0.17178,-0.77381,-0.88,1.07,0.09,0.29765,-0.01375,-0.41576,-0.85928,-0.89,1.09,0.13,0.20688,-0.06538,-0.32122,-0.92182,-0.89,1.1,0.16,-0.24047,-0.19872,-0.32916,-0.89126,-0.88,1.1,0.17,-0.44577,-0.31913,-0.27644,-0.78932,-0.86,1.09,0.18,-0.44577,-0.31913,-0.27644,-0.78932,-0.71,1.1,0.12,-0.27853,-0.15225,-0.11084,0.94178,-0.69,1.06,0.07,-0.27853,-0.15225,-0.11084,0.94178,-0.73,1.07,0.09,-0.43671,-0.25811,0.52311,0.68485,-0.75,1.08,0.11,-0.26598,-0.12897,0.4897,0.82025,-0.77,1.09,0.14,-0.21933,-0.13734,0.57345,0.77729,-0.78,1.1,0.16,-0.21933,-0.13734,0.57345,0.77729,-0.72,1.08,0.1,-0.27853,-0.15225,-0.11084,0.94178,-0.73,1.11,0.14,-0.01275,-0.25752,0.02856,0.96577,-0.75,1.11,0.17,0.39124,-0.22727,0.1069,0.88535,-0.76,1.1,0.19,0.55887,-0.17533,0.14301,0.79779,-0.76,1.08,0.19,0.55887,-0.17533,0.14301,0.79779,-0.7,1.08,0.1,-0.27853,-0.15225,-0.11084,0.94178,-0.71,1.11,0.15,-0.04815,-0.17446,-0.08028,0.98021,-0.72,1.12,0.18,0.39676,-0.19365,-0.00655,0.89724,-0.73,1.1,0.2,0.62596,-0.17124,-0.0212,0.76053,-0.74,1.08,0.21,0.62596,-0.17124,-0.0212,0.76053,-0.68,1.08,0.11,-0.27853,-0.15225,-0.11084,0.94178,-0.69,1.11,0.15,-0.06855,-0.12288,-0.15691,0.97754,-0.7,1.11,0.19,0.45024,-0.20355,-0.11024,0.86238,-0.71,1.09,0.2,0.71264,-0.24466,-0.06638,0.65412,-0.72,1.07,0.2,0.71264,-0.24466,-0.06638,0.65412,-0.68,1.07,0.11,-0.2053,-0.0749,-0.33858,0.91521,-0.68,1.09,0.15,-0.17105,-0.0211,-0.26202,0.94955,-0.68,1.1,0.18,0.40246,-0.16741,-0.28261,0.85448,-0.69,1.09,0.19,0.67324,-0.29858,-0.21823,0.6403,-0.7,1.07,0.19,0.67324,-0.29858,-0.21823,0.6403,-0.81,1.08,0.19
-0.79,1.44,-0.15,-0.79,1.44,-0.15,-0.85,1.09,0.11,0.36274,-0.0639,-0.16127,-0.9156,-0.86,1.05,0.06,0.36274,-0.0639,-0.16127,-0.9156,-0.82,1.07,0.09,0.43691,-0.13697,0.53405,-0.71073,-0.8,1.09,0.11,0.21933,0.02148,0.47279,-0.85317,-0.8,1.1,0.14,0.10675,0.04117,0.54553,-0.83024,-0.8,1.11,0.16,0.10675,0.04117,0.54553,-0.83024,-0.84,1.08,0.09,0.36274,-0.0639,-0.16127,-0.9156,-0.83,1.12,0.13,0.04051,-0.10032,-0.0925,-0.98982,-0.83,1.12,0.16,-0.40519,-0.13692,-0.06331,-0.9017,-0.82,1.11,0.18,-0.57085,-0.11913,-0.04275,-0.81124,-0.81,1.09,0.19,-0.57085,-0.11913,-0.04275,-0.81124,-0.85,1.07,0.09,0.36274,-0.0639,-0.16127,-0.9156,-0.86,1.12,0.13,0.0805,-0.09337,-0.15529,-0.98015,-0.85,1.12,0.17,-0.38768,-0.1575,-0.10625,-0.902,-0.84,1.11,0.19,-0.59882,-0.16126,-0.12862,-0.77386,-0.83,1.09,0.19,-0.59882,-0.16126,-0.12862,-0.77386,-0.87,1.07,0.09,0.36274,-0.0639,-0.16127,-0.9156,-0.87,1.1,0.13,0.14491,-0.07517,-0.21638,-0.96256,-0.87,1.12,0.17,-0.35186,-0.19205,-0.18838,-0.89656,-0.86,1.1,0.18,-0.59794,-0.25879,-0.15008,-0.74362,-0.84,1.08,0.19,-0.59794,-0.25879,-0.15008,-0.74362,-0.88,1.06,0.09,0.29852,-0.01141,-0.39542,-0.86856,-0.89,1.09,0.13,0.19911,-0.06539,-0.29941,-0.93082,-0.89,1.1,0.16,-0.28285,-0.19864,-0.30483,-0.88748,-0.87,1.09,0.17,-0.52233,-0.32297,-0.24208,-0.75117,-0.86,1.08,0.18,-0.52233,-0.32297,-0.24208,-0.75117,-0.71,1.09,0.13,-0.26821,-0.1408,-0.08137,0.94953,-0.69,1.07,0.07,-0.26821,-0.1408,-0.08137,0.94953,-0.73,1.07,0.1,-0.4354,-0.27235,0.52144,0.68143,-0.76,1.08,0.11,-0.26818,-0.14568,0.49081,0.81607,-0.77,1.09,0.14,-0.22586,-0.15556,0.57456,0.77115,-0.78,1.1,0.16,-0.22586,-0.15556,0.57456,0.77115,-0.72,1.08,0.1,-0.26821,-0.1408,-0.08137,0.94953,-0.73,1.11,0.15,-0.09252,-0.21795,0.01342,0.97147,-0.75,1.12,0.18,0.29051,-0.20179,0.07066,0.93268,-0.76,1.1,0.2,0.46945,-0.15818,0.09935,0.86297,-0.76,1.09,0.21,0.46945,-0.15818,0.09935,0.86297,-0.7,1.08,0.1,-0.26821,-0.1408,-0.08137,0.94953,-0.71,1.11,0.15,-0.09692,-0.14433,-0.06791,0.98243,-0.72,1.12,0.19,0.34387,-0.16171,-0.01062,0.92493,-0.73,1.1,0.21,0.57809,-0.1454,-0.03478,0.80216,-0.74,1.08,0.22,0.57809,-0.1454,-0.03478,0.80216,-0.68,1.08,0.11,-0.26821,-0.1408,-0.08137,0.94953,-0.69,1.1,0.15,-0.09592,-0.09902,-0.13461,0.98126,-0.7,1.11,0.19,0.42324,-0.17229,-0.10413,0.88337,-0.71,1.09,0.2,0.69424,-0.21434,-0.07057,0.68345,-0.72,1.07,0.2,0.69424,-0.21434,-0.07057,0.68345,-0.68,1.07,0.11,-0.20168,-0.06006,-0.31042,0.92701,-0.68,1.09,0.15,-0.20111,-0.0114,-0.22914,0.95232,-0.68,1.1,0.18,0.38301,-0.1446,-0.26117,0.87417,-0.68,1.09,0.19,0.67337,-0.27297,-0.20213,0.65666,-0.7,1.08,0.19,0.67337,-0.27297,-0.20213,0.65666,-0.81,1.08,0.19
-0.79,1.44,-0.15,-0.79,1.44,-0.15,-0.85,1.09,0.11,0.36275,-0.05456,-0.13786,-0.92002,-0.86,1.05,0.06,0.36275,-0.05456,-0.13786,-0.92002,-0.82,1.07,0.09,0.42495,-0.13284,0.55355,-0.70381,-0.8,1.09,0.11,0.20954,0.03275,0.49126,-0.8448,-0.8,1.1,0.14,0.09534,0.05427,0.56143,-0.82022,-0.8,1.11,0.16,0.09534,0.05427,0.56143,-0.82022,-0.84,1.08,0.09,0.36275,-0.05456,-0.13786,-0.92002,-0.83,1.12,0.13,0.04644,-0.0855,-0.07247,-0.99261,-0.83,1.12,0.16,-0.41049,-0.11547,-0.05074,-0.9031,-0.82,1.1,0.18,-0.58735,-0.09625,-0.0327,-0.80292,-0.82,1.08,0.19,-0.58735,-0.09625,-0.0327,-0.80292,-0.85,1.07,0.09,0.36275,-0.05456,-0.13786,-0.92002,-0.85,1.12,0.13,0.08536,-0.07627,-0.13648,-0.98401,-0.85,1.12,0.17,-0.40158,-0.13542,-0.09522,-0.90074,-0.84,1.11,0.19,-0.63306,-0.1381,-0.1214,-0.75195,-0.83,1.08,0.19,-0.63306,-0.1381,-0.1214,-0.75195,-0.87,1.07,0.09,0.36275,-0.05456,-0.13786,-0.92002,-0.87,1.11,0.13,0.14881,-0.0601,-0.19614,-0.96735,-0.87,1.12,0.17,-0.37536,-0.17381,-0.17427,-0.8936,-0.86,1.1,0.18,-0.64539,-0.23987,-0.13625,-0.7123,-0.85,1.08,0.19,-0.64539,-0.23987,-0.13625,-0.7123,-0.88,1.07,0.09,0.30367,-0.00132,-0.37384,-0.87637,-0.89,1.09,0.13,0.2045,-0.0533,-0.27778,-0.93711,-0.89,1.1,0.16,-0.3082,-0.18672,-0.28782,-0.8873,-0.88,1.09,0.17,-0.5825,-0.31591,-0.2175,-0.71665,-0.86,1.08,0.18,-0.5825,-0.31591,-0.2175,-0.71665,-0.71,1.09,0.13,-0.22807,-0.13301,-0.05161,0.96313,-0.69,1.06,0.07,-0.22807,-0.13301,-0.05161,0.96313,-0.73,1.07,0.1,-0.42529,-0.2906,0.50054,0.6958,-0.76,1.08,0.11,-0.25597,-0.16868,0.47316,0.82592,-0.77,1.08,0.14,-0.21739,-0.18126,0.55764,0.78033,-0.79,1.09,0.16,-0.21739,-0.18126,0.55764,0.78033,-0.72,1.07,0.1,-0.22807,-0.13301,-0.05161,0.96313,-0.74,1.1,0.15,-0.05395,-0.19446,0.03157,0.97892,-0.75,1.1,0.18,0.29191,-0.1751,0.07127,0.93758,-0.76,1.09,0.2,0.45877,-0.13297,0.09249,0.87367,-0.76,1.07,0.21,0.45877,-0.13297,0.09249,0.87367,-0.7,1.07,0.1,-0.22807,-0.13301,-0.05161,0.96313,-0.72,1.1,0.15,-0.13536,-0.12446,-0.05138,0.9816,-0.72,1.11,0.19,0.24829,-0.1366,-0.01296,0.95892,-0.73,1.1,0.22,0.44736,-0.12855,-0.04695,0.88382,-0.74,1.08,0.23,0.44736,-0.12855,-0.04695,0.88382,-0.69,1.07,0.11,-0.22807,-0.13301,-0.05161,0.96313,-0.7,1.1,0.15,-0.1914,-0.07231,-0.11524,0.97204,-0.7,1.11,0.19,0.30094,-0.13977,-0.10394,0.9376,-0.71,1.1,0.21,0.56324,-0.18615,-0.08403,0.80065,-0.72,1.08,0.22,0.56324,-0.18615,-0.08403,0.80065,-0.68,1.07,0.11,-0.16836,-0.04176,-0.27893,0.94451,-0.68,1.08,0.15,-0.3134,0.02706,-0.18518,0.931,-0.67,1.1,0.18,0.25012,-0.09116,-0.2483,0.93139,-0.68,1.09,0.19,0.56895,-0.22009,-0.20533,0.76531,-0.69,1.08,0.2,0.56895,-0.22009,-0.20533,0.76531,-0.81,1.08,0.19
