-0.79,1.45,-0.16,-0.79,1.45,-0.16,-0.85,1.09,0.11,0.33708,-0.06416,-0.13261,-0.92988,-0.86,1.05,0.06,0.33708,-0.06416,-0.13261,-0.92988,-0.82,1.07,0.09,0.41653,-0.15218,0.5484,-0.70895,-0.8,1.08,0.11,0.17967,0.02476,0.49285,-0.851,-0.8,1.09,0.14,0.06244,0.04603,0.56229,-0.82329,-0.8,1.1,0.16,0.06244,0.04603,0.56229,-0.82329,-0.84,1.07,0.09,0.33708,-0.06416,-0.13261,-0.92988,-0.83,1.11,0.13,0.0628,-0.09253,-0.06857,-0.99136,-0.82,1.12,0.17,-0.33553,-0.11721,-0.05182,-0.93327,-0.82,1.1,0.18,-0.50368,-0.09786,-0.03783,-0.85749,-0.81,1.08,0.2,-0.50368,-0.09786,-0.03783,-0.85749,-0.85,1.07,0.09,0.33708,-0.06416,-0.13261,-0.92988,-0.85,1.11,0.13,0.09411,-0.08139,-0.12985,-0.9837,-0.85,1.12,0.17,-0.33121,-0.13062,-0.09592,-0.92953,-0.84,1.1,0.19,-0.53389,-0.1354,-0.12725,-0.82489,-0.83,1.08,0.2,-0.53389,-0.1354,-0.12725,-0.82489,-0.87,1.07,0.09,0.33708,-0.06416,-0.13261,-0.92988,-0.87,1.1,0.13,0.1845,-0.05773,-0.19109,-0.96235,-0.87,1.11,0.17,-0.2946,-0.16191,-0.17801,-0.92483,-0.86,1.1,0.19,-0.54461,-0.22793,-0.14928,-0.7932,-0.85,1.08,0.2,-0.54461,-0.22793,-0.14928,-0.7932,-0.88,1.06,0.1,0.27738,-0.00382,-0.36702,-0.88788,-0.88,1.08,0.13,0.23543,-0.05609,-0.26557,-0.93322,-0.88,1.1,0.16,-0.23025,-0.17092,-0.28355,-0.91508,-0.88,1.09,0.18,-0.48418,-0.292,-0.22685,-0.79299,-0.86,1.08,0.18,-0.48418,-0.292,-0.22685,-0.79299,-0.7,1.1,0.11,-0.38995,-0.1717,-0.15688,0.89098,-0.68,1.06,0.07,-0.38995,-0.1717,-0.15688,0.89098,-0.72,1.07,0.09,-0.50588,-0.15698,0.53267,0.66008,-0.74,1.09,0.11,-0.32405,-0.0214,0.47626,0.81713,-0.75,1.11,0.13,-0.25758,-0.01798,0.55892,0.788,-0.76,1.12,0.15,-0.25758,-0.01798,0.55892,0.788,-0.71,1.08,0.09,-0.38995,-0.1717,-0.15688,0.89098,-0.72,1.12,0.12,-0.08,-0.20885,-0.04524,0.97362,-0.74,1.13,0.16,0.4115,-0.2124,0.03883,0.88546,-0.74,1.11,0.17,0.58416,-0.17345,0.07482,0.78935,-0.75,1.09,0.18,0.58416,-0.17345,0.07482,0.78935,-0.69,1.08,0.1,-0.38995,-0.1717,-0.15688,0.89098,-0.7,1.12,0.13,-0.02397,-0.22286,-0.08544,0.9708,-0.72,1.13,0.17,0.3761,-0.23921,0.00018,0.89517,-0.73,1.11,0.18,0.55217,-0.21824,-0.01248,0.80456,-0.74,1.09,0.19,0.55217,-0.21824,-0.01248,0.80456,-0.68,1.07,0.1,-0.38995,-0.1717,-0.15688,0.89098,-0.68,1.11,0.14,-0.12788,-0.19709,-0.17509,0.95611,-0.7,1.13,0.17,0.3542,-0.27506,-0.09634,0.88859,-0.71,1.11,0.19,0.5871,-0.3108,-0.04264,0.74626,-0.72,1.09,0.19,0.5871,-0.3108,-0.04264,0.74626,-0.67,1.07,0.11,-0.30361,-0.12478,-0.38792,0.86126,-0.67,1.1,0.14,-0.35052,-0.10464,-0.3025,0.88016,-0.67,1.12,0.16,0.23704,-0.27821,-0.26158,0.8933,-0.68,1.11,0.18,0.51347,-0.39172,-0.16053,0.74642,-0.7,1.1,0.18,0.51347,-0.39172,-0.16053,0.74642,-0.81,1.08,0.19
-0.79,1.45,-0.15,-0.79,1.45,-0.15,-0.85,1.09,0.11,0.3397,-0.06791,-0.12305,-0.92997,-0.86,1.05,0.06,0.3397,-0.06791,-0.12305,-0.92997,-0.82,1.07,0.09,0.41465,-0.15755,0.55847,-0.70097,-0.8,1.08,0.11,0.18124,0.02217,0.50474,-0.84374,-0.8,1.09,0.14,0.06651,0.04367,0.57414,-0.81488,-0.8,1.1,0.16,0.06651,0.04367,0.57414,-0.81488,-0.83,1.07,0.09,0.3397,-0.06791,-0.12305,-0.92997,-0.83,1.11,0.13,0.067,-0.0936,-0.05826,-0.99164,-0.82,1.12,0.17,-0.33335,-0.1143,-0.04173,-0.93492,-0.82,1.1,0.18,-0.50341,-0.09325,-0.02829,-0.85854,-0.81,1.09,0.2,-0.50341,-0.09325,-0.02829,-0.85854,-0.85,1.07,0.09,0.3397,-0.06791,-0.12305,-0.92997,-0.85,1.11,0.13,0.09616,-0.08265,-0.11973,-0.98468,-0.84,1.12,0.17,-0.32784,-0.12733,-0.08649,-0.93211,-0.84,1.1,0.19,-0.53148,-0.1304,-0.1189,-0.82849,-0.83,1.08,0.2,-0.53148,-0.1304,-0.1189,-0.82849,-0.87,1.07,0.09,0.3397,-0.06791,-0.12305,-0.92997,-0.87,1.1,0.13,0.18482,-0.06042,-0.18115,-0.96404,-0.87,1.12,0.17,-0.29237,-0.15907,-0.16851,-0.92781,-0.86,1.1,0.19,-0.54371,-0.22264,-0.14095,-0.79683,-0.84,1.08,0.2,-0.54371,-0.22264,-0.14095,-0.79683,-0.87,1.06,0.1,0.28049,-0.00781,-0.35808,-0.89053,-0.88,1.09,0.13,0.23509,-0.05968,-0.25613,-0.93572,-0.88,1.1,0.16,-0.2295,-0.16903,-0.27404,-0.91851,-0.87,1.09,0.18,-0.48481,-0.28743,-0.21839,-0.79665,-0.86,1.08,0.18,-0.48481,-0.28743,-0.21839,-0.79665,-0.7,1.1,0.11,-0.39919,-0.18055,-0.15052,0.88623,-0.68,1.06,0.07,-0.39919,-0.18055,-0.15052,0.88623,-0.72,1.07,0.09,-0.50432,-0.15614,0.54845,0.64844,-0.74,1.09,0.11,-0.32363,-0.01507,0.49245,0.80779,-0.76,1.11,0.13,-0.23829,0.00223,0.57252,0.78449,-0.76,1.12,0.15,-0.23829,0.00223,0.57252,0.78449,-0.71,1.08,0.09,-0.39919,-0.18055,-0.15052,0.88623,-0.72,1.13,0.12,-0.09123,-0.212,-0.03889,0.97223,-0.74,1.13,0.16,0.40863,-0.21193,0.04782,0.88647,-0.75,1.11,0.17,0.5853,-0.17084,0.08438,0.78811,-0.75,1.09,0.18,0.5853,-0.17084,0.08438,0.78811,-0.69,1.08,0.09,-0.39919,-0.18055,-0.15052,0.88623,-0.7,1.13,0.13,-0.03066,-0.22571,-0.07861,0.97053,-0.72,1.13,0.17,0.41039,-0.23849,0.01837,0.87998,-0.73,1.11,0.18,0.60818,-0.20979,0.01016,0.76551,-0.74,1.09,0.19,0.60818,-0.20979,0.01016,0.76551,-0.68,1.08,0.1,-0.39919,-0.18055,-0.15052,0.88623,-0.69,1.12,0.13,-0.1325,-0.20054,-0.16935,0.9558,-0.7,1.13,0.17,0.39196,-0.27904,-0.07748,0.87321,-0.71,1.11,0.18,0.6423,-0.30746,-0.01649,0.70189,-0.72,1.09,0.18,0.6423,-0.30746,-0.01649,0.70189,-0.67,1.07,0.11,-0.3117,-0.13581,-0.38191,0.85939,-0.67,1.1,0.14,-0.34816,-0.11247,-0.29796,0.88168,-0.67,1.12,0.16,0.27212,-0.29007,-0.24483,0.88423,-0.68,1.11,0.18,0.56639,-0.4002,-0.1313,0.70838,-0.7,1.1,0.18,0.56639,-0.4002,-0.1313,0.70838,-0.81,1.08,0.19
-0.79,1.45,-0.15,-0.79,1.45,-0.15,-0.85,1.09,0.11,0.3379,-0.06564,-0.12548,-0.93047,-0.86,1.05,0.06,0.3379,-0.06564,-0.12548,-0.93047,-0.82,1.07,0.09,0.41202,-0.15977,0.55729,-0.70295,-0.8,1.08,0.11,0.17876,0.01948,0.50422,-0.84465,-0.8,1.09,0.14,0.06791,0.03811,0.57434,-0.81491,-0.8,1.1,0.16,0.06791,0.03811,0.57434,-0.81491,-0.83,1.07,0.09,0.3379,-0.06564,-0.12548,-0.93047,-0.83,1.11,0.13,0.07525,-0.09107,-0.06282,-0.99101,-0.82,1.12,0.17,-0.32091,-0.11377,-0.04743,-0.93906,-0.82,1.11,0.18,-0.49122,-0.09385,-0.03445,-0.86528,-0.81,1.09,0.2,-0.49122,-0.09385,-0.03445,-0.86528,-0.85,1.07,0.09,0.3379,-0.06564,-0.12548,-0.93047,-0.85,1.11,0.13,0.09313,-0.0812,-0.1225,-0.98475,-0.85,1.12,0.17,-0.31837,-0.12597,-0.09125,-0.93512,-0.84,1.11,0.19,-0.51687,-0.13024,-0.12428,-0.83692,-0.83,1.09,0.2,-0.51687,-0.13024,-0.12428,-0.83692,-0.87,1.07,0.09,0.3379,-0.06564,-0.12548,-0.93047,-0.87,1.1,0.13,0.1793,-0.05878,-0.18373,-0.9647,-0.87,1.12,0.17,-0.28334,-0.15611,-0.17373,-0.93014,-0.86,1.1,0.19,-0.5293,-0.22072,-0.14779,-0.80578,-0.84,1.09,0.2,-0.5293,-0.22072,-0.14779,-0.80578,-0.87,1.06,0.1,0.27886,-0.00522,-0.36033,-0.89015,-0.88,1.09,0.13,0.22664,-0.05805,-0.25904,-0.9371,-0.88,1.1,0.16,-0.23027,-0.16615,-0.27829,-0.91756,-0.88,1.09,0.18,-0.47587,-0.28365,-0.22616,-0.80122,-0.86,1.08,0.19,-0.47587,-0.28365,-0.22616,-0.80122,-0.7,1.1,0.11,-0.39289,-0.18378,-0.14165,0.88983,-0.68,1.05,0.07,-0.39289,-0.18378,-0.14165,0.88983,-0.72,1.07,0.09,-0.48997,-0.16397,0.56419,0.644,-0.75,1.09,0.11,-0.31084,-0.01725,0.51068,0.80143,-0.76,1.1,0.13,-0.21942,0.00495,0.58905,0.77772,-0.76,1.11,0.15,-0.21942,0.00495,0.58905,0.77772,-0.71,1.08,0.09,-0.39289,-0.18378,-0.14165,0.88983,-0.73,1.12,0.12,-0.08218,-0.21075,-0.03043,0.9736,-0.74,1.13,0.16,0.41581,-0.20651,0.05412,0.88404,-0.75,1.11,0.17,0.59179,-0.16415,0.08968,0.78409,-0.75,1.09,0.18,0.59179,-0.16415,0.08968,0.78409,-0.69,1.08,0.1,-0.39289,-0.18378,-0.14165,0.88983,-0.7,1.12,0.13,-0.01987,-0.22203,-0.07185,0.97219,-0.72,1.13,0.17,0.42652,-0.23187,0.02425,0.87392,-0.73,1.11,0.18,0.6309,-0.20011,0.01612,0.74944,-0.74,1.08,0.19,0.6309,-0.20011,0.01612,0.74944,-0.68,1.07,0.1,-0.39289,-0.18378,-0.14165,0.88983,-0.69,1.11,0.14,-0.12296,-0.19549,-0.16357,0.95912,-0.7,1.13,0.17,0.40768,-0.27183,-0.07375,0.8686,-0.71,1.11,0.18,0.66413,-0.2986,-0.01265,0.68528,-0.73,1.09,0.18,0.66413,-0.2986,-0.01265,0.68528,-0.67,1.07,0.11,-0.30611,-0.13696,-0.37313,0.86505,-0.67,1.1,0.14,-0.33977,-0.10745,-0.29103,0.88787,-0.67,1.12,0.16,0.2852,-0.28195,-0.24197,0.88353,-0.69,1.11,0.18,0.58515,-0.39257,-0.12886,0.69777,-0.7,1.1,0.18,0.58515,-0.39257,-0.12886,0.69777,-0.81,1.08,0.19
-0.79,1.45,-0.15,-0.79,1.45,-0.15,-0.85,1.09,0.11,0.33227,-0.05962,-0.13757,-0.93119,-0.86,1.05,0.06,0.33227,-0.05962,-0.13757,-0.93119,-0.82,1.07,0.09,0.41362,-0.16411,0.54295,-0.71217,-0.8,1.08,0.11,0.17947,0.00934,0.49106,-0.85239,-0.8,1.09,0.14,0.07335,0.02374,0.56339,-0.82259,-0.8,1.1,0.16,0.07335,0.02374,0.56339,-0.82259,-0.84,1.07,0.09,0.33227,-0.05962,-0.13757,-0.93119,-0.83,1.11,0.13,0.09104,-0.08503,-0.08002,-0.98898,-0.83,1.12,0.17,-0.29045,-0.11428,-0.06735,-0.94765,-0.82,1.11,0.19,-0.45822,-0.09797,-0.05543,-0.88168,-0.82,1.09,0.2,-0.45822,-0.09797,-0.05543,-0.88168,-0.85,1.07,0.09,0.33227,-0.05962,-0.13757,-0.93119,-0.85,1.11,0.13,0.08466,-0.07852,-0.13546,-0.98403,-0.85,1.12,0.17,-0.3105,-0.127,-0.10623,-0.93604,-0.84,1.11,0.19,-0.49572,-0.13352,-0.13949,-0.84675,-0.83,1.09,0.21,-0.49572,-0.13352,-0.13949,-0.84675,-0.87,1.07,0.09,0.33227,-0.05962,-0.13757,-0.93119,-0.87,1.1,0.13,0.16245,-0.05559,-0.19609,-0.96544,-0.87,1.11,0.17,-0.27568,-0.15383,-0.18971,-0.9297,-0.86,1.1,0.19,-0.5047,-0.2206,-0.16673,-0.81781,-0.85,1.08,0.2,-0.5047,-0.2206,-0.16673,-0.81781,-0.88,1.06,0.1,0.27295,0.00166,-0.37151,-0.8874,-0.88,1.09,0.13,0.2096,-0.05293,-0.27222,-0.93764,-0.89,1.1,0.16,-0.22642,-0.16038,-0.29457,-0.91446,-0.88,1.09,0.18,-0.44132,-0.27469,-0.25182,-0.81632,-0.86,1.08,0.19,-0.44132,-0.27469,-0.25182,-0.81632,-0.7,1.1,0.11,-0.38786,-0.18584,-0.14212,0.89153,-0.68,1.06,0.07,-0.38786,-0.18584,-0.14212,0.89153,-0.72,1.07,0.09,-0.47813,-0.17302,0.57278,0.64295,-0.75,1.09,0.11,-0.29945,-0.02277,0.52194,0.79836,-0.76,1.1,0.13,-0.20773,-3e-05,0.59977,0.77274,-0.76,1.11,0.16,-0.20773,-3e-05,0.59977,0.77274,-0.71,1.08,0.09,-0.38786,-0.18584,-0.14212,0.89153,-0.73,1.12,0.12,-0.0726,-0.21321,-0.02903,0.97387,-0.74,1.13,0.16,0.41113,-0.20853,0.05334,0.8858,-0.75,1.11,0.17,0.58326,-0.16675,0.08818,0.79008,-0.75,1.09,0.18,0.58326,-0.16675,0.08818,0.79008,-0.7,1.08,0.1,-0.38786,-0.18584,-0.14212,0.89153,-0.71,1.12,0.13,-0.01181,-0.22142,-0.07365,0.97232,-0.72,1.13,0.17,0.43129,-0.2321,0.02171,0.87158,-0.73,1.11,0.18,0.6357,-0.20051,0.01393,0.74531,-0.74,1.08,0.18,0.6357,-0.20051,0.01393,0.74531,-0.68,1.08,0.1,-0.38786,-0.18584,-0.14212,0.89153,-0.69,1.11,0.14,-0.11138,-0.19401,-0.16511,0.96057,-0.7,1.12,0.17,0.41644,-0.27079,-0.07657,0.86451,-0.72,1.11,0.18,0.67275,-0.29814,-0.01523,0.67697,-0.73,1.09,0.18,0.67275,-0.29814,-0.01523,0.67697,-0.67,1.07,0.11,-0.30072,-0.13768,-0.37319,0.8668,-0.67,1.1,0.14,-0.32585,-0.10648,-0.29192,0.8929,-0.67,1.12,0.16,0.29797,-0.2802,-0.24387,0.87933,-0.69,1.11,0.18,0.59578,-0.39157,-0.13162,0.68876,-0.7,1.1,0.18,0.59578,-0.39157,-0.13162,0.68876,-0.81,1.08,0.19
-0.79,1.45,-0.15,-0.79,1.45,-0.15,-0.85,1.09,0.11,0.33001,-0.05664,-0.14781,-0.93061,-0.86,1.06,0.06,0.33001,-0.05664,-0.14781,-0.93061,-0.82,1.07,0.09,0.4236,-0.17017,0.52574,-0.71778,-0.8,1.09,0.11,0.19129,-0.00532,0.47542,-0.8587,-0.8,1.1,0.14,0.08773,0.00757,0.55046,-0.8302,-0.79,1.1,0.16,0.08773,0.00757,0.55046,-0.8302,-0.84,1.08,0.09,0.33001,-0.05664,-0.14781,-0.93061,-0.83,1.12,0.13,0.09177,-0.0815,-0.09287,-0.98808,-0.83,1.12,0.17,-0.28488,-0.11549,-0.08111,-0.94812,-0.82,1.11,0.19,-0.44752,-0.1012,-0.06965,-0.8858,-0.82,1.09,0.2,-0.44752,-0.1012,-0.06965,-0.8858,-0.85,1.07,0.09,0.33001,-0.05664,-0.14781,-0.93061,-0.85,1.11,0.13,0.07809,-0.07851,-0.14589,-0.98308,-0.85,1.12,0.17,-0.3121,-0.13051,-0.11637,-0.93382,-0.84,1.11,0.19,-0.48772,-0.13775,-0.14919,-0.84906,-0.83,1.09,0.21,-0.48772,-0.13775,-0.14919,-0.84906,-0.87,1.07,0.09,0.33001,-0.05664,-0.14781,-0.93061,-0.87,1.1,0.13,0.14828,-0.05589,-0.20614,-0.96561,-0.87,1.11,0.17,-0.27586,-0.1553,-0.20062,-0.92711,-0.86,1.1,0.19,-0.49069,-0.22256,-0.17939,-0.82311,-0.85,1.09,0.2,-0.49069,-0.22256,-0.17939,-0.82311,-0.88,1.06,0.1,0.26995,0.00474,-0.38103,-0.88426,-0.89,1.09,0.13,0.19485,-0.05246,-0.28309,-0.93763,-0.89,1.1,0.16,-0.21962,-0.15706,-0.30685,-0.91266,-0.88,1.09,0.18,-0.40836,-0.26704,-0.27128,-0.82966,-0.86,1.08,0.19,-0.40836,-0.26704,-0.27128,-0.82966,-0.7,1.1,0.11,-0.38543,-0.18405,-0.144,0.89266,-0.68,1.06,0.07,-0.38543,-0.18405,-0.144,0.89266,-0.72,1.07,0.09,-0.46744,-0.17858,0.57949,0.64327,-0.75,1.09,0.11,-0.288,-0.02476,0.53042,0.79693,-0.76,1.1,0.13,-0.19836,-0.00385,0.60778,0.76892,-0.76,1.11,0.16,-0.19836,-0.00385,0.60778,0.76892,-0.71,1.08,0.09,-0.38543,-0.18405,-0.144,0.89266,-0.73,1.12,0.12,-0.07052,-0.21374,-0.03022,0.97387,-0.74,1.13,0.16,0.37971,-0.21129,0.04463,0.89955,-0.75,1.11,0.17,0.54166,-0.17257,0.07605,0.81917,-0.75,1.09,0.18,0.54166,-0.17257,0.07605,0.81917,-0.69,1.08,0.1,-0.38543,-0.18405,-0.144,0.89266,-0.7,1.12,0.13,-0.01601,-0.21879,-0.07874,0.97246,-0.72,1.13,0.17,0.41941,-0.23226,0.01384,0.87747,-0.73,1.11,0.18,0.62165,-0.20365,0.00541,0.75634,-0.74,1.08,0.19,0.62165,-0.20365,0.00541,0.75634,-0.68,1.08,0.1,-0.38543,-0.18405,-0.144,0.89266,-0.69,1.11,0.14,-0.10572,-0.19125,-0.16807,0.96125,-0.7,1.12,0.17,0.41938,-0.2696,-0.08125,0.86304,-0.71,1.11,0.18,0.67358,-0.29846,-0.02056,0.67586,-0.73,1.09,0.18,0.67358,-0.29846,-0.02056,0.67586,-0.67,1.07,0.11,-0.29845,-0.13532,-0.37493,0.8672,-0.67,1.1,0.14,-0.29612,-0.1127,-0.2919,0.90244,-0.67,1.12,0.17,0.32859,-0.28271,-0.24036,0.86852,-0.69,1.11,0.18,0.61854,-0.3919,-0.12969,0.66858,-0.7,1.09,0.18,0.61854,-0.3919,-0.12969,0.66858,-0.81,1.08,0.19
-0.79,1.45,-0.15,-0.79,1.45,-0.15,-0.85,1.09,0.11,0.3272,-0.06161,-0.12395,-0.93476,-0.86,1.06,0.06,0.3272,-0.06161,-0.12395,-0.93476,-0.82,1.07,0.09,0.41841,-0.18175,0.54226,-0.70558,-0.8,1.08,0.11,0.18846,-0.01053,0.49592,-0.84761,-0.79,1.09,0.14,0.08134,0.00732,0.56986,-0.81768,-0.79,1.1,0.16,0.08134,0.00732,0.56986,-0.81768,-0.84,1.08,0.09,0.3272,-0.06161,-0.12395,-0.93476,-0.83,1.11,0.13,0.08104,-0.07925,-0.06865,-0.99118,-0.82,1.12,0.17,-0.30206,-0.1045,-0.05892,-0.94571,-0.82,1.11,0.19,-0.46447,-0.08639,-0.04912,-0.88,-0.82,1.09,0.2,-0.46447,-0.08639,-0.04912,-0.88,-0.85,1.07,0.09,0.3272,-0.06161,-0.12395,-0.93476,-0.85,1.11,0.13,0.07206,-0.07605,-0.1222,-0.98696,-0.85,1.12,0.17,-0.32233,-0.11926,-0.09516,-0.93425,-0.84,1.1,0.19,-0.49773,-0.12216,-0.13059,-0.8487,-0.83,1.09,0.21,-0.49773,-0.12216,-0.13059,-0.8487,-0.87,1.07,0.09,0.3272,-0.06161,-0.12395,-0.93476,-0.87,1.1,0.13,0.13848,-0.05578,-0.18234,-0.97184,-0.87,1.11,0.17,-0.28984,-0.14517,-0.17921,-0.92887,-0.86,1.1,0.19,-0.50601,-0.20746,-0.16141,-0.8215,-0.85,1.08,0.2,-0.50601,-0.20746,-0.16141,-0.8215,-0.88,1.07,0.09,0.26947,0.00153,-0.35831,-0.89387,-0.88,1.09,0.13,0.1805,-0.05391,-0.26058,-0.9469,-0.88,1.1,0.16,-0.23623,-0.14791,-0.28613,-0.91676,-0.88,1.09,0.18,-0.42705,-0.25377,-0.25388,-0.82992,-0.86,1.08,0.19,-0.42705,-0.25377,-0.25388,-0.82992,-0.7,1.1,0.11,-0.38101,-0.1783,-0.14434,0.89566,-0.68,1.06,0.07,-0.38101,-0.1783,-0.14434,0.89566,-0.72,1.07,0.09,-0.4586,-0.18142,0.58202,0.64655,-0.75,1.09,0.11,-0.27876,-0.0261,0.53372,0.79797,-0.76,1.1,0.14,-0.19341,-0.0091,0.61106,0.76754,-0.76,1.11,0.16,-0.19341,-0.0091,0.61106,0.76754,-0.71,1.08,0.09,-0.38101,-0.1783,-0.14434,0.89566,-0.72,1.12,0.12,-0.06761,-0.21026,-0.03154,0.9748,-0.74,1.13,0.16,0.35989,-0.20967,0.03654,0.90839,-0.75,1.11,0.17,0.51447,-0.17324,0.06502,0.83731,-0.75,1.09,0.18,0.51447,-0.17324,0.06502,0.83731,-0.69,1.08,0.1,-0.38101,-0.1783,-0.14434,0.89566,-0.7,1.12,0.13,-0.03257,-0.2103,-0.0873,0.97319,-0.72,1.13,0.17,0.40101,-0.22867,0.00145,0.88707,-0.73,1.11,0.18,0.60459,-0.20431,-0.00806,0.76985,-0.74,1.09,0.19,0.60459,-0.20431,-0.00806,0.76985,-0.68,1.08,0.1,-0.38101,-0.1783,-0.14434,0.89566,-0.69,1.11,0.14,-0.10508,-0.18376,-0.17137,0.9622,-0.7,1.12,0.17,0.42201,-0.26513,-0.08748,0.86253,-0.71,1.11,0.18,0.67725,-0.29607,-0.02739,0.673,-0.72,1.08,0.18,0.67725,-0.29607,-0.02739,0.673,-0.67,1.07,0.11,-0.29526,-0.12843,-0.37537,0.86915,-0.67,1.1,0.14,-0.27275,-0.11414,-0.29033,0.9101,-0.67,1.12,0.17,0.35875,-0.28262,-0.23671,0.85755,-0.69,1.11,0.18,0.64584,-0.3905,-0.12593,0.64385,-0.7,1.09,0.18,0.64584,-0.3905,-0.12593,0.64385,-0.81,1.08,0.19
-0.79,1.45,-0.15,-0.79,1.45,-0.15,-0.85,1.09,0.11,0.33998,-0.06577,-0.07867,-0.93483,-0.86,1.06,0.06,0.33998,-0.06577,-0.07867,-0.93483,-0.82,1.07,0.09,0.41367,-0.18256,0.58032,-0.67733,-0.8,1.08,0.11,0.19091,0.0017,0.5349,-0.82306,-0.79,1.09,0.14,0.07036,0.03425,0.60396,-0.79317,-0.79,1.1,0.16,0.07036,0.03425,0.60396,-0.79317,-0.83,1.07,0.09,0.33998,-0.06577,-0.07867,-0.93483,-0.83,1.11,0.13,0.07732,-0.07055,-0.02283,-0.99425,-0.82,1.12,0.17,-0.33254,-0.07955,-0.01767,-0.93956,-0.82,1.11,0.18,-0.49868,-0.05447,-0.01149,-0.865,-0.82,1.09,0.2,-0.49868,-0.05447,-0.01149,-0.865,-0.85,1.07,0.09,0.33998,-0.06577,-0.07867,-0.93483,-0.85,1.12,0.13,0.08115,-0.06699,-0.07855,-0.99134,-0.84,1.12,0.17,-0.32844,-0.09468,-0.05738,-0.93801,-0.84,1.11,0.19,-0.50945,-0.091,-0.09837,-0.85,-0.83,1.09,0.2,-0.50945,-0.091,-0.09837,-0.85,-0.87,1.07,0.09,0.33998,-0.06577,-0.07867,-0.93483,-0.87,1.11,0.13,0.1463,-0.05069,-0.13875,-0.97815,-0.86,1.12,0.17,-0.29774,-0.12409,-0.14087,-0.93601,-0.86,1.1,0.19,-0.52573,-0.17871,-0.12849,-0.82168,-0.85,1.09,0.2,-0.52573,-0.17871,-0.12849,-0.82168,-0.88,1.07,0.09,0.28734,-0.0043,-0.31621,-0.90412,-0.88,1.09,0.13,0.18485,-0.05048,-0.21888,-0.95675,-0.88,1.1,0.16,-0.2556,-0.13291,-0.24855,-0.92478,-0.88,1.1,0.17,-0.46674,-0.23502,-0.21773,-0.82433,-0.86,1.08,0.19,-0.46674,-0.23502,-0.21773,-0.82433,-0.7,1.1,0.11,-0.37473,-0.17849,-0.14603,0.898,-0.68,1.06,0.07,-0.37473,-0.17849,-0.14603,0.898,-0.72,1.07,0.09,-0.45647,-0.18658,0.57877,0.6495,-0.75,1.08,0.11,-0.2761,-0.03212,0.53176,0.79998,-0.76,1.1,0.14,-0.19536,-0.01874,0.60982,0.76786,-0.76,1.11,0.16,-0.19536,-0.01874,0.60982,0.76786,-0.71,1.08,0.09,-0.37473,-0.17849,-0.14603,0.898,-0.73,1.12,0.13,-0.0613,-0.21304,-0.0316,0.97461,-0.74,1.13,0.16,0.35144,-0.21261,0.03431,0.9111,-0.75,1.11,0.17,0.49852,-0.1771,0.0612,0.84638,-0.75,1.09,0.19,0.49852,-0.1771,0.0612,0.84638,-0.69,1.08,0.1,-0.37473,-0.17849,-0.14603,0.898,-0.7,1.12,0.13,-0.04273,-0.20831,-0.09344,0.97265,-0.72,1.13,0.17,0.39164,-0.22971,-0.00492,0.89097,-0.73,1.11,0.19,0.59789,-0.20732,-0.01393,0.77418,-0.74,1.09,0.19,0.59789,-0.20732,-0.01393,0.77418,-0.68,1.08,0.1,-0.37473,-0.17849,-0.14603,0.898,-0.69,1.11,0.14,-0.11271,-0.18101,-0.17576,0.96106,-0.7,1.12,0.17,0.42436,-0.26631,-0.08976,0.86078,-0.71,1.11,0.19,0.68519,-0.2976,-0.02695,0.66425,-0.72,1.08,0.18,0.68519,-0.2976,-0.02695,0.66425,-0.67,1.07,0.11,-0.28886,-0.12701,-0.3766,0.87098,-0.67,1.1,0.14,-0.26237,-0.11799,-0.28997,0.91278,-0.67,1.11,0.17,0.38267,-0.28796,-0.23022,0.84714,-0.69,1.1,0.18,0.67599,-0.39411,-0.11228,0.61246,-0.7,1.09,0.17,0.67599,-0.39411,-0.11228,0.61246,-0.81,1.08,0.19
-0.79,1.45,-0.15,-0.79,1.45,-0.15,-0.85,1.1,0.11,0.35184,-0.06323,-0.0571,-0.93218,-0.86,1.06,0.06,0.35184,-0.06323,-0.0571,-0.93218,-0.82,1.07,0.09,0.41274,-0.17458,0.59961,-0.66305,-0.8,1.08,0.11,0.19221,0.01728,0.55204,-0.81118,-0.79,1.09,0.14,0.06279,0.05863,0.61706,-0.78222,-0.79,1.1,0.16,0.06279,0.05863,0.61706,-0.78222,-0.83,1.08,0.09,0.35184,-0.06323,-0.0571,-0.93218,-0.83,1.12,0.13,0.0804,-0.06181,-0.00206,-0.99484,-0.82,1.12,0.16,-0.35106,-0.0633,-0.00073,-0.93421,-0.82,1.11,0.18,-0.52681,-0.03534,0.00346,-0.84924,-0.82,1.09,0.19,-0.52681,-0.03534,0.00346,-0.84924,-0.85,1.07,0.09,0.35184,-0.06323,-0.0571,-0.93218,-0.85,1.12,0.13,0.09386,-0.05812,-0.0593,-0.99212,-0.84,1.13,0.17,-0.32974,-0.0795,-0.04233,-0.93977,-0.84,1.11,0.19,-0.52336,-0.0737,-0.08686,-0.84446,-0.83,1.09,0.2,-0.52336,-0.0737,-0.08686,-0.84446,-0.87,1.07,0.09,0.35184,-0.06323,-0.0571,-0.93218,-0.87,1.11,0.13,0.16134,-0.04349,-0.11937,-0.97869,-0.86,1.12,0.16,-0.30003,-0.11173,-0.12498,-0.93908,-0.86,1.11,0.19,-0.54473,-0.16416,-0.11452,-0.81437,-0.85,1.09,0.2,-0.54473,-0.16416,-0.11452,-0.81437,-0.88,1.07,0.09,0.30242,-0.00427,-0.29649,-0.90588,-0.88,1.1,0.13,0.19982,-0.04256,-0.20039,-0.95818,-0.88,1.11,0.16,-0.26952,-0.12548,-0.2334,-0.92582,-0.88,1.1,0.17,-0.50809,-0.22998,-0.19941,-0.80572,-0.86,1.08,0.18,-0.50809,-0.22998,-0.19941,-0.80572,-0.7,1.1,0.11,-0.3736,-0.18432,-0.14815,0.89694,-0.68,1.06,0.07,-0.3736,-0.18432,-0.14815,0.89694,-0.72,1.07,0.09,-0.46493,-0.18792,0.57139,0.64965,-0.75,1.09,0.11,-0.2853,-0.03711,0.52446,0.80135,-0.76,1.1,0.14,-0.20508,-0.02341,0.6035,0.77018,-0.77,1.11,0.16,-0.20508,-0.02341,0.6035,0.77018,-0.71,1.08,0.09,-0.3736,-0.18432,-0.14815,0.89694,-0.73,1.12,0.12,-0.05742,-0.21993,-0.03033,0.97335,-0.74,1.13,0.16,0.35093,-0.2184,0.03742,0.90981,-0.75,1.11,0.17,0.49377,-0.18261,0.06425,0.84777,-0.76,1.09,0.18,0.49377,-0.18261,0.06425,0.84777,-0.69,1.08,0.1,-0.3736,-0.18432,-0.14815,0.89694,-0.7,1.12,0.13,-0.04311,-0.2142,-0.09388,0.97131,-0.72,1.13,0.17,0.39928,-0.23521,-0.00047,0.88614,-0.73,1.11,0.18,0.61255,-0.21058,-0.00674,0.76183,-0.74,1.09,0.19,0.61255,-0.21058,-0.00674,0.76183,-0.68,1.08,0.1,-0.3736,-0.18432,-0.14815,0.89694,-0.69,1.11,0.14,-0.11738,-0.1866,-0.17704,0.9592,-0.7,1.12,0.17,0.43716,-0.27341,-0.08255,0.85283,-0.71,1.11,0.18,0.70549,-0.30088,-0.0141,0.64153,-0.72,1.08,0.18,0.70549,-0.30088,-0.0141,0.64153,-0.67,1.07,0.11,-0.28628,-0.13261,-0.37817,0.87031,-0.67,1.1,0.14,-0.26056,-0.12858,-0.28968,0.91195,-0.68,1.11,0.17,0.40004,-0.29952,-0.21853,0.83815,-0.69,1.1,0.18,0.70209,-0.40106,-0.08964,0.58153,-0.7,1.09,0.17,0.70209,-0.40106,-0.08964,0.58153,-0.81,1.08,0.19
-0.79,1.45,-0.15,-0.79,1.45,-0.15,-0.85,1.1,0.11,0.35271,-0.05955,-0.06378,-0.93166,-0.86,1.06,0.06,0.35271,-0.05955,-0.06378,-0.93166,-0.82,1.07,0.09,0.41332,-0.1695,0.59538,-0.6678,-0.8,1.08,0.11,0.18793,0.02335,0.5462,-0.81597,-0.79,1.09,0.14,0.05578,0.06489,0.61038,-0.78747,-0.79,1.1,0.16,0.05578,0.06489,0.61038,-0.78747,-0.83,1.08,0.09,0.35271,-0.05955,-0.06378,-0.93166,-0.83,1.12,0.13,0.0802,-0.06025,-0.00932,-0.99491,-0.82,1.12,0.16,-0.3564,-0.06502,-0.00759,-0.93204,-0.82,1.11,0.18,-0.5392,-0.03844,-0.00229,-0.8413,-0.82,1.09,0.19,-0.5392,-0.03844,-0.00229,-0.8413,-0.85,1.07,0.09,0.35271,-0.05955,-0.06378,-0.93166,-0.85,1.12,0.13,0.09942,-0.05489,-0.06774,-0.99122,-0.84,1.13,0.17,-0.32618,-0.08027,-0.05118,-0.9405,-0.84,1.11,0.19,-0.52624,-0.07686,-0.09538,-0.84146,-0.83,1.09,0.2,-0.52624,-0.07686,-0.09538,-0.84146,-0.87,1.07,0.09,0.35271,-0.05955,-0.06378,-0.93166,-0.87,1.11,0.13,0.16789,-0.03987,-0.12723,-0.97675,-0.87,1.12,0.16,-0.29794,-0.11297,-0.13299,-0.9385,-0.86,1.11,0.19,-0.54886,-0.1682,-0.12097,-0.80983,-0.85,1.09,0.19,-0.54886,-0.1682,-0.12097,-0.80983,-0.88,1.07,0.09,0.3031,-0.00109,-0.30303,-0.90349,-0.88,1.1,0.13,0.20487,-0.03827,-0.20776,-0.95572,-0.88,1.11,0.16,-0.26753,-0.12643,-0.24147,-0.9242,-0.88,1.1,0.17,-0.51281,-0.23476,-0.20497,-0.79994,-0.86,1.08,0.18,-0.51281,-0.23476,-0.20497,-0.79994,-0.7,1.1,0.11,-0.3742,-0.18858,-0.14862,0.89573,-0.68,1.06,0.07,-0.3742,-0.18858,-0.14862,0.89573,-0.72,1.07,0.09,-0.47275,-0.18457,0.56591,0.64976,-0.75,1.09,0.11,-0.29436,-0.03702,0.51778,0.80243,-0.76,1.1,0.13,-0.21248,-0.02168,0.59734,0.77302,-0.77,1.11,0.16,-0.21248,-0.02168,0.59734,0.77302,-0.71,1.08,0.09,-0.3742,-0.18858,-0.14862,0.89573,-0.73,1.12,0.12,-0.05259,-0.22388,-0.02809,0.97279,-0.74,1.13,0.16,0.35416,-0.221,0.04082,0.90778,-0.75,1.11,0.17,0.49498,-0.18474,0.06774,0.84633,-0.76,1.09,0.18,0.49498,-0.18474,0.06774,0.84633,-0.69,1.08,0.1,-0.3742,-0.18858,-0.14862,0.89573,-0.71,1.12,0.13,-0.04177,-0.2184,-0.09253,0.97056,-0.72,1.13,0.17,0.41518,-0.23824,0.00664,0.87796,-0.73,1.11,0.18,0.63895,-0.20966,0.00353,0.74012,-0.74,1.09,0.19,0.63895,-0.20966,0.00353,0.74012,-0.68,1.08,0.1,-0.3742,-0.18858,-0.14862,0.89573,-0.69,1.11,0.14,-0.11783,-0.19176,-0.17583,0.95835,-0.7,1.12,0.17,0.45266,-0.27829,-0.07377,0.84393,-0.72,1.11,0.18,0.72783,-0.30102,-0.00033,0.61616,-0.72,1.08,0.18,0.72783,-0.30102,-0.00033,0.61616,-0.67,1.07,0.11,-0.28594,-0.13704,-0.37838,0.86965,-0.67,1.1,0.14,-0.26059,-0.13832,-0.28784,0.9111,-0.68,1.12,0.17,0.40855,-0.30763,-0.20819,0.83373,-0.69,1.1,0.18,0.71823,-0.40463,-0.07092,0.56159,-0.7,1.09,0.17,0.71823,-0.40463,-0.07092,0.56159,-0.81,1.08,0.19
-0.79,1.45,-0.15,-0.79,1.45,-0.15,-0.85,1.1,0.11,0.34999,-0.05991,-0.06699,-0.93243,-0.86,1.06,0.06,0.34999,-0.05991,-0.06699,-0.93243,-0.82,1.07,0.09,0.41173,-0.17041,0.59334,-0.67036,-0.8,1.08,0.11,0.18133,0.02486,0.54458,-0.81849,-0.8,1.09,0.14,0.04927,0.06527,0.60853,-0.78931,-0.8,1.1,0.16,0.04927,0.06527,0.60853,-0.78931,-0.83,1.08,0.09,0.34999,-0.05991,-0.06699,-0.93243,-0.83,1.12,0.13,0.07789,-0.06203,-0.01202,-0.99496,-0.82,1.12,0.16,-0.3543,-0.06768,-0.0096,-0.93263,-0.82,1.11,0.18,-0.53845,-0.04149,-0.00369,-0.84163,-0.82,1.09,0.19,-0.53845,-0.04149,-0.00369,-0.84163,-0.85,1.07,0.09,0.34999,-0.05991,-0.06699,-0.93243,-0.85,1.12,0.13,0.1049,-0.05395,-0.07214,-0.9904,-0.85,1.13,0.17,-0.31717,-0.08112,-0.05586,-0.94324,-0.84,1.11,0.19,-0.5178,-0.07928,-0.09985,-0.84595,-0.83,1.09,0.2,-0.5178,-0.07928,-0.09985,-0.84595,-0.87,1.07,0.09,0.34999,-0.05991,-0.06699,-0.93243,-0.87,1.11,0.13,0.17101,-0.03872,-0.13108,-0.97574,-0.87,1.12,0.16,-0.29338,-0.11365,-0.13697,-0.93928,-0.86,1.11,0.19,-0.5448,-0.17011,-0.12444,-0.81165,-0.85,1.09,0.2,-0.5448,-0.17011,-0.12444,-0.81165,-0.88,1.07,0.09,0.29992,-0.00082,-0.30592,-0.90358,-0.88,1.1,0.13,0.20358,-0.03886,-0.21046,-0.95538,-0.88,1.11,0.16,-0.26472,-0.12713,-0.24389,-0.92427,-0.88,1.1,0.17,-0.50974,-0.23607,-0.20702,-0.80099,-0.86,1.08,0.18,-0.50974,-0.23607,-0.20702,-0.80099,-0.7,1.1,0.11,-0.37566,-0.1912,-0.14849,0.89458,-0.68,1.06,0.07,-0.37566,-0.1912,-0.14849,0.89458,-0.72,1.07,0.09,-0.47602,-0.18029,0.56506,0.64931,-0.75,1.09,0.11,-0.2999,-0.03474,0.5155,0.80194,-0.76,1.1,0.13,-0.21549,-0.01726,0.59504,0.77408,-0.77,1.11,0.15,-0.21549,-0.01726,0.59504,0.77408,-0.71,1.08,0.09,-0.37566,-0.1912,-0.14849,0.89458,-0.73,1.12,0.12,-0.05028,-0.22564,-0.0266,0.97255,-0.74,1.13,0.16,0.35482,-0.22201,0.04255,0.90719,-0.75,1.11,0.17,0.49512,-0.18549,0.06954,0.84594,-0.76,1.09,0.18,0.49512,-0.18549,0.06954,0.84594,-0.69,1.08,0.1,-0.37566,-0.1912,-0.14849,0.89458,-0.71,1.12,0.13,-0.04318,-0.22039,-0.09189,0.97011,-0.72,1.13,0.17,0.42274,-0.23962,0.01058,0.87393,-0.73,1.11,0.18,0.65394,-0.20862,0.00944,0.72715,-0.74,1.09,0.18,0.65394,-0.20862,0.00944,0.72715,-0.68,1.08,0.1,-0.37566,-0.1912,-0.14849,0.89458,-0.69,1.11,0.14,-0.12166,-0.1945,-0.17521,0.95743,-0.7,1.12,0.17,0.45801,-0.28097,-0.06886,0.84056,-0.72,1.11,0.18,0.73779,-0.30096,0.00754,0.60418,-0.72,1.08,0.18,0.73779,-0.30096,0.00754,0.60418,-0.67,1.07,0.11,-0.28685,-0.14004,-0.37818,0.86896,-0.67,1.1,0.14,-0.26406,-0.14466,-0.28625,0.90962,-0.68,1.12,0.17,0.40834,-0.31232,-0.20185,0.83365,-0.69,1.1,0.18,0.72406,-0.40639,-0.05936,0.55413,-0.7,1.09,0.17,0.72406,-0.40639,-0.05936,0.55413,-0.81,1.08,0.19
-0.79,1.45,-0.15,-0.79,1.45,-0.15,-0.85,1.1,0.11,0.34683,-0.06071,-0.08497,-0.9321,-0.86,1.06,0.06,0.34683,-0.06071,-0.08497,-0.9321,-0.82,1.07,0.09,0.4155,-0.17034,0.57926,-0.6803,-0.8,1.08,0.11,0.17978,0.02135,0.53041,-0.82818,-0.8,1.1,0.14,0.04716,0.05972,0.59559,-0.79968,-0.8,1.1,0.16,0.04716,0.05972,0.59559,-0.79968,-0.84,1.08,0.09,0.34683,-0.06071,-0.08497,-0.9321,-0.83,1.12,0.13,0.07492,-0.06707,-0.02964,-0.99449,-0.82,1.12,0.16,-0.35208,-0.07953,-0.0238,-0.93228,-0.82,1.11,0.18,-0.5357,-0.056,-0.01531,-0.84241,-0.82,1.09,0.19,-0.5357,-0.056,-0.01531,-0.84241,-0.85,1.08,0.09,0.34683,-0.06071,-0.08497,-0.9321,-0.85,1.12,0.13,0.10469,-0.05661,-0.09087,-0.98873,-0.85,1.13,0.17,-0.31379,-0.0911,-0.07204,-0.94236,-0.84,1.11,0.19,-0.51331,-0.09261,-0.11339,-0.84562,-0.83,1.09,0.2,-0.51331,-0.09261,-0.11339,-0.84562,-0.87,1.08,0.09,0.34683,-0.06071,-0.08497,-0.9321,-0.87,1.11,0.13,0.16465,-0.04155,-0.14892,-0.97416,-0.87,1.12,0.17,-0.29729,-0.12389,-0.15165,-0.93449,-0.86,1.11,0.19,-0.54643,-0.1838,-0.13573,-0.80573,-0.85,1.09,0.2,-0.54643,-0.1838,-0.13573,-0.80573,-0.88,1.07,0.09,0.29418,-0.00132,-0.32279,-0.89959,-0.88,1.1,0.13,0.19217,-0.04423,-0.2273,-0.95365,-0.88,1.11,0.16,-0.27072,-0.13772,-0.25641,-0.91761,-0.88,1.1,0.17,-0.51226,-0.24936,-0.21638,-0.79284,-0.86,1.08,0.18,-0.51226,-0.24936,-0.21638,-0.79284,-0.7,1.1,0.11,-0.37433,-0.19455,-0.14852,0.89441,-0.68,1.06,0.07,-0.37433,-0.19455,-0.14852,0.89441,-0.72,1.07,0.09,-0.47585,-0.17847,0.56579,0.6493,-0.75,1.09,0.11,-0.30215,-0.03429,0.51549,0.80112,-0.76,1.1,0.13,-0.21507,-0.01459,0.59488,0.77437,-0.77,1.11,0.16,-0.21507,-0.01459,0.59488,0.77437,-0.71,1.08,0.09,-0.37433,-0.19455,-0.14852,0.89441,-0.73,1.12,0.12,-0.04585,-0.22807,-0.02535,0.97223,-0.74,1.13,0.16,0.35446,-0.22382,0.04359,0.90684,-0.75,1.11,0.17,0.49321,-0.18724,0.07047,0.84659,-0.76,1.09,0.18,0.49321,-0.18724,0.07047,0.84659,-0.69,1.08,0.1,-0.37433,-0.19455,-0.14852,0.89441,-0.71,1.12,0.13,-0.04523,-0.22245,-0.0922,0.96952,-0.72,1.13,0.17,0.42075,-0.24161,0.0113,0.87434,-0.73,1.11,0.18,0.65177,-0.21053,0.01057,0.72853,-0.74,1.09,0.19,0.65177,-0.21053,0.01057,0.72853,-0.68,1.08,0.1,-0.37433,-0.19455,-0.14852,0.89441,-0.69,1.11,0.14,-0.12587,-0.19662,-0.17556,0.95639,-0.7,1.12,0.17,0.45435,-0.28307,-0.06772,0.84194,-0.72,1.11,0.18,0.73421,-0.3027,0.00913,0.60764,-0.73,1.08,0.18,0.73421,-0.3027,0.00913,0.60764,-0.67,1.07,0.11,-0.28486,-0.14303,-0.37792,0.86923,-0.67,1.1,0.14,-0.26444,-0.14878,-0.28551,0.90908,-0.68,1.12,0.17,0.40674,-0.31469,-0.19899,0.83423,-0.69,1.1,0.18,0.72336,-0.4073,-0.05544,0.55478,-0.7,1.09,0.17,0.72336,-0.4073,-0.05544,0.55478,-0.81,1.08,0.19
-0.79,1.45,-0.15,-0.79,1.45,-0.15,-0.85,1.1,0.11,0.34757,-0.06262,-0.0977,-0.93044,-0.86,1.06,0.06,0.34757,-0.06262,-0.0977,-0.93044,-0.82,1.07,0.09,0.42083,-0.16959,0.56954,-0.68539,-0.8,1.09,0.11,0.1827,0.01876,0.52041,-0.83393,-0.8,1.1,0.14,0.04974,0.05609,0.58658,-0.80642,-0.8,1.1,0.16,0.04974,0.05609,0.58658,-0.80642,-0.84,1.08,0.09,0.34757,-0.06262,-0.0977,-0.93044,-0.83,1.12,0.13,0.07782,-0.07058,-0.04275,-0.99355,-0.82,1.13,0.16,-0.34924,-0.0883,-0.03417,-0.93224,-0.82,1.11,0.18,-0.53361,-0.06675,-0.02371,-0.84276,-0.82,1.09,0.19,-0.53361,-0.06675,-0.02371,-0.84276,-0.85,1.08,0.09,0.34757,-0.06262,-0.0977,-0.93044,-0.85,1.12,0.13,0.10595,-0.06002,-0.10374,-0.98712,-0.85,1.13,0.17,-0.31005,-0.09937,-0.08253,-0.9419,-0.84,1.11,0.19,-0.50807,-0.103,-0.12182,-0.84641,-0.83,1.09,0.2,-0.50807,-0.103,-0.12182,-0.84641,-0.87,1.08,0.09,0.34757,-0.06262,-0.0977,-0.93044,-0.87,1.11,0.13,0.15942,-0.04619,-0.16098,-0.9729,-0.87,1.12,0.17,-0.29861,-0.13282,-0.16061,-0.93134,-0.86,1.11,0.19,-0.54526,-0.1946,-0.14201,-0.8029,-0.85,1.09,0.2,-0.54526,-0.1946,-0.14201,-0.8029,-0.88,1.07,0.09,0.29275,-0.00379,-0.33484,-0.89564,-0.89,1.1,0.13,0.18273,-0.05251,-0.23842,-0.95237,-0.88,1.11,0.16,-0.27292,-0.14769,-0.26298,-0.91353,-0.88,1.1,0.17,-0.5104,-0.26,-0.22057,-0.78945,-0.86,1.08,0.18,-0.5104,-0.26,-0.22057,-0.78945,-0.7,1.1,0.11,-0.37128,-0.19818,-0.14372,0.89567,-0.68,1.06,0.07,-0.37128,-0.19818,-0.14372,0.89567,-0.72,1.07,0.09,-0.4732,-0.18208,0.57022,0.64635,-0.75,1.08,0.11,-0.30346,-0.03871,0.52068,0.79706,-0.76,1.1,0.13,-0.21417,-0.01633,0.59995,0.77067,-0.77,1.11,0.16,-0.21417,-0.01633,0.59995,0.77067,-0.71,1.08,0.09,-0.37128,-0.19818,-0.14372,0.89567,-0.73,1.12,0.12,-0.03751,-0.23001,-0.01818,0.97229,-0.74,1.12,0.16,0.35922,-0.22266,0.05016,0.90491,-0.75,1.11,0.17,0.49642,-0.18512,0.07668,0.84464,-0.76,1.09,0.18,0.49642,-0.18512,0.07668,0.84464,-0.69,1.08,0.1,-0.37128,-0.19818,-0.14372,0.89567,-0.71,1.12,0.13,-0.04827,-0.22338,-0.08811,0.96954,-0.72,1.13,0.17,0.41697,-0.24056,0.01505,0.87638,-0.74,1.11,0.18,0.64745,-0.20893,0.01358,0.73278,-0.74,1.08,0.19,0.64745,-0.20893,0.01358,0.73278,-0.68,1.07,0.1,-0.37128,-0.19818,-0.14372,0.89567,-0.69,1.11,0.14,-0.13029,-0.19767,-0.17139,0.95634,-0.7,1.12,0.17,0.44944,-0.28162,-0.06407,0.84534,-0.72,1.11,0.18,0.72979,-0.30034,0.01161,0.61406,-0.73,1.08,0.18,0.72979,-0.30034,0.01161,0.61406,-0.67,1.07,0.11,-0.28182,-0.14565,-0.37304,0.8719,-0.68,1.1,0.14,-0.26437,-0.15205,-0.28015,0.91023,-0.68,1.11,0.17,0.40506,-0.31309,-0.1938,0.83686,-0.69,1.1,0.18,0.72316,-0.40368,-0.05147,0.55806,-0.7,1.09,0.17,0.72316,-0.40368,-0.05147,0.55806,-0.81,1.08,0.19
-0.79,1.45,-0.15,-0.79,1.45,-0.15,-0.85,1.1,0.11,0.348,-0.06392,-0.10623,-0.92926,-0.86,1.06,0.06,0.348,-0.06392,-0.10623,-0.92926,-0.82,1.07,0.09,0.42443,-0.16947,0.5629,-0.68868,-0.8,1.09,0.1,0.18575,0.01595,0.51366,-0.83749,-0.8,1.1,0.14,0.05225,0.05297,0.5806,-0.81078,-0.8,1.1,0.16,0.05225,0.05297,0.5806,-0.81078,-0.84,1.08,0.09,0.348,-0.06392,-0.10623,-0.92926,-0.83,1.12,0.13,0.08233,-0.07245,-0.05205,-0.9926,-0.82,1.13,0.16,-0.34812,-0.09417,-0.04143,-0.93179,-0.82,1.11,0.18,-0.53514,-0.07412,-0.02936,-0.84099,-0.82,1.09,0.19,-0.53514,-0.07412,-0.02936,-0.84099,-0.85,1.08,0.09,0.348,-0.06392,-0.10623,-0.92926,-0.85,1.12,0.13,0.10462,-0.06302,-0.11193,-0.98618,-0.85,1.13,0.17,-0.31323,-0.10567,-0.08849,-0.93962,-0.84,1.11,0.19,-0.51169,-0.11024,-0.12616,-0.84267,-0.83,1.09,0.2,-0.51169,-0.11024,-0.12616,-0.84267,-0.87,1.08,0.09,0.348,-0.06392,-0.10623,-0.92926,-0.87,1.11,0.13,0.15054,-0.05107,-0.16829,-0.97283,-0.87,1.12,0.17,-0.30495,-0.13983,-0.16523,-0.92744,-0.86,1.11,0.19,-0.54949,-0.20229,-0.14473,-0.79762,-0.85,1.09,0.2,-0.54949,-0.20229,-0.14473,-0.79762,-0.88,1.07,0.09,0.29172,-0.00546,-0.34289,-0.89291,-0.89,1.09,0.13,0.1765,-0.06029,-0.24483,-0.95146,-0.88,1.11,0.16,-0.27108,-0.15494,-0.26597,-0.91201,-0.88,1.1,0.17,-0.50416,-0.26675,-0.2224,-0.7907,-0.86,1.08,0.18,-0.50416,-0.26675,-0.2224,-0.7907,-0.7,1.1,0.11,-0.37175,-0.19792,-0.14042,0.89605,-0.68,1.05,0.07,-0.37175,-0.19792,-0.14042,0.89605,-0.72,1.07,0.09,-0.47204,-0.18226,0.57326,0.64447,-0.75,1.08,0.11,-0.30597,-0.04019,0.52349,0.79418,-0.76,1.1,0.14,-0.21492,-0.01575,0.60264,0.76837,-0.77,1.11,0.16,-0.21492,-0.01575,0.60264,0.76837,-0.71,1.08,0.09,-0.37175,-0.19792,-0.14042,0.89605,-0.73,1.12,0.13,-0.03186,-0.22979,-0.01254,0.97264,-0.74,1.12,0.16,0.36473,-0.22006,0.05526,0.90305,-0.75,1.11,0.17,0.50026,-0.18181,0.0812,0.84267,-0.76,1.09,0.18,0.50026,-0.18181,0.0812,0.84267,-0.69,1.07,0.1,-0.37175,-0.19792,-0.14042,0.89605,-0.71,1.12,0.13,-0.05311,-0.22203,-0.08583,0.9698,-0.72,1.13,0.17,0.41274,-0.23835,0.01641,0.87896,-0.73,1.11,0.18,0.64307,-0.20686,0.01403,0.73721,-0.74,1.08,0.19,0.64307,-0.20686,0.01403,0.73721,-0.68,1.07,0.1,-0.37175,-0.19792,-0.14042,0.89605,-0.69,1.11,0.14,-0.13526,-0.1969,-0.16859,0.9563,-0.7,1.12,0.17,0.4453,-0.27958,-0.06216,0.84834,-0.72,1.11,0.18,0.72639,-0.298,0.01244,0.61919,-0.72,1.08,0.18,0.72639,-0.298,0.01244,0.61919,-0.67,1.07,0.11,-0.28278,-0.14538,-0.37,0.87293,-0.67,1.1,0.14,-0.26804,-0.15227,-0.27678,0.91014,-0.68,1.11,0.17,0.40098,-0.31115,-0.19153,0.84007,-0.69,1.1,0.18,0.72093,-0.40106,-0.05017,0.56293,-0.7,1.09,0.17,0.72093,-0.40106,-0.05017,0.56293,-0.81,1.08,0.19
-0.79,1.45,-0.15,-0.79,1.45,-0.15,-0.85,1.1,0.11,0.3458,-0.06635,-0.10326,-0.93025,-0.86,1.06,0.06,0.3458,-0.06635,-0.10326,-0.93025,-0.82,1.07,0.09,0.42277,-0.17338,0.56502,-0.68699,-0.8,1.09,0.1,0.18473,0.01287,0.51711,-0.83564,-0.8,1.1,0.14,0.05032,0.05126,0.58402,-0.80856,-0.8,1.1,0.16,0.05032,0.05126,0.58402,-0.80856,-0.84,1.08,0.09,0.3458,-0.06635,-0.10326,-0.93025,-0.83,1.12,0.13,0.08346,-0.07328,-0.04925,-0.99259,-0.82,1.13,0.16,-0.35295,-0.09401,-0.03794,-0.93013,-0.82,1.11,0.18,-0.54337,-0.07338,-0.02542,-0.8359,-0.82,1.09,0.19,-0.54337,-0.07338,-0.02542,-0.8359,-0.85,1.08,0.09,0.3458,-0.06635,-0.10326,-0.93025,-0.85,1.12,0.13,0.10203,-0.06387,-0.10884,-0.98674,-0.85,1.13,0.17,-0.32444,-0.10591,-0.08439,-0.93616,-0.84,1.11,0.19,-0.52725,-0.10931,-0.12181,-0.8338,-0.83,1.09,0.2,-0.52725,-0.10931,-0.12181,-0.8338,-0.87,1.08,0.09,0.3458,-0.06635,-0.10326,-0.93025,-0.87,1.11,0.13,0.14348,-0.05354,-0.16453,-0.97441,-0.87,1.12,0.17,-0.31606,-0.14071,-0.1604,-0.92443,-0.86,1.11,0.19,-0.56311,-0.20195,-0.13949,-0.7891,-0.85,1.09,0.19,-0.56311,-0.20195,-0.13949,-0.7891,-0.88,1.07,0.09,0.28948,-0.00716,-0.33987,-0.89478,-0.88,1.09,0.13,0.16995,-0.06486,-0.24059,-0.95343,-0.88,1.11,0.16,-0.27812,-0.15665,-0.26016,-0.91128,-0.87,1.1,0.17,-0.51318,-0.26727,-0.21604,-0.78647,-0.86,1.08,0.18,-0.51318,-0.26727,-0.21604,-0.78647,-0.7,1.1,0.12,-0.37284,-0.19534,-0.13936,0.89634,-0.68,1.05,0.07,-0.37284,-0.19534,-0.13936,0.89634,-0.72,1.07,0.09,-0.47196,-0.17967,0.57356,0.64498,-0.74,1.08,0.11,-0.30914,-0.03975,0.52273,0.79348,-0.76,1.1,0.14,-0.21464,-0.01244,0.60173,0.76922,-0.76,1.1,0.16,-0.21464,-0.01244,0.60173,0.76922,-0.71,1.07,0.09,-0.37284,-0.19534,-0.13936,0.89634,-0.73,1.12,0.13,-0.02752,-0.22891,-0.0093,0.97301,-0.74,1.12,0.16,0.36818,-0.21789,0.05769,0.90202,-0.75,1.1,0.17,0.50208,-0.17938,0.08306,0.84192,-0.76,1.09,0.19,0.50208,-0.17938,0.08306,0.84192,-0.69,1.07,0.1,-0.37284,-0.19534,-0.13936,0.89634,-0.71,1.12,0.13,-0.05772,-0.21962,-0.08594,0.97008,-0.72,1.13,0.17,0.40913,-0.23634,0.01528,0.8812,-0.73,1.11,0.19,0.63999,-0.20548,0.0123,0.74029,-0.74,1.08,0.19,0.63999,-0.20548,0.0123,0.74029,-0.68,1.07,0.1,-0.37284,-0.19534,-0.13936,0.89634,-0.69,1.11,0.14,-0.14008,-0.19485,-0.16816,0.9561,-0.7,1.12,0.17,0.44254,-0.27795,-0.06249,0.8503,-0.72,1.1,0.19,0.72479,-0.29668,0.01171,0.62172,-0.72,1.08,0.18,0.72479,-0.29668,0.01171,0.62172,-0.67,1.07,0.11,-0.28451,-0.14304,-0.36922,0.87308,-0.67,1.1,0.15,-0.27171,-0.15081,-0.27568,0.90963,-0.68,1.11,0.17,0.39752,-0.3096,-0.19169,0.84225,-0.69,1.1,0.18,0.71968,-0.39987,-0.05027,0.56537,-0.7,1.09,0.17,0.71968,-0.39987,-0.05027,0.56537,-0.81,1.08,0.19
-0.79,1.45,-0.15,-0.79,1.45,-0.15,-0.85,1.1,0.11,0.34476,-0.06648,-0.09535,-0.93146,-0.86,1.06,0.06,0.34476,-0.06648,-0.09535,-0.93146,-0.82,1.07,0.09,0.41933,-0.1762,0.5712,-0.68326,-0.8,1.09,0.11,0.18247,0.0125,0.5243,-0.83166,-0.8,1.1,0.14,0.04828,0.05181,0.59074,-0.80375,-0.8,1.1,0.16,0.04828,0.05181,0.59074,-0.80375,-0.84,1.08,0.09,0.34476,-0.06648,-0.09535,-0.93146,-0.83,1.12,0.13,0.08691,-0.0717,-0.04166,-0.99276,-0.82,1.13,0.16,-0.3569,-0.08966,-0.03107,-0.92931,-0.82,1.11,0.18,-0.55133,-0.06779,-0.01906,-0.83131,-0.82,1.09,0.19,-0.55133,-0.06779,-0.01906,-0.83131,-0.85,1.08,0.09,0.34476,-0.06648,-0.09535,-0.93146,-0.85,1.12,0.13,0.10315,-0.06109,-0.1017,-0.98756,-0.85,1.13,0.17,-0.33561,-0.10138,-0.07785,-0.93329,-0.84,1.11,0.19,-0.54758,-0.1035,-0.11607,-0.82218,-0.83,1.09,0.2,-0.54758,-0.1035,-0.11607,-0.82218,-0.87,1.08,0.09,0.34476,-0.06648,-0.09535,-0.93146,-0.87,1.11,0.13,0.14094,-0.05192,-0.15686,-0.97613,-0.87,1.12,0.17,-0.33094,-0.13756,-0.15295,-0.92096,-0.86,1.11,0.19,-0.58696,-0.19761,-0.13181,-0.77399,-0.85,1.09,0.19,-0.58696,-0.19761,-0.13181,-0.77399,-0.88,1.07,0.09,0.28954,-0.00676,-0.33232,-0.8976,-0.88,1.1,0.13,0.16597,-0.06466,-0.23273,-0.95609,-0.88,1.11,0.16,-0.29155,-0.15498,-0.25225,-0.90959,-0.87,1.1,0.17,-0.5381,-0.26618,-0.20604,-0.77275,-0.86,1.08,0.18,-0.5381,-0.26618,-0.20604,-0.77275,-0.7,1.1,0.12,-0.37226,-0.19147,-0.14034,0.89725,-0.68,1.05,0.07,-0.37226,-0.19147,-0.14034,0.89725,-0.72,1.07,0.1,-0.47213,-0.17632,0.57086,0.64817,-0.74,1.08,0.11,-0.31099,-0.03863,0.51876,0.79541,-0.76,1.1,0.14,-0.21217,-0.00843,0.59765,0.77313,-0.76,1.1,0.16,-0.21217,-0.00843,0.59765,0.77313,-0.71,1.07,0.1,-0.37226,-0.19147,-0.14034,0.89725,-0.73,1.12,0.13,-0.02039,-0.2277,-0.00817,0.97348,-0.74,1.12,0.16,0.37245,-0.21629,0.05761,0.90065,-0.75,1.1,0.18,0.5044,-0.17792,0.08248,0.8409,-0.76,1.08,0.19,0.5044,-0.17792,0.08248,0.8409,-0.69,1.07,0.1,-0.37226,-0.19147,-0.14034,0.89725,-0.7,1.12,0.13,-0.05803,-0.21709,-0.08759,0.97048,-0.72,1.12,0.17,0.40937,-0.23489,0.01271,0.88152,-0.73,1.11,0.19,0.64059,-0.2047,0.0095,0.74003,-0.74,1.08,0.19,0.64059,-0.2047,0.0095,0.74003,-0.68,1.07,0.11,-0.37226,-0.19147,-0.14034,0.89725,-0.69,1.11,0.14,-0.14203,-0.19202,-0.16975,0.95611,-0.7,1.12,0.17,0.44316,-0.27679,-0.06467,0.85019,-0.71,1.1,0.19,0.72615,-0.29628,0.00958,0.62035,-0.72,1.08,0.18,0.72615,-0.29628,0.00958,0.62035,-0.67,1.07,0.11,-0.2846,-0.13907,-0.37035,0.87321,-0.67,1.09,0.15,-0.27354,-0.14825,-0.27646,0.90927,-0.68,1.11,0.17,0.39619,-0.30844,-0.19375,0.84283,-0.69,1.1,0.18,0.72037,-0.39981,-0.05148,0.56443,-0.7,1.08,0.17,0.72037,-0.39981,-0.05148,0.56443,-0.81,1.08,0.19
-0.79,1.45,-0.15,-0.79,1.45,-0.15,-0.85,1.1,0.11,0.34483,-0.06552,-0.08629,-0.93239,-0.86,1.06,0.06,0.34483,-0.06552,-0.08629,-0.93239,-0.82,1.07,0.09,0.41548,-0.1784,0.57868,-0.67873,-0.8,1.09,0.11,0.18035,0.01303,0.53257,-0.82685,-0.8,1.1,0.14,0.04704,0.05292,0.59846,-0.79802,-0.8,1.1,0.16,0.04704,0.05292,0.59846,-0.79802,-0.84,1.08,0.09,0.34483,-0.06552,-0.08629,-0.93239,-0.83,1.12,0.13,0.08858,-0.07026,-0.03209,-0.99307,-0.82,1.13,0.16,-0.35771,-0.08428,-0.02289,-0.92974,-0.82,1.11,0.18,-0.55331,-0.06079,-0.0121,-0.83067,-0.82,1.09,0.19,-0.55331,-0.06079,-0.0121,-0.83067,-0.85,1.08,0.09,0.34483,-0.06552,-0.08629,-0.93239,-0.85,1.12,0.13,0.10592,-0.0574,-0.09351,-0.9883,-0.85,1.13,0.17,-0.33875,-0.09495,-0.07154,-0.93334,-0.84,1.11,0.19,-0.55431,-0.09587,-0.11139,-0.81923,-0.83,1.09,0.2,-0.55431,-0.09587,-0.11139,-0.81923,-0.87,1.08,0.09,0.34483,-0.06552,-0.08629,-0.93239,-0.87,1.11,0.13,0.13818,-0.04894,-0.14845,-0.978,-0.87,1.12,0.17,-0.33843,-0.13154,-0.14652,-0.92016,-0.86,1.11,0.19,-0.59805,-0.19022,-0.12697,-0.76814,-0.85,1.09,0.19,-0.59805,-0.19022,-0.12697,-0.76814,-0.88,1.07,0.09,0.29106,-0.00555,-0.32377,-0.90024,-0.88,1.1,0.13,0.16264,-0.06291,-0.22423,-0.95881,-0.88,1.11,0.16,-0.29798,-0.14994,-0.2453,-0.91025,-0.88,1.1,0.17,-0.54856,-0.2602,-0.20013,-0.76898,-0.86,1.08,0.18,-0.54856,-0.2602,-0.20013,-0.76898,-0.7,1.09,0.12,-0.37245,-0.1882,-0.14166,0.89766,-0.68,1.05,0.07,-0.37245,-0.1882,-0.14166,0.89766,-0.72,1.07,0.1,-0.47251,-0.17329,0.56857,0.65072,-0.74,1.08,0.11,-0.31289,-0.03754,0.51536,0.79693,-0.76,1.1,0.14,-0.20941,-0.00416,0.59405,0.77668,-0.76,1.1,0.16,-0.20941,-0.00416,0.59405,0.77668,-0.71,1.07,0.1,-0.37245,-0.1882,-0.14166,0.89766,-0.73,1.12,0.13,-0.01433,-0.22741,-0.0069,0.97367,-0.74,1.12,0.16,0.37475,-0.21558,0.05783,0.89985,-0.75,1.1,0.18,0.50384,-0.1774,0.08202,0.8414,-0.75,1.08,0.19,0.50384,-0.1774,0.08202,0.8414,-0.69,1.07,0.1,-0.37245,-0.1882,-0.14166,0.89766,-0.7,1.12,0.13,-0.05873,-0.21554,-0.08907,0.97065,-0.72,1.12,0.17,0.40886,-0.23422,0.01069,0.88196,-0.73,1.1,0.19,0.64073,-0.20458,0.00745,0.73997,-0.74,1.08,0.19,0.64073,-0.20458,0.00745,0.73997,-0.68,1.07,0.11,-0.37245,-0.1882,-0.14166,0.89766,-0.69,1.11,0.14,-0.14355,-0.19003,-0.17134,0.95599,-0.7,1.12,0.17,0.44356,-0.27627,-0.06655,0.85,-0.71,1.1,0.19,0.72767,-0.29634,0.00814,0.61855,-0.72,1.08,0.18,0.72767,-0.29634,0.00814,0.61855,-0.67,1.07,0.11,-0.28526,-0.13591,-0.3718,0.87288,-0.67,1.09,0.15,-0.27521,-0.14679,-0.27742,0.90871,-0.68,1.11,0.17,0.39499,-0.30821,-0.19522,0.84314,-0.69,1.1,0.18,0.72125,-0.40033,-0.05163,0.5629,-0.7,1.08,0.17,0.72125,-0.40033,-0.05163,0.5629,-0.81,1.08,0.19
-0.79,1.45,-0.15,-0.79,1.45,-0.15,-0.85,1.1,0.11,0.34179,-0.0609,-0.07926,-0.93445,-0.86,1.06,0.06,0.34179,-0.0609,-0.07926,-0.93445,-0.82,1.07,0.09,0.40828,-0.179,0.58441,-0.67804,-0.8,1.08,0.11,0.17351,0.01517,0.53852,-0.82441,-0.8,1.09,0.14,0.04096,0.05473,0.60367,-0.7943,-0.8,1.1,0.16,0.04096,0.05473,0.60367,-0.7943,-0.84,1.08,0.09,0.34179,-0.0609,-0.07926,-0.93445,-0.83,1.12,0.13,0.08374,-0.06634,-0.02488,-0.99397,-0.82,1.12,0.17,-0.35932,-0.07742,-0.01843,-0.92981,-0.82,1.11,0.18,-0.55366,-0.05307,-0.0093,-0.831,-0.82,1.09,0.19,-0.55366,-0.05307,-0.0093,-0.831,-0.85,1.08,0.09,0.34179,-0.0609,-0.07926,-0.93445,-0.85,1.12,0.13,0.11027,-0.05057,-0.08808,-0.9887,-0.85,1.13,0.17,-0.32963,-0.0861,-0.07013,-0.93756,-0.84,1.11,0.19,-0.54189,-0.08731,-0.11234,-0.82832,-0.84,1.09,0.2,-0.54189,-0.08731,-0.11234,-0.82832,-0.87,1.08,0.09,0.34179,-0.0609,-0.07926,-0.93445,-0.87,1.11,0.13,0.1389,-0.04193,-0.1428,-0.97906,-0.87,1.12,0.17,-0.33269,-0.12195,-0.14546,-0.92374,-0.86,1.11,0.19,-0.58947,-0.18055,-0.12937,-0.77665,-0.85,1.09,0.19,-0.58947,-0.18055,-0.12937,-0.77665,-0.88,1.07,0.09,0.29002,-2e-05,-0.31704,-0.90298,-0.89,1.1,0.13,0.16184,-0.05611,-0.21836,-0.96072,-0.88,1.11,0.16,-0.28883,-0.13862,-0.24436,-0.91523,-0.88,1.1,0.17,-0.53371,-0.24761,-0.20433,-0.78236,-0.86,1.08,0.18,-0.53371,-0.24761,-0.20433,-0.78236,-0.7,1.09,0.12,-0.37504,-0.1894,-0.14212,0.89625,-0.68,1.05,0.07,-0.37504,-0.1894,-0.14212,0.89625,-0.72,1.07,0.1,-0.47679,-0.17075,0.56655,0.65003,-0.74,1.08,0.11,-0.31898,-0.03709,0.51245,0.79641,-0.76,1.1,0.14,-0.2094,0.0011,0.59089,0.7791,-0.76,1.1,0.16,-0.2094,0.0011,0.59089,0.7791,-0.71,1.07,0.1,-0.37504,-0.1894,-0.14212,0.89625,-0.73,1.12,0.13,-0.01429,-0.23045,-0.00419,0.97297,-0.74,1.12,0.16,0.3711,-0.21755,0.06067,0.90071,-0.75,1.1,0.18,0.49837,-0.17915,0.08456,0.84403,-0.75,1.08,0.19,0.49837,-0.17915,0.08456,0.84403,-0.69,1.07,0.1,-0.37504,-0.1894,-0.14212,0.89625,-0.7,1.12,0.13,-0.06199,-0.21834,-0.08795,0.96992,-0.72,1.12,0.17,0.40565,-0.23621,0.013,0.88288,-0.73,1.1,0.19,0.63883,-0.20603,0.01031,0.74118,-0.74,1.08,0.19,0.63883,-0.20603,0.01031,0.74118,-0.68,1.07,0.11,-0.37504,-0.1894,-0.14212,0.89625,-0.69,1.11,0.14,-0.1474,-0.19263,-0.17097,0.95495,-0.7,1.12,0.17,0.4399,-0.27831,-0.06464,0.85138,-0.71,1.1,0.19,0.72562,-0.29758,0.01103,0.62032,-0.72,1.08,0.18,0.72562,-0.29758,0.01103,0.62032,-0.67,1.07,0.11,-0.28749,-0.13781,-0.3723,0.87164,-0.67,1.09,0.15,-0.27899,-0.14921,-0.27762,0.9071,-0.68,1.11,0.17,0.39081,-0.31041,-0.19385,0.84459,-0.69,1.1,0.18,0.71919,-0.40177,-0.04861,0.56479,-0.7,1.08,0.17,0.71919,-0.40177,-0.04861,0.56479,-0.81,1.08,0.19
-0.79,1.45,-0.15,-0.79,1.45,-0.15,-0.85,1.1,0.11,0.34004,-0.05943,-0.07602,-0.93545,-0.86,1.06,0.06,0.34004,-0.05943,-0.07602,-0.93545,-0.82,1.07,0.09,0.40535,-0.1794,0.58668,-0.67773,-0.8,1.08,0.11,0.17018,0.01623,0.54096,-0.82349,-0.8,1.09,0.14,0.03824,0.05536,0.60582,-0.79276,-0.8,1.1,0.16,0.03824,0.05536,0.60582,-0.79276,-0.84,1.08,0.09,0.34004,-0.05943,-0.07602,-0.93545,-0.83,1.12,0.13,0.08055,-0.06523,-0.02131,-0.99439,-0.82,1.12,0.17,-0.35857,-0.07472,-0.01605,-0.93037,-0.82,1.11,0.18,-0.55227,-0.0499,-0.00764,-0.83213,-0.82,1.09,0.19,-0.55227,-0.0499,-0.00764,-0.83213,-0.85,1.08,0.09,0.34004,-0.05943,-0.07602,-0.93545,-0.85,1.12,0.13,0.11201,-0.04796,-0.08546,-0.98886,-0.85,1.13,0.17,-0.32266,-0.08223,-0.06937,-0.94038,-0.84,1.11,0.19,-0.53121,-0.08356,-0.11263,-0.83555,-0.84,1.09,0.2,-0.53121,-0.08356,-0.11263,-0.83555,-0.87,1.08,0.09,0.34004,-0.05943,-0.07602,-0.93545,-0.87,1.11,0.13,0.1401,-0.03905,-0.14015,-0.97939,-0.87,1.12,0.17,-0.32549,-0.11731,-0.1451,-0.92695,-0.86,1.11,0.19,-0.57875,-0.17573,-0.13095,-0.78551,-0.85,1.09,0.19,-0.57875,-0.17573,-0.13095,-0.78551,-0.88,1.07,0.09,0.28907,0.00196,-0.3139,-0.90438,-0.89,1.1,0.13,0.16084,-0.0536,-0.21553,-0.96167,-0.88,1.11,0.16,-0.27928,-0.13238,-0.24405,-0.91919,-0.88,1.1,0.17,-0.5168,-0.23969,-0.2077,-0.79519,-0.86,1.08,0.18,-0.5168,-0.23969,-0.2077,-0.79519,-0.7,1.09,0.12,-0.37788,-0.19138,-0.14232,0.89461,-0.68,1.05,0.07,-0.37788,-0.19138,-0.14232,0.89461,-0.72,1.07,0.1,-0.48104,-0.16955,0.56514,0.64844,-0.74,1.08,0.11,-0.32449,-0.03735,0.51061,0.79535,-0.76,1.1,0.14,-0.21102,0.00411,0.58895,0.78013,-0.76,1.11,0.16,-0.21102,0.00411,0.58895,0.78013,-0.71,1.07,0.1,-0.37788,-0.19138,-0.14232,0.89461,-0.73,1.12,0.13,-0.01643,-0.23373,-0.00177,0.97216,-0.74,1.12,0.16,0.36785,-0.21976,0.06395,0.90128,-0.75,1.1,0.18,0.49479,-0.18094,0.08794,0.84541,-0.76,1.08,0.19,0.49479,-0.18094,0.08794,0.84541,-0.69,1.07,0.1,-0.37788,-0.19138,-0.14232,0.89461,-0.7,1.12,0.13,-0.06568,-0.22159,-0.08654,0.96907,-0.72,1.12,0.17,0.40245,-0.23844,0.01591,0.8837,-0.73,1.11,0.19,0.63776,-0.20748,0.01396,0.74164,-0.74,1.08,0.19,0.63776,-0.20748,0.01396,0.74164,-0.68,1.07,0.11,-0.37788,-0.19138,-0.14232,0.89461,-0.69,1.11,0.14,-0.1511,-0.19604,-0.17008,0.95384,-0.7,1.12,0.17,0.43678,-0.28073,-0.06172,0.85241,-0.71,1.1,0.19,0.72468,-0.29869,0.01526,0.6208,-0.72,1.08,0.18,0.72468,-0.29869,0.01526,0.6208,-0.67,1.07,0.11,-0.28982,-0.14055,-0.37252,0.87033,-0.67,1.09,0.15,-0.28205,-0.15283,-0.27738,0.90562,-0.68,1.11,0.17,0.38755,-0.31321,-0.19132,0.84564,-0.69,1.1,0.18,0.71826,-0.40319,-0.04404,0.56533,-0.7,1.08,0.17,0.71826,-0.40319,-0.04404,0.56533,-0.81,1.08,0.19
-0.79,1.45,-0.15,-0.79,1.45,-0.15,-0.85,1.1,0.11,0.34031,-0.05952,-0.07789,-0.93519,-0.86,1.06,0.06,0.34031,-0.05952,-0.07789,-0.93519,-0.82,1.07,0.09,0.40628,-0.17794,0.58525,-0.67879,-0.8,1.08,0.11,0.17112,0.01688,0.53901,-0.82456,-0.8,1.09,0.14,0.03896,0.05588,0.60391,-0.79413,-0.8,1.1,0.16,0.03896,0.05588,0.60391,-0.79413,-0.84,1.08,0.09,0.34031,-0.05952,-0.07789,-0.93519,-0.83,1.12,0.13,0.08032,-0.06539,-0.02332,-0.99435,-0.82,1.12,0.17,-0.35715,-0.07568,-0.01792,-0.9308,-0.82,1.11,0.18,-0.55008,-0.05124,-0.00937,-0.83348,-0.82,1.09,0.19,-0.55008,-0.05124,-0.00937,-0.83348,-0.85,1.08,0.09,0.34031,-0.05952,-0.07789,-0.93519,-0.85,1.12,0.13,0.11015,-0.04849,-0.08726,-0.98889,-0.85,1.13,0.17,-0.324,-0.08343,-0.0708,-0.93971,-0.84,1.11,0.19,-0.53146,-0.08488,-0.11371,-0.83511,-0.84,1.09,0.2,-0.53146,-0.08488,-0.11371,-0.83511,-0.87,1.08,0.09,0.34031,-0.05952,-0.07789,-0.93519,-0.87,1.11,0.13,0.13699,-0.04012,-0.14174,-0.97956,-0.87,1.12,0.17,-0.32805,-0.11882,-0.1461,-0.9257,-0.86,1.11,0.19,-0.57946,-0.17722,-0.13172,-0.78451,-0.85,1.09,0.19,-0.57946,-0.17722,-0.13172,-0.78451,-0.88,1.07,0.09,0.28906,0.00175,-0.31569,-0.90376,-0.89,1.1,0.13,0.15782,-0.05548,-0.21698,-0.96173,-0.88,1.11,0.16,-0.27878,-0.13362,-0.24482,-0.91896,-0.88,1.1,0.17,-0.51389,-0.24055,-0.20865,-0.79657,-0.86,1.08,0.18,-0.51389,-0.24055,-0.20865,-0.79657,-0.7,1.09,0.12,-0.37852,-0.19225,-0.1421,0.89419,-0.68,1.05,0.07,-0.37852,-0.19225,-0.1421,0.89419,-0.72,1.07,0.1,-0.48258,-0.16942,0.56455,0.64784,-0.74,1.08,0.11,-0.3265,-0.03779,0.50994,0.79494,-0.76,1.1,0.14,-0.21135,0.00508,0.58824,0.78056,-0.76,1.11,0.16,-0.21135,0.00508,0.58824,0.78056,-0.71,1.07,0.1,-0.37852,-0.19225,-0.1421,0.89419,-0.73,1.12,0.13,-0.01692,-0.23489,-0.00067,0.97188,-0.74,1.12,0.16,0.36637,-0.22048,0.06519,0.90162,-0.75,1.1,0.18,0.49327,-0.1815,0.08921,0.84604,-0.76,1.08,0.19,0.49327,-0.1815,0.08921,0.84604,-0.69,1.07,0.1,-0.37852,-0.19225,-0.1421,0.89419,-0.7,1.12,0.13,-0.06626,-0.22277,-0.08566,0.96884,-0.72,1.12,0.17,0.40239,-0.23907,0.01739,0.88353,-0.73,1.11,0.19,0.63903,-0.20756,0.01579,0.74048,-0.74,1.08,0.19,0.63903,-0.20756,0.01579,0.74048,-0.68,1.07,0.11,-0.37852,-0.19225,-0.1421,0.89419,-0.69,1.11,0.14,-0.15149,-0.1973,-0.16939,0.95364,-0.7,1.12,0.17,0.4371,-0.2814,-0.0602,0.85213,-0.71,1.1,0.19,0.72624,-0.2986,0.01744,0.61896,-0.72,1.08,0.18,0.72624,-0.2986,0.01744,0.61896,-0.67,1.07,0.11,-0.2903,-0.14158,-0.37229,0.8701,-0.67,1.09,0.15,-0.28202,-0.15459,-0.27683,0.9055,-0.68,1.11,0.17,0.38778,-0.31422,-0.1897,0.84552,-0.69,1.1,0.18,0.71956,-0.40337,-0.04145,0.56374,-0.7,1.08,0.17,0.71956,-0.40337,-0.04145,0.56374,-0.81,1.08,0.19
-0.79,1.45,-0.15,-0.79,1.45,-0.15,-0.85,1.1,0.11,0.33734,-0.06098,-0.08091,-0.93591,-0.86,1.06,0.06,0.33734,-0.06098,-0.08091,-0.93591,-0.82,1.07,0.09,0.40639,-0.17973,0.58198,-0.68106,-0.8,1.09,0.11,0.17135,0.01346,0.53627,-0.82636,-0.8,1.1,0.14,0.04078,0.05103,0.60199,-0.79583,-0.8,1.1,0.16,0.04078,0.05103,0.60199,-0.79583,-0.84,1.08,0.09,0.33734,-0.06098,-0.08091,-0.93591,-0.83,1.12,0.13,0.07532,-0.06668,-0.0263,-0.99458,-0.82,1.12,0.17,-0.36074,-0.07798,-0.02018,-0.92918,-0.82,1.11,0.18,-0.55159,-0.0539,-0.01113,-0.8323,-0.82,1.09,0.19,-0.55159,-0.0539,-0.01113,-0.8323,-0.85,1.08,0.09,0.33734,-0.06098,-0.08091,-0.93591,-0.85,1.12,0.13,0.09192,-0.05171,-0.08902,-0.99043,-0.85,1.13,0.17,-0.34649,-0.08726,-0.07056,-0.93132,-0.84,1.11,0.19,-0.5532,-0.08712,-0.11228,-0.82084,-0.84,1.09,0.2,-0.5532,-0.08712,-0.11228,-0.82084,-0.87,1.08,0.09,0.33734,-0.06098,-0.08091,-0.93591,-0.87,1.11,0.13,0.11277,-0.04498,-0.14315,-0.98223,-0.87,1.12,0.17,-0.35186,-0.12295,-0.14545,-0.91647,-0.86,1.1,0.19,-0.59985,-0.1803,-0.1304,-0.76855,-0.85,1.08,0.19,-0.59985,-0.1803,-0.1304,-0.76855,-0.88,1.07,0.09,0.28544,0.001,-0.31832,-0.90399,-0.89,1.1,0.13,0.14018,-0.06172,-0.21873,-0.96369,-0.88,1.11,0.16,-0.29298,-0.1379,-0.24381,-0.91417,-0.88,1.1,0.17,-0.5228,-0.24339,-0.20803,-0.79004,-0.86,1.08,0.18,-0.5228,-0.24339,-0.20803,-0.79004,-0.7,1.09,0.12,-0.37659,-0.19196,-0.14292,0.89493,-0.68,1.05,0.07,-0.37659,-0.19196,-0.14292,0.89493,-0.72,1.07,0.1,-0.48297,-0.17048,0.56218,0.64933,-0.74,1.08,0.11,-0.32633,-0.03934,0.50776,0.79633,-0.76,1.1,0.14,-0.20903,0.00484,0.58616,0.78275,-0.76,1.11,0.16,-0.20903,0.00484,0.58616,0.78275,-0.71,1.07,0.1,-0.37659,-0.19196,-0.14292,0.89493,-0.73,1.12,0.13,-0.01472,-0.23529,-0.00127,0.97181,-0.74,1.12,0.16,0.36776,-0.22107,0.06463,0.90095,-0.75,1.1,0.18,0.49492,-0.18212,0.08886,0.84498,-0.76,1.08,0.19,0.49492,-0.18212,0.08886,0.84498,-0.69,1.07,0.1,-0.37659,-0.19196,-0.14292,0.89493,-0.7,1.12,0.13,-0.06485,-0.22276,-0.0866,0.96885,-0.72,1.12,0.17,0.40315,-0.2395,0.01642,0.88309,-0.73,1.1,0.19,0.63959,-0.20818,0.01499,0.73984,-0.74,1.08,0.19,0.63959,-0.20818,0.01499,0.73984,-0.68,1.07,0.11,-0.37659,-0.19196,-0.14292,0.89493,-0.69,1.11,0.14,-0.15043,-0.1968,-0.17046,0.95372,-0.7,1.12,0.17,0.43735,-0.28154,-0.06157,0.85186,-0.71,1.1,0.19,0.72604,-0.29925,0.01609,0.61892,-0.72,1.08,0.18,0.72604,-0.29925,0.01609,0.61892,-0.67,1.07,0.11,-0.28836,-0.14081,-0.37297,0.87058,-0.67,1.09,0.15,-0.27983,-0.15446,-0.2774,0.90603,-0.68,1.11,0.17,0.38813,-0.31396,-0.19077,0.84521,-0.69,1.1,0.18,0.71948,-0.40361,-0.04268,0.56358,-0.7,1.08,0.17,0.71948,-0.40361,-0.04268,0.56358,-0.81,1.08,0.19
-0.79,1.45,-0.15,-0.79,1.45,-0.15,-0.85,1.1,0.11,0.33305,-0.06113,-0.08357,-0.93721,-0.86,1.06,0.06,0.33305,-0.06113,-0.08357,-0.93721,-0.82,1.07,0.09,0.40705,-0.18277,0.57684,-0.68422,-0.8,1.09,0.11,0.17156,0.00832,0.53207,-0.8291,-0.8,1.1,0.14,0.04187,0.04487,0.59878,-0.79856,-0.8,1.1,0.16,0.04187,0.04487,0.59878,-0.79856,-0.84,1.08,0.09,0.33305,-0.06113,-0.08357,-0.93721,-0.83,1.12,0.13,0.06375,-0.06697,-0.02865,-0.9953,-0.82,1.12,0.17,-0.37199,-0.07898,-0.0222,-0.92461,-0.82,1.11,0.18,-0.55886,-0.05512,-0.01281,-0.82733,-0.82,1.09,0.19,-0.55886,-0.05512,-0.01281,-0.82733,-0.85,1.08,0.09,0.33305,-0.06113,-0.08357,-0.93721,-0.85,1.12,0.13,0.0626,-0.05483,-0.08984,-0.99247,-0.85,1.13,0.17,-0.38626,-0.09098,-0.06881,-0.91531,-0.84,1.11,0.19,-0.59389,-0.08796,-0.109,-0.79226,-0.83,1.08,0.2,-0.59389,-0.08796,-0.109,-0.79226,-0.87,1.08,0.09,0.33305,-0.06113,-0.08357,-0.93721,-0.87,1.11,0.13,0.08306,-0.04917,-0.14404,-0.98485,-0.87,1.12,0.17,-0.38307,-0.1264,-0.14438,-0.90357,-0.86,1.1,0.19,-0.62811,-0.18258,-0.12873,-0.74537,-0.85,1.08,0.19,-0.62811,-0.18258,-0.12873,-0.74537,-0.88,1.07,0.09,0.28086,0.00187,-0.32056,-0.90463,-0.89,1.1,0.13,0.11932,-0.06648,-0.22042,-0.96579,-0.88,1.1,0.16,-0.31219,-0.14114,-0.2431,-0.90748,-0.87,1.09,0.17,-0.53773,-0.24563,-0.20782,-0.77931,-0.86,1.08,0.18,-0.53773,-0.24563,-0.20782,-0.77931,-0.7,1.09,0.12,-0.37066,-0.19016,-0.14449,0.89754,-0.68,1.05,0.07,-0.37066,-0.19016,-0.14449,0.89754,-0.72,1.07,0.1,-0.47888,-0.17386,0.56028,0.65309,-0.74,1.08,0.11,-0.32088,-0.04238,0.50664,0.7991,-0.76,1.1,0.14,-0.20312,0.00149,0.58531,0.78496,-0.76,1.1,0.16,-0.20312,0.00149,0.58531,0.78496,-0.71,1.07,0.1,-0.37066,-0.19016,-0.14449,0.89754,-0.73,1.12,0.13,-0.00699,-0.23471,-0.00301,0.97204,-0.74,1.12,0.16,0.37506,-0.22099,0.06279,0.89808,-0.75,1.1,0.18,0.50202,-0.18223,0.08732,0.84092,-0.76,1.08,0.19,0.50202,-0.18223,0.08732,0.84092,-0.69,1.07,0.1,-0.37066,-0.19016,-0.14449,0.89754,-0.7,1.12,0.14,-0.05894,-0.22142,-0.08877,0.96934,-0.72,1.12,0.17,0.40842,-0.23926,0.01382,0.88077,-0.73,1.1,0.19,0.64373,-0.20829,0.01248,0.73626,-0.74,1.08,0.19,0.64373,-0.20829,0.01248,0.73626,-0.68,1.07,0.11,-0.37066,-0.19016,-0.14449,0.89754,-0.69,1.11,0.14,-0.14557,-0.1945,-0.17265,0.95455,-0.7,1.12,0.18,0.4405,-0.28068,-0.06515,0.85026,-0.71,1.1,0.19,0.72764,-0.29973,0.01216,0.61689,-0.72,1.08,0.18,0.72764,-0.29973,0.01216,0.61689,-0.67,1.07,0.11,-0.28273,-0.1375,-0.37423,0.87242,-0.67,1.09,0.15,-0.2743,-0.15183,-0.27877,0.90774,-0.68,1.11,0.17,0.39042,-0.31178,-0.19452,0.84411,-0.69,1.1,0.18,0.72035,-0.40331,-0.04743,0.5623,-0.7,1.08,0.17,0.72035,-0.40331,-0.04743,0.5623,-0.81,1.08,0.19
-0.79,1.45,-0.15,-0.79,1.45,-0.15,-0.85,1.1,0.11,0.32073,-0.06175,-0.09208,-0.94066,-0.86,1.06,0.06,0.32073,-0.06175,-0.09208,-0.94066,-0.82,1.07,0.09,0.4076,-0.19294,0.5626,-0.69291,-0.8,1.09,0.11,0.17157,-0.00789,0.52093,-0.83614,-0.79,1.09,0.14,0.04083,0.02862,0.59006,-0.80582,-0.79,1.1,0.16,0.04083,0.02862,0.59006,-0.80582,-0.84,1.08,0.09,0.32073,-0.06175,-0.09208,-0.94066,-0.83,1.12,0.13,0.03971,-0.07308,-0.03385,-0.99596,-0.82,1.12,0.17,-0.38577,-0.08588,-0.0252,-0.91824,-0.82,1.1,0.18,-0.56274,-0.06213,-0.0147,-0.82416,-0.82,1.08,0.19,-0.56274,-0.06213,-0.0147,-0.82416,-0.85,1.08,0.09,0.32073,-0.06175,-0.09208,-0.94066,-0.85,1.12,0.13,0.04648,-0.05931,-0.09631,-0.9925,-0.85,1.12,0.17,-0.40545,-0.09803,-0.07212,-0.90598,-0.84,1.1,0.19,-0.61359,-0.09442,-0.11007,-0.77619,-0.83,1.08,0.2,-0.61359,-0.09442,-0.11007,-0.77619,-0.87,1.08,0.09,0.32073,-0.06175,-0.09208,-0.94066,-0.87,1.11,0.13,0.07187,-0.05032,-0.15191,-0.98449,-0.87,1.11,0.17,-0.39966,-0.13169,-0.15009,-0.89465,-0.86,1.1,0.19,-0.644,-0.18904,-0.13248,-0.72937,-0.85,1.08,0.19,-0.644,-0.18904,-0.13248,-0.72937,-0.88,1.07,0.09,0.26755,0.00415,-0.32777,-0.90607,-0.89,1.09,0.13,0.11482,-0.06137,-0.22998,-0.96445,-0.88,1.1,0.16,-0.31868,-0.14113,-0.25335,-0.90241,-0.87,1.09,0.17,-0.54111,-0.24797,-0.21825,-0.77335,-0.86,1.08,0.18,-0.54111,-0.24797,-0.21825,-0.77335,-0.7,1.09,0.12,-0.36536,-0.18943,-0.14122,0.90038,-0.68,1.05,0.07,-0.36536,-0.18943,-0.14122,0.90038,-0.72,1.07,0.1,-0.47344,-0.17882,0.56311,0.65329,-0.74,1.08,0.11,-0.31563,-0.04627,0.51076,0.79835,-0.76,1.09,0.14,-0.19841,-0.00247,0.58952,0.783,-0.76,1.1,0.16,-0.19841,-0.00247,0.58952,0.783,-0.71,1.07,0.1,-0.36536,-0.18943,-0.14122,0.90038,-0.73,1.12,0.13,-0.00081,-0.23335,-2e-05,0.97239,-0.74,1.12,0.16,0.38051,-0.21846,0.06491,0.89626,-0.75,1.1,0.18,0.50704,-0.17937,0.0892,0.83832,-0.76,1.08,0.19,0.50704,-0.17937,0.0892,0.83832,-0.69,1.07,0.1,-0.36536,-0.18943,-0.14122,0.90038,-0.7,1.12,0.14,-0.05438,-0.21956,-0.08612,0.97027,-0.72,1.12,0.17,0.41238,-0.23633,0.01513,0.8797,-0.73,1.1,0.19,0.64676,-0.20487,0.01293,0.73455,-0.74,1.08,0.19,0.64676,-0.20487,0.01293,0.73455,-0.68,1.07,0.11,-0.36536,-0.18943,-0.14122,0.90038,-0.69,1.11,0.14,-0.14101,-0.19264,-0.16962,0.95616,-0.7,1.12,0.18,0.44453,-0.2772,-0.06408,0.84938,-0.71,1.1,0.19,0.7309,-0.29601,0.01172,0.61484,-0.72,1.08,0.18,0.7309,-0.29601,0.01172,0.61484,-0.67,1.07,0.11,-0.27816,-0.13524,-0.37092,0.87564,-0.67,1.09,0.15,-0.26993,-0.15047,-0.27524,0.91035,-0.68,1.11,0.17,0.39372,-0.30777,-0.19339,0.84431,-0.69,1.1,0.18,0.7233,-0.39924,-0.04848,0.56134,-0.7,1.08,0.17,0.7233,-0.39924,-0.04848,0.56134,-0.81,1.08,0.19
-0.79,1.45,-0.15,-0.79,1.45,-0.15,-0.85,1.1,0.11,0.30396,-0.05953,-0.11867,-0.94339,-0.86,1.06,0.06,0.30396,-0.05953,-0.11867,-0.94339,-0.82,1.08,0.09,0.41247,-0.20407,0.53024,-0.71208,-0.8,1.09,0.1,0.17455,-0.03224,0.49152,-0.85259,-0.79,1.1,0.14,0.04525,0.00026,0.56546,-0.82353,-0.79,1.1,0.16,0.04525,0.00026,0.56546,-0.82353,-0.84,1.08,0.09,0.30396,-0.05953,-0.11867,-0.94339,-0.83,1.12,0.13,0.0223,-0.08762,-0.05457,-0.99441,-0.82,1.12,0.17,-0.38518,-0.10665,-0.03979,-0.9158,-0.82,1.1,0.19,-0.55322,-0.08504,-0.02597,-0.82828,-0.82,1.08,0.19,-0.55322,-0.08504,-0.02597,-0.82828,-0.85,1.08,0.09,0.30396,-0.05953,-0.11867,-0.94339,-0.85,1.12,0.13,0.04635,-0.06473,-0.12158,-0.98938,-0.85,1.12,0.18,-0.40948,-0.11477,-0.09156,-0.90043,-0.84,1.1,0.19,-0.62195,-0.11533,-0.12436,-0.76447,-0.83,1.08,0.2,-0.62195,-0.11533,-0.12436,-0.76447,-0.87,1.07,0.09,0.30396,-0.05953,-0.11867,-0.94339,-0.87,1.1,0.13,0.08937,-0.04646,-0.17976,-0.97854,-0.87,1.11,0.17,-0.39802,-0.1452,-0.17361,-0.88902,-0.86,1.09,0.19,-0.6467,-0.20963,-0.14946,-0.71798,-0.85,1.07,0.19,-0.6467,-0.20963,-0.14946,-0.71798,-0.88,1.07,0.09,0.248,0.00967,-0.35176,-0.90259,-0.89,1.09,0.13,0.13118,-0.04279,-0.25954,-0.95582,-0.89,1.1,0.16,-0.31709,-0.14372,-0.28569,-0.89285,-0.88,1.09,0.18,-0.54127,-0.26054,-0.24685,-0.7604,-0.86,1.07,0.18,-0.54127,-0.26054,-0.24685,-0.7604,-0.7,1.09,0.12,-0.35955,-0.18806,-0.13686,0.90367,-0.68,1.05,0.07,-0.35955,-0.18806,-0.13686,0.90367,-0.72,1.07,0.1,-0.4641,-0.184,0.56967,0.65287,-0.74,1.08,0.11,-0.30766,-0.04971,0.51868,0.79615,-0.76,1.09,0.14,-0.19094,-0.00569,0.59719,0.77902,-0.76,1.1,0.16,-0.19094,-0.00569,0.59719,0.77902,-0.71,1.07,0.1,-0.35955,-0.18806,-0.13686,0.90367,-0.73,1.11,0.13,0.00622,-0.23137,0.00411,0.97284,-0.74,1.11,0.16,0.38557,-0.21498,0.06754,0.89474,-0.75,1.1,0.18,0.51178,-0.17549,0.09147,0.83601,-0.75,1.08,0.19,0.51178,-0.17549,0.09147,0.83601,-0.69,1.07,0.1,-0.35955,-0.18806,-0.13686,0.90367,-0.7,1.12,0.14,-0.0503,-0.2168,-0.08277,0.9714,-0.72,1.12,0.17,0.41427,-0.23231,0.01619,0.87986,-0.73,1.1,0.19,0.64724,-0.20071,0.01265,0.73528,-0.74,1.08,0.19,0.64724,-0.20071,0.01265,0.73528,-0.68,1.07,0.11,-0.35955,-0.18806,-0.13686,0.90367,-0.69,1.11,0.14,-0.13599,-0.19008,-0.16554,0.95811,-0.7,1.12,0.18,0.44753,-0.27245,-0.06306,0.84942,-0.71,1.1,0.19,0.73294,-0.29123,0.01056,0.61472,-0.72,1.08,0.18,0.73294,-0.29123,0.01056,0.61472,-0.67,1.07,0.11,-0.27337,-0.13217,-0.3666,0.87943,-0.67,1.09,0.15,-0.26524,-0.14836,-0.27067,0.91344,-0.68,1.11,0.17,0.39556,-0.30209,-0.19257,0.84569,-0.69,1.1,0.18,0.72492,-0.39385,-0.05083,0.56284,-0.7,1.08,0.18,0.72492,-0.39385,-0.05083,0.56284,-0.81,1.08,0.19
-0.79,1.45,-0.15,-0.79,1.45,-0.15,-0.85,1.1,0.11,0.30427,-0.05566,-0.14702,-0.93952,-0.86,1.06,0.06,0.30427,-0.05566,-0.14702,-0.93952,-0.82,1.08,0.09,0.42208,-0.19968,0.50591,-0.72527,-0.8,1.09,0.1,0.18142,-0.03726,0.46541,-0.8655,-0.79,1.1,0.14,0.0518,-0.00781,0.54162,-0.83899,-0.79,1.1,0.16,0.0518,-0.00781,0.54162,-0.83899,-0.84,1.08,0.09,0.30427,-0.05566,-0.14702,-0.93952,-0.83,1.12,0.13,0.02449,-0.09591,-0.08058,-0.99182,-0.83,1.12,0.17,-0.37809,-0.12455,-0.06069,-0.91534,-0.82,1.1,0.19,-0.54353,-0.10644,-0.04378,-0.83146,-0.81,1.08,0.2,-0.54353,-0.10644,-0.04378,-0.83146,-0.85,1.08,0.09,0.30427,-0.05566,-0.14702,-0.93952,-0.86,1.12,0.13,0.06217,-0.0678,-0.15008,-0.98439,-0.85,1.12,0.18,-0.4019,-0.13177,-0.11419,-0.89893,-0.84,1.1,0.19,-0.62128,-0.13842,-0.14144,-0.75819,-0.83,1.08,0.2,-0.62128,-0.13842,-0.14144,-0.75819,-0.87,1.07,0.09,0.30427,-0.05566,-0.14702,-0.93952,-0.87,1.1,0.13,0.10957,-0.04461,-0.20905,-0.97072,-0.87,1.11,0.17,-0.38934,-0.1614,-0.19738,-0.8851,-0.86,1.1,0.19,-0.64306,-0.23332,-0.16532,-0.71042,-0.85,1.08,0.19,-0.64306,-0.23332,-0.16532,-0.71042,-0.88,1.07,0.09,0.24519,0.01229,-0.37852,-0.89244,-0.89,1.09,0.13,0.14044,-0.03796,-0.28821,-0.94645,-0.89,1.1,0.16,-0.31583,-0.15672,-0.31151,-0.88241,-0.88,1.09,0.18,-0.54465,-0.28255,-0.26506,-0.74382,-0.86,1.07,0.18,-0.54465,-0.28255,-0.26506,-0.74382,-0.7,1.09,0.12,-0.35649,-0.18772,-0.13549,0.90516,-0.68,1.05,0.07,-0.35649,-0.18772,-0.13549,0.90516,-0.72,1.07,0.1,-0.45758,-0.18679,0.57434,0.65258,-0.74,1.08,0.11,-0.30132,-0.05071,0.52421,0.79488,-0.76,1.09,0.14,-0.18619,-0.00769,0.60248,0.77608,-0.76,1.1,0.16,-0.18619,-0.00769,0.60248,0.77608,-0.71,1.07,0.1,-0.35649,-0.18772,-0.13549,0.90516,-0.73,1.11,0.13,0.01047,-0.23123,0.00593,0.97283,-0.74,1.11,0.16,0.38949,-0.21404,0.06915,0.89315,-0.75,1.1,0.18,0.51572,-0.17427,0.09312,0.83366,-0.75,1.08,0.19,0.51572,-0.17427,0.09312,0.83366,-0.69,1.07,0.1,-0.35649,-0.18772,-0.13549,0.90516,-0.7,1.11,0.14,-0.04815,-0.21614,-0.08165,0.97175,-0.72,1.12,0.18,0.4154,-0.23118,0.01661,0.87962,-0.73,1.1,0.19,0.64737,-0.19952,0.01263,0.73549,-0.74,1.08,0.19,0.64737,-0.19952,0.01263,0.73549,-0.68,1.07,0.11,-0.35649,-0.18772,-0.13549,0.90516,-0.69,1.11,0.14,-0.13361,-0.18943,-0.16417,0.95881,-0.7,1.12,0.18,0.44818,-0.27093,-0.06288,0.84958,-0.71,1.1,0.19,0.73279,-0.28982,0.00985,0.61557,-0.72,1.08,0.18,0.73279,-0.28982,0.00985,0.61557,-0.67,1.07,0.11,-0.27065,-0.13098,-0.36516,0.88106,-0.67,1.09,0.15,-0.26272,-0.14769,-0.26913,0.91473,-0.68,1.11,0.17,0.39566,-0.29984,-0.1927,0.84641,-0.69,1.1,0.18,0.72442,-0.39191,-0.05253,0.56468,-0.7,1.08,0.18,0.72442,-0.39191,-0.05253,0.56468,-0.81,1.08,0.19
-0.79,1.45,-0.15,-0.79,1.45,-0.15,-0.85,1.1,0.11,0.32763,-0.05032,-0.15751,-0.93023,-0.86,1.06,0.06,0.32763,-0.05032,-0.15751,-0.93023,-0.83,1.08,0.09,0.4355,-0.18025,0.50587,-0.72246,-0.8,1.09,0.1,0.19457,-0.01898,0.45923,-0.86654,-0.8,1.1,0.14,0.06322,0.01066,0.53396,-0.84307,-0.79,1.11,0.16,0.06322,0.01066,0.53396,-0.84307,-0.84,1.08,0.09,0.32763,-0.05032,-0.15751,-0.93023,-0.84,1.12,0.13,0.0497,-0.09368,-0.09159,-0.99013,-0.83,1.12,0.17,-0.35825,-0.12788,-0.07096,-0.9221,-0.82,1.11,0.18,-0.52493,-0.11175,-0.05392,-0.84205,-0.82,1.09,0.2,-0.52493,-0.11175,-0.05392,-0.84205,-0.85,1.08,0.09,0.32763,-0.05032,-0.15751,-0.93023,-0.86,1.12,0.13,0.09479,-0.06666,-0.16134,-0.98007,-0.85,1.13,0.17,-0.37533,-0.13699,-0.12396,-0.90829,-0.84,1.11,0.19,-0.60069,-0.14807,-0.14968,-0.77126,-0.83,1.09,0.2,-0.60069,-0.14807,-0.14968,-0.77126,-0.87,1.07,0.09,0.32763,-0.05032,-0.15751,-0.93023,-0.87,1.11,0.13,0.14285,-0.0431,-0.22074,-0.96385,-0.87,1.12,0.17,-0.35898,-0.16768,-0.20715,-0.89449,-0.86,1.1,0.19,-0.6185,-0.24344,-0.17155,-0.72716,-0.85,1.08,0.19,-0.6185,-0.24344,-0.17155,-0.72716,-0.88,1.07,0.09,0.2676,0.01113,-0.39012,-0.88095,-0.89,1.09,0.13,0.16256,-0.04077,-0.29921,-0.93936,-0.89,1.1,0.16,-0.2937,-0.16611,-0.31985,-0.88535,-0.88,1.09,0.18,-0.52653,-0.29488,-0.26836,-0.75086,-0.86,1.08,0.18,-0.52653,-0.29488,-0.26836,-0.75086,-0.7,1.09,0.12,-0.35651,-0.18883,-0.13686,0.90472,-0.68,1.05,0.07,-0.35651,-0.18883,-0.13686,0.90472,-0.72,1.07,0.1,-0.45507,-0.18682,0.57663,0.65231,-0.74,1.08,0.11,-0.29823,-0.04944,0.52669,0.79449,-0.76,1.09,0.14,-0.18741,-0.00976,0.60493,0.77385,-0.76,1.1,0.16,-0.18741,-0.00976,0.60493,0.77385,-0.71,1.07,0.1,-0.35651,-0.18883,-0.13686,0.90472,-0.73,1.11,0.13,0.01104,-0.23304,0.00557,0.97239,-0.74,1.11,0.16,0.39214,-0.21565,0.07007,0.89152,-0.75,1.1,0.18,0.51934,-0.1756,0.09464,0.83096,-0.75,1.08,0.19,0.51934,-0.1756,0.09464,0.83096,-0.69,1.07,0.1,-0.35651,-0.18883,-0.13686,0.90472,-0.7,1.12,0.14,-0.05006,-0.2178,-0.08274,0.97119,-0.72,1.12,0.17,0.41278,-0.2332,0.01626,0.88032,-0.73,1.1,0.19,0.64443,-0.20181,0.01267,0.73745,-0.74,1.08,0.19,0.64443,-0.20181,0.01267,0.73745,-0.68,1.07,0.11,-0.35651,-0.18883,-0.13686,0.90472,-0.69,1.11,0.14,-0.13463,-0.19121,-0.16511,0.95815,-0.7,1.12,0.18,0.44489,-0.27282,-0.06322,0.85067,-0.71,1.1,0.19,0.72926,-0.2919,0.00996,0.61876,-0.72,1.08,0.18,0.72926,-0.2919,0.00996,0.61876,-0.67,1.07,0.11,-0.27024,-0.13214,-0.36637,0.8805,-0.67,1.09,0.15,-0.2627,-0.1495,-0.27016,0.91414,-0.68,1.11,0.17,0.39221,-0.30123,-0.19328,0.84739,-0.69,1.1,0.18,0.72065,-0.39341,-0.05297,0.56841,-0.7,1.08,0.18,0.72065,-0.39341,-0.05297,0.56841,-0.81,1.08,0.19
-0.79,1.45,-0.15,-0.79,1.45,-0.15,-0.85,1.1,0.11,0.34878,-0.05222,-0.14415,-0.92458,-0.86,1.06,0.06,0.34878,-0.05222,-0.14415,-0.92458,-0.82,1.08,0.09,0.44408,-0.17092,0.52279,-0.7073,-0.8,1.09,0.1,0.20705,-0.0052,0.47335,-0.85618,-0.8,1.1,0.13,0.07297,0.02887,0.54575,-0.83426,-0.79,1.11,0.16,0.07297,0.02887,0.54575,-0.83426,-0.84,1.08,0.09,0.34878,-0.05222,-0.14415,-0.92458,-0.83,1.12,0.13,0.07024,-0.09005,-0.07853,-0.99035,-0.83,1.13,0.17,-0.35041,-0.12051,-0.05899,-0.92694,-0.82,1.11,0.18,-0.52228,-0.10262,-0.04313,-0.84548,-0.82,1.09,0.19,-0.52228,-0.10262,-0.04313,-0.84548,-0.85,1.08,0.09,0.34878,-0.05222,-0.14415,-0.92458,-0.86,1.12,0.13,0.11183,-0.06871,-0.14667,-0.98044,-0.85,1.13,0.17,-0.35515,-0.13152,-0.11077,-0.91886,-0.84,1.11,0.19,-0.58041,-0.14058,-0.1391,-0.78995,-0.83,1.09,0.2,-0.58041,-0.14058,-0.1391,-0.78995,-0.87,1.07,0.09,0.34878,-0.05222,-0.14415,-0.92458,-0.87,1.11,0.13,0.16195,-0.04727,-0.20679,-0.96373,-0.87,1.12,0.17,-0.33368,-0.16322,-0.19417,-0.90792,-0.86,1.11,0.19,-0.59489,-0.23539,-0.16111,-0.75149,-0.85,1.09,0.19,-0.59489,-0.23539,-0.16111,-0.75149,-0.88,1.07,0.09,0.28966,0.00435,-0.37895,-0.87891,-0.89,1.09,0.13,0.18397,-0.04675,-0.28582,-0.9393,-0.89,1.1,0.16,-0.27264,-0.16617,-0.30599,-0.8969,-0.88,1.1,0.18,-0.50799,-0.29061,-0.25493,-0.76974,-0.86,1.08,0.18,-0.50799,-0.29061,-0.25493,-0.76974,-0.7,1.09,0.12,-0.35337,-0.19183,-0.13668,0.90535,-0.68,1.05,0.07,-0.35337,-0.19183,-0.13668,0.90535,-0.72,1.07,0.1,-0.452,-0.19036,0.57873,0.65156,-0.74,1.08,0.11,-0.29354,-0.05097,0.52999,0.79394,-0.76,1.09,0.14,-0.18698,-0.01448,0.60836,0.77119,-0.76,1.1,0.16,-0.18698,-0.01448,0.60836,0.77119,-0.71,1.07,0.1,-0.35337,-0.19183,-0.13668,0.90535,-0.73,1.11,0.13,0.01588,-0.23703,0.00846,0.97134,-0.74,1.11,0.16,0.39651,-0.21807,0.07434,0.88865,-0.75,1.1,0.18,0.52412,-0.17727,0.09959,0.82701,-0.76,1.08,0.19,0.52412,-0.17727,0.09959,0.82701,-0.69,1.07,0.1,-0.35337,-0.19183,-0.13668,0.90535,-0.71,1.12,0.14,-0.04913,-0.22068,-0.08188,0.97066,-0.72,1.12,0.17,0.41302,-0.23534,0.01827,0.8796,-0.73,1.1,0.19,0.64436,-0.20335,0.01517,0.73703,-0.74,1.08,0.19,0.64436,-0.20335,0.01517,0.73703,-0.68,1.07,0.11,-0.35337,-0.19183,-0.13668,0.90535,-0.69,1.11,0.14,-0.13415,-0.19359,-0.16466,0.95782,-0.7,1.12,0.18,0.44466,-0.27446,-0.06164,0.85038,-0.71,1.1,0.19,0.72857,-0.29288,0.01186,0.61908,-0.72,1.08,0.18,0.72857,-0.29288,0.01186,0.61908,-0.67,1.07,0.11,-0.2666,-0.1343,-0.36583,0.88151,-0.67,1.09,0.15,-0.26071,-0.15135,-0.26983,0.9145,-0.68,1.11,0.17,0.3931,-0.30206,-0.19218,0.84693,-0.69,1.1,0.18,0.7212,-0.39363,-0.05171,0.56767,-0.7,1.08,0.18,0.7212,-0.39363,-0.05171,0.56767,-0.81,1.08,0.19
-0.79,1.45,-0.15,-0.79,1.45,-0.15,-0.85,1.1,0.11,0.35136,-0.05582,-0.12978,-0.92552,-0.86,1.06,0.06,0.35136,-0.05582,-0.12978,-0.92552,-0.82,1.07,0.09,0.43945,-0.17374,0.53758,-0.69837,-0.8,1.09,0.1,0.20429,-0.00233,0.48923,-0.84789,-0.79,1.1,0.14,0.06914,0.03468,0.56014,-0.82478,-0.79,1.1,0.16,0.06914,0.03468,0.56014,-0.82478,-0.84,1.08,0.09,0.35136,-0.05582,-0.12978,-0.92552,-0.83,1.12,0.13,0.0714,-0.08779,-0.06461,-0.99147,-0.83,1.13,0.17,-0.36168,-0.11329,-0.04584,-0.92426,-0.82,1.11,0.18,-0.53924,-0.09327,-0.03038,-0.83642,-0.82,1.09,0.19,-0.53924,-0.09327,-0.03038,-0.83642,-0.85,1.07,0.09,0.35136,-0.05582,-0.12978,-0.92552,-0.85,1.12,0.13,0.1005,-0.07265,-0.12955,-0.98379,-0.85,1.13,0.17,-0.35114,-0.12535,-0.09594,-0.92292,-0.84,1.11,0.19,-0.56749,-0.13036,-0.1272,-0.80298,-0.83,1.09,0.2,-0.56749,-0.13036,-0.1272,-0.80298,-0.87,1.07,0.09,0.35136,-0.05582,-0.12978,-0.92552,-0.87,1.11,0.13,0.15571,-0.0527,-0.19031,-0.96786,-0.87,1.12,0.17,-0.32257,-0.15604,-0.18029,-0.91602,-0.86,1.11,0.19,-0.57735,-0.22341,-0.15202,-0.77048,-0.85,1.09,0.19,-0.57735,-0.22341,-0.15202,-0.77048,-0.88,1.07,0.09,0.29341,0.00073,-0.36553,-0.88334,-0.89,1.09,0.13,0.18423,-0.05178,-0.27048,-0.94352,-0.89,1.1,0.16,-0.27159,-0.16274,-0.29078,-0.90288,-0.88,1.09,0.18,-0.50331,-0.28147,-0.24326,-0.77992,-0.86,1.08,0.18,-0.50331,-0.28147,-0.24326,-0.77992,-0.7,1.09,0.12,-0.35059,-0.1941,-0.13671,0.90594,-0.68,1.05,0.07,-0.35059,-0.1941,-0.13671,0.90594,-0.72,1.07,0.1,-0.45183,-0.19362,0.57782,0.65152,-0.74,1.08,0.11,-0.291,-0.05287,0.53019,0.79462,-0.76,1.09,0.14,-0.18576,-0.01753,0.60874,0.77111,-0.76,1.1,0.16,-0.18576,-0.01753,0.60874,0.77111,-0.71,1.07,0.1,-0.35059,-0.1941,-0.13671,0.90594,-0.73,1.11,0.13,0.02157,-0.24172,0.01249,0.97003,-0.74,1.11,0.16,0.39928,-0.22087,0.07936,0.88628,-0.75,1.1,0.18,0.52584,-0.17938,0.10492,0.82481,-0.76,1.08,0.19,0.52584,-0.17938,0.10492,0.82481,-0.69,1.07,0.1,-0.35059,-0.1941,-0.13671,0.90594,-0.71,1.12,0.14,-0.04928,-0.22276,-0.08173,0.97019,-0.72,1.12,0.17,0.41373,-0.23709,0.01966,0.87877,-0.73,1.1,0.19,0.6467,-0.20442,0.01733,0.73464,-0.74,1.08,0.19,0.6467,-0.20442,0.01733,0.73464,-0.68,1.07,0.11,-0.35059,-0.1941,-0.13671,0.90594,-0.69,1.11,0.14,-0.13401,-0.1952,-0.16467,0.95751,-0.7,1.12,0.18,0.44776,-0.27595,-0.05978,0.8484,-0.72,1.1,0.19,0.73292,-0.29324,0.0149,0.6137,-0.72,1.08,0.18,0.73292,-0.29324,0.0149,0.6137,-0.67,1.07,0.11,-0.26342,-0.13585,-0.36555,0.88234,-0.67,1.09,0.15,-0.25838,-0.15251,-0.26976,0.91499,-0.68,1.11,0.17,0.39508,-0.30266,-0.19149,0.84595,-0.69,1.1,0.18,0.72369,-0.39386,-0.05019,0.56447,-0.7,1.08,0.18,0.72369,-0.39386,-0.05019,0.56447,-0.81,1.08,0.19
-0.79,1.45,-0.15,-0.79,1.45,-0.15,-0.85,1.09,0.11,0.33965,-0.05864,-0.11536,-0.93161,-0.86,1.06,0.06,0.33965,-0.05864,-0.11536,-0.93161,-0.82,1.07,0.09,0.42099,-0.18304,0.55302,-0.69529,-0.8,1.08,0.11,0.18738,-0.00474,0.50776,-0.84086,-0.79,1.09,0.14,0.05565,0.03155,0.57774,-0.81371,-0.79,1.1,0.16,0.05565,0.03155,0.57774,-0.81371,-0.84,1.08,0.09,0.33965,-0.05864,-0.11536,-0.93161,-0.83,1.12,0.13,0.0562,-0.08438,-0.05142,-0.99352,-0.82,1.12,0.17,-0.37766,-0.10425,-0.03534,-0.91938,-0.82,1.1,0.18,-0.55462,-0.08222,-0.0213,-0.82776,-0.82,1.08,0.19,-0.55462,-0.08222,-0.0213,-0.82776,-0.85,1.07,0.09,0.33965,-0.05864,-0.11536,-0.93161,-0.85,1.12,0.13,0.0771,-0.07271,-0.11387,-0.98783,-0.85,1.12,0.17,-0.36437,-0.11724,-0.08318,-0.92009,-0.84,1.1,0.19,-0.57198,-0.11802,-0.11706,-0.80325,-0.83,1.08,0.2,-0.57198,-0.11802,-0.11706,-0.80325,-0.87,1.07,0.09,0.33965,-0.05864,-0.11536,-0.93161,-0.87,1.1,0.13,0.1355,-0.05363,-0.17465,-0.97379,-0.87,1.12,0.17,-0.33426,-0.14708,-0.16787,-0.91568,-0.86,1.1,0.19,-0.58185,-0.21008,-0.14446,-0.7723,-0.85,1.08,0.2,-0.58185,-0.21008,-0.14446,-0.7723,-0.88,1.07,0.09,0.28341,0.00154,-0.35115,-0.8924,-0.89,1.09,0.13,0.17069,-0.05188,-0.25546,-0.95022,-0.89,1.1,0.16,-0.28371,-0.15414,-0.27794,-0.90471,-0.88,1.09,0.18,-0.51109,-0.26836,-0.23544,-0.78188,-0.86,1.08,0.18,-0.51109,-0.26836,-0.23544,-0.78188,-0.7,1.09,0.12,-0.36324,-0.20552,-0.13933,0.898,-0.68,1.05,0.07,-0.36324,-0.20552,-0.13933,0.898,-0.72,1.07,0.09,-0.46932,-0.19544,0.57336,0.6425,-0.75,1.08,0.11,-0.30713,-0.05576,0.52658,0.79074,-0.76,1.09,0.14,-0.20197,-0.01883,0.60595,0.76921,-0.77,1.1,0.16,-0.20197,-0.01883,0.60595,0.76921,-0.71,1.07,0.09,-0.36324,-0.20552,-0.13933,0.898,-0.73,1.12,0.13,0.01541,-0.25869,0.02406,0.96554,-0.75,1.12,0.16,0.38836,-0.23265,0.09564,0.88651,-0.75,1.1,0.17,0.51201,-0.18922,0.12176,0.82899,-0.76,1.08,0.18,0.51201,-0.18922,0.12176,0.82899,-0.69,1.07,0.1,-0.36324,-0.20552,-0.13933,0.898,-0.71,1.12,0.13,-0.06364,-0.23558,-0.07994,0.96647,-0.73,1.12,0.17,0.40382,-0.24761,0.02854,0.88023,-0.74,1.1,0.19,0.64757,-0.21176,0.03036,0.73136,-0.74,1.08,0.19,0.64757,-0.21176,0.03036,0.73136,-0.68,1.07,0.11,-0.36324,-0.20552,-0.13933,0.898,-0.69,1.11,0.14,-0.14856,-0.20786,-0.16524,0.95259,-0.7,1.12,0.17,0.44298,-0.28759,-0.04955,0.8477,-0.72,1.1,0.19,0.73779,-0.29913,0.03246,0.60427,-0.73,1.08,0.18,0.73779,-0.29913,0.03246,0.60427,-0.67,1.07,0.11,-0.27309,-0.15068,-0.36801,0.87595,-0.68,1.09,0.15,-0.27021,-0.16473,-0.27254,0.90861,-0.68,1.11,0.17,0.38584,-0.31544,-0.18453,0.84709,-0.69,1.1,0.18,0.72219,-0.4022,-0.034,0.56171,-0.7,1.08,0.17,0.72219,-0.4022,-0.034,0.56171,-0.81,1.08,0.19
-0.79,1.45,-0.15,-0.79,1.45,-0.15,-0.85,1.09,0.11,0.33773,-0.05949,-0.11151,-0.93272,-0.86,1.06,0.06,0.33773,-0.05949,-0.11151,-0.93272,-0.82,1.07,0.09,0.41313,-0.18268,0.5607,-0.69395,-0.8,1.08,0.11,0.18092,-0.00156,0.51531,-0.83769,-0.8,1.09,0.14,0.05455,0.03133,0.58492,-0.80865,-0.79,1.1,0.16,0.05455,0.03133,0.58492,-0.80865,-0.84,1.08,0.09,0.33773,-0.05949,-0.11151,-0.93272,-0.83,1.11,0.13,0.05367,-0.08231,-0.04869,-0.99397,-0.82,1.12,0.17,-0.3782,-0.10107,-0.03399,-0.91956,-0.82,1.1,0.18,-0.55482,-0.07881,-0.02063,-0.82797,-0.82,1.08,0.19,-0.55482,-0.07881,-0.02063,-0.82797,-0.85,1.07,0.09,0.33773,-0.05949,-0.11151,-0.93272,-0.85,1.11,0.13,0.07488,-0.07176,-0.11036,-0.98847,-0.85,1.12,0.17,-0.3578,-0.11405,-0.08152,-0.92322,-0.84,1.1,0.19,-0.56074,-0.11459,-0.11657,-0.8117,-0.83,1.08,0.2,-0.56074,-0.11459,-0.11657,-0.8117,-0.87,1.07,0.09,0.33773,-0.05949,-0.11151,-0.93272,-0.87,1.1,0.13,0.13391,-0.05313,-0.17088,-0.9747,-0.87,1.11,0.17,-0.32981,-0.14374,-0.16568,-0.91822,-0.86,1.1,0.19,-0.57374,-0.20583,-0.1441,-0.77954,-0.85,1.08,0.2,-0.57374,-0.20583,-0.1441,-0.77954,-0.88,1.07,0.09,0.28189,0.00135,-0.34736,-0.89436,-0.89,1.09,0.13,0.16976,-0.05188,-0.25142,-0.95146,-0.89,1.1,0.16,-0.28209,-0.1514,-0.27478,-0.90664,-0.88,1.09,0.18,-0.50762,-0.26424,-0.23385,-0.78601,-0.86,1.08,0.19,-0.50762,-0.26424,-0.23385,-0.78601,-0.7,1.1,0.12,-0.37892,-0.21277,-0.1408,0.88957,-0.68,1.05,0.07,-0.37892,-0.21277,-0.1408,0.88957,-0.72,1.07,0.09,-0.4839,-0.19404,0.57265,0.63266,-0.75,1.08,0.11,-0.32068,-0.05413,0.52607,0.7858,-0.76,1.1,0.13,-0.21509,-0.0154,0.60555,0.76604,-0.77,1.1,0.16,-0.21509,-0.0154,0.60555,0.76604,-0.71,1.07,0.09,-0.37892,-0.21277,-0.1408,0.88957,-0.73,1.12,0.12,0.00773,-0.27117,0.03665,0.9618,-0.75,1.12,0.16,0.37608,-0.24011,0.11103,0.88803,-0.76,1.1,0.17,0.49623,-0.19514,0.1368,0.83484,-0.76,1.08,0.18,0.49623,-0.19514,0.1368,0.83484,-0.69,1.07,0.1,-0.37892,-0.21277,-0.1408,0.88957,-0.71,1.12,0.13,-0.08023,-0.24469,-0.07764,0.96315,-0.73,1.13,0.17,0.39377,-0.25451,0.03665,0.88251,-0.74,1.11,0.18,0.64961,-0.21541,0.04202,0.7279,-0.74,1.08,0.19,0.64961,-0.21541,0.04202,0.7279,-0.68,1.07,0.1,-0.37892,-0.21277,-0.1408,0.88957,-0.69,1.11,0.14,-0.16501,-0.21665,-0.16536,0.94789,-0.7,1.12,0.17,0.43601,-0.29573,-0.04121,0.84896,-0.72,1.11,0.18,0.74135,-0.30217,0.04717,0.59739,-0.73,1.08,0.18,0.74135,-0.30217,0.04717,0.59739,-0.67,1.07,0.11,-0.28671,-0.16216,-0.36975,0.86879,-0.68,1.1,0.15,-0.28487,-0.17263,-0.27489,0.90193,-0.68,1.11,0.17,0.37594,-0.32523,-0.17925,0.84898,-0.69,1.1,0.18,0.72138,-0.40839,-0.01985,0.55896,-0.71,1.09,0.17,0.72138,-0.40839,-0.01985,0.55896,-0.81,1.08,0.19
-0.79,1.45,-0.15,-0.79,1.45,-0.15,-0.85,1.09,0.11,0.3377,-0.06161,-0.10865,-0.93293,-0.86,1.06,0.06,0.3377,-0.06161,-0.10865,-0.93293,-0.82,1.07,0.09,0.40988,-0.18303,0.5657,-0.69173,-0.8,1.08,0.11,0.17899,-0.00032,0.52044,-0.83493,-0.8,1.09,0.14,0.05848,0.02886,0.59024,-0.80459,-0.79,1.1,0.16,0.05848,0.02886,0.59024,-0.80459,-0.84,1.08,0.09,0.3377,-0.06161,-0.10865,-0.93293,-0.83,1.12,0.13,0.0614,-0.08352,-0.04598,-0.99355,-0.82,1.12,0.17,-0.36103,-0.10086,-0.0321,-0.92653,-0.82,1.1,0.19,-0.53831,-0.07833,-0.01944,-0.83887,-0.82,1.08,0.2,-0.53831,-0.07833,-0.01944,-0.83887,-0.85,1.07,0.09,0.3377,-0.06161,-0.10865,-0.93293,-0.85,1.12,0.13,0.08798,-0.07104,-0.10844,-0.98765,-0.85,1.12,0.17,-0.33368,-0.11171,-0.08149,-0.93249,-0.84,1.11,0.19,-0.53402,-0.11355,-0.11764,-0.82951,-0.83,1.09,0.21,-0.53402,-0.11355,-0.11764,-0.82951,-0.87,1.07,0.09,0.3377,-0.06161,-0.10865,-0.93293,-0.87,1.1,0.13,0.14772,-0.05175,-0.1688,-0.97314,-0.87,1.12,0.17,-0.31,-0.14096,-0.16512,-0.92562,-0.86,1.1,0.19,-0.55353,-0.20317,-0.14448,-0.79464,-0.85,1.08,0.2,-0.55353,-0.20317,-0.14448,-0.79464,-0.88,1.07,0.09,0.28182,-0.00062,-0.3446,-0.89545,-0.89,1.09,0.13,0.17748,-0.05153,-0.24833,-0.95088,-0.89,1.1,0.16,-0.27301,-0.14976,-0.27251,-0.91037,-0.88,1.09,0.18,-0.50056,-0.26235,-0.23154,-0.79184,-0.86,1.08,0.19,-0.50056,-0.26235,-0.23154,-0.79184,-0.7,1.1,0.12,-0.37412,-0.21464,-0.13542,0.89198,-0.68,1.05,0.07,-0.37412,-0.21464,-0.13542,0.89198,-0.72,1.07,0.09,-0.47347,-0.20666,0.58254,0.62751,-0.75,1.08,0.11,-0.30744,-0.06041,0.54024,0.78101,-0.76,1.09,0.14,-0.20163,-0.02052,0.61911,0.7587,-0.77,1.1,0.16,-0.20163,-0.02052,0.61911,0.7587,-0.71,1.07,0.09,-0.37412,-0.21464,-0.13542,0.89198,-0.73,1.12,0.13,0.02835,-0.27567,0.0531,0.95936,-0.75,1.11,0.16,0.38651,-0.23868,0.1258,0.88194,-0.76,1.1,0.17,0.50001,-0.19256,0.15022,0.83087,-0.76,1.08,0.18,0.50001,-0.19256,0.15022,0.83087,-0.69,1.07,0.1,-0.37412,-0.21464,-0.13542,0.89198,-0.71,1.12,0.13,-0.07864,-0.24618,-0.07146,0.96338,-0.73,1.13,0.17,0.39796,-0.2527,0.04354,0.88083,-0.74,1.11,0.18,0.65684,-0.21082,0.04885,0.72231,-0.74,1.08,0.19,0.65684,-0.21082,0.04885,0.72231,-0.68,1.07,0.11,-0.37412,-0.21464,-0.13542,0.89198,-0.69,1.11,0.14,-0.16635,-0.21559,-0.16133,0.94859,-0.71,1.12,0.17,0.43956,-0.29269,-0.03727,0.84837,-0.72,1.11,0.18,0.74728,-0.29723,0.05068,0.59217,-0.73,1.08,0.18,0.74728,-0.29723,0.05068,0.59217,-0.67,1.07,0.11,-0.28239,-0.16253,-0.36434,0.87241,-0.68,1.1,0.15,-0.28202,-0.17028,-0.27044,0.90461,-0.68,1.11,0.17,0.38155,-0.32069,-0.17692,0.84869,-0.69,1.1,0.18,0.72805,-0.40325,-0.01901,0.55404,-0.71,1.09,0.17,0.72805,-0.40325,-0.01901,0.55404,-0.81,1.08,0.19
-0.79,1.45,-0.15,-0.79,1.45,-0.15,-0.85,1.09,0.11,0.34223,-0.06146,-0.11454,-0.93058,-0.86,1.06,0.06,0.34223,-0.06146,-0.11454,-0.93058,-0.82,1.07,0.09,0.41441,-0.17863,0.56226,-0.69298,-0.8,1.08,0.11,0.18153,0.00343,0.51562,-0.83736,-0.8,1.09,0.14,0.06585,0.02839,0.58602,-0.80712,-0.79,1.1,0.16,0.06585,0.02839,0.58602,-0.80712,-0.84,1.08,0.09,0.34223,-0.06146,-0.11454,-0.93058,-0.83,1.12,0.13,0.08953,-0.08475,-0.05372,-0.99092,-0.82,1.12,0.17,-0.31318,-0.105,-0.04086,-0.94299,-0.82,1.11,0.19,-0.49082,-0.08438,-0.02904,-0.86668,-0.82,1.09,0.2,-0.49082,-0.08438,-0.02904,-0.86668,-0.85,1.07,0.09,0.34223,-0.06146,-0.11454,-0.93058,-0.85,1.12,0.13,0.11881,-0.06893,-0.11656,-0.98364,-0.85,1.13,0.17,-0.28943,-0.11221,-0.09139,-0.9462,-0.84,1.11,0.19,-0.4857,-0.11838,-0.12798,-0.85656,-0.83,1.09,0.21,-0.4857,-0.11838,-0.12798,-0.85656,-0.87,1.07,0.09,0.34223,-0.06146,-0.11454,-0.93058,-0.87,1.11,0.13,0.18156,-0.04758,-0.1766,-0.96622,-0.87,1.12,0.17,-0.26331,-0.13973,-0.17492,-0.93837,-0.86,1.11,0.19,-0.50261,-0.20464,-0.15467,-0.82558,-0.85,1.09,0.2,-0.50261,-0.20464,-0.15467,-0.82558,-0.88,1.07,0.1,0.28545,-0.00185,-0.35045,-0.89202,-0.89,1.09,0.13,0.19926,-0.04818,-0.25423,-0.94517,-0.89,1.1,0.16,-0.23583,-0.14672,-0.28105,-0.91862,-0.88,1.1,0.18,-0.45574,-0.25919,-0.2418,-0.81649,-0.86,1.08,0.19,-0.45574,-0.25919,-0.2418,-0.81649,-0.7,1.09,0.12,-0.36009,-0.20918,-0.13093,0.89969,-0.68,1.05,0.07,-0.36009,-0.20918,-0.13093,0.89969,-0.72,1.07,0.1,-0.45297,-0.21995,0.59148,0.62975,-0.75,1.08,0.11,-0.28398,-0.06733,0.55338,0.78012,-0.76,1.09,0.14,-0.17828,-0.02778,0.63155,0.75405,-0.77,1.09,0.16,-0.17828,-0.02778,0.63155,0.75405,-0.71,1.07,0.1,-0.36009,-0.20918,-0.13093,0.89969,-0.73,1.11,0.13,0.05788,-0.27352,0.06325,0.95804,-0.75,1.11,0.16,0.40057,-0.23412,0.13093,0.87612,-0.76,1.09,0.17,0.50655,-0.18839,0.15353,0.82725,-0.76,1.07,0.18,0.50655,-0.18839,0.15353,0.82725,-0.69,1.07,0.1,-0.36009,-0.20918,-0.13093,0.89969,-0.71,1.12,0.14,-0.07096,-0.23955,-0.07038,0.96573,-0.73,1.12,0.17,0.40518,-0.24631,0.0411,0.87947,-0.74,1.1,0.19,0.66321,-0.20486,0.04471,0.71846,-0.74,1.08,0.19,0.66321,-0.20486,0.04471,0.71846,-0.68,1.07,0.11,-0.36009,-0.20918,-0.13093,0.89969,-0.69,1.11,0.14,-0.16142,-0.20567,-0.16053,0.95177,-0.7,1.12,0.18,0.44543,-0.28413,-0.04265,0.84797,-0.72,1.1,0.19,0.75224,-0.29138,0.04222,0.58945,-0.73,1.08,0.18,0.75224,-0.29138,0.04222,0.58945,-0.67,1.07,0.11,-0.27043,-0.15318,-0.35972,0.87978,-0.68,1.09,0.15,-0.27221,-0.15694,-0.26759,0.91086,-0.68,1.11,0.17,0.39152,-0.30773,-0.18387,0.84747,-0.69,1.1,0.18,0.73576,-0.39509,-0.03182,0.54913,-0.7,1.08,0.17,0.73576,-0.39509,-0.03182,0.54913,-0.81,1.08,0.19
-0.79,1.45,-0.15,-0.79,1.45,-0.15,-0.85,1.09,0.11,0.33021,-0.06563,-0.12539,-0.93324,-0.86,1.06,0.06,0.33021,-0.06563,-0.12539,-0.93324,-0.82,1.07,0.09,0.41546,-0.18742,0.54809,-0.70133,-0.8,1.08,0.11,0.17497,-0.00685,0.50458,-0.84542,-0.79,1.09,0.14,0.06998,0.00903,0.57746,-0.81336,-0.79,1.1,0.16,0.06998,0.00903,0.57746,-0.81336,-0.84,1.08,0.09,0.33021,-0.06563,-0.12539,-0.93324,-0.83,1.12,0.13,0.11208,-0.09226,-0.06602,-0.9872,-0.82,1.12,0.17,-0.24923,-0.11505,-0.05418,-0.96006,-0.82,1.11,0.19,-0.42066,-0.09686,-0.04335,-0.90099,-0.81,1.1,0.2,-0.42066,-0.09686,-0.04335,-0.90099,-0.85,1.07,0.09,0.33021,-0.06563,-0.12539,-0.93324,-0.85,1.12,0.13,0.11572,-0.07467,-0.12635,-0.98238,-0.85,1.13,0.17,-0.26315,-0.11837,-0.10157,-0.95206,-0.84,1.11,0.2,-0.43959,-0.1259,-0.13783,-0.87859,-0.83,1.09,0.21,-0.43959,-0.1259,-0.13783,-0.87859,-0.87,1.07,0.09,0.33021,-0.06563,-0.12539,-0.93324,-0.87,1.1,0.13,0.19239,-0.04746,-0.18778,-0.96201,-0.87,1.12,0.17,-0.21545,-0.13801,-0.18929,-0.948,-0.86,1.11,0.19,-0.42901,-0.2033,-0.17249,-0.86305,-0.85,1.09,0.21,-0.42901,-0.2033,-0.17249,-0.86305,-0.88,1.07,0.1,0.27138,-0.00322,-0.35973,-0.89271,-0.88,1.09,0.13,0.21994,-0.04117,-0.26407,-0.93819,-0.89,1.1,0.16,-0.17245,-0.13354,-0.29723,-0.92956,-0.88,1.1,0.18,-0.35413,-0.23905,-0.26801,-0.86349,-0.87,1.09,0.19,-0.35413,-0.23905,-0.26801,-0.86349,-0.7,1.09,0.12,-0.34521,-0.20595,-0.13239,0.90603,-0.68,1.05,0.07,-0.34521,-0.20595,-0.13239,0.90603,-0.72,1.07,0.1,-0.43475,-0.23151,0.59542,0.63473,-0.75,1.07,0.11,-0.26364,-0.07516,0.5607,0.78132,-0.76,1.08,0.14,-0.15999,-0.03789,0.6387,0.75169,-0.77,1.09,0.16,-0.15999,-0.03789,0.6387,0.75169,-0.71,1.07,0.1,-0.34521,-0.20595,-0.13239,0.90603,-0.73,1.11,0.13,0.08273,-0.27442,0.06532,0.95582,-0.75,1.11,0.16,0.40708,-0.23597,0.12883,0.87293,-0.76,1.09,0.18,0.50413,-0.19191,0.14971,0.82862,-0.76,1.07,0.19,0.50413,-0.19191,0.14971,0.82862,-0.69,1.07,0.1,-0.34521,-0.20595,-0.13239,0.90603,-0.71,1.11,0.14,-0.05808,-0.23678,-0.07337,0.96705,-0.73,1.12,0.18,0.41537,-0.24522,0.03663,0.87521,-0.74,1.1,0.19,0.66953,-0.20466,0.03994,0.71292,-0.74,1.08,0.19,0.66953,-0.20466,0.03994,0.71292,-0.68,1.07,0.11,-0.34521,-0.20595,-0.13239,0.90603,-0.69,1.1,0.14,-0.15087,-0.19976,-0.16385,0.95419,-0.7,1.12,0.18,0.45418,-0.28095,-0.04938,0.84401,-0.72,1.1,0.19,0.75686,-0.29107,0.03398,0.58419,-0.72,1.08,0.18,0.75686,-0.29107,0.03398,0.58419,-0.67,1.07,0.11,-0.25637,-0.14611,-0.36042,0.88489,-0.68,1.09,0.15,-0.25871,-0.14712,-0.26965,0.91581,-0.68,1.11,0.17,0.40201,-0.29992,-0.19271,0.84338,-0.69,1.1,0.18,0.74051,-0.39219,-0.0452,0.54386,-0.7,1.08,0.18,0.74051,-0.39219,-0.0452,0.54386,-0.81,1.08,0.19
-0.79,1.45,-0.15,-0.79,1.45,-0.15,-0.85,1.09,0.11,0.30738,-0.06619,-0.12786,-0.94063,-0.86,1.06,0.06,0.30738,-0.06619,-0.12786,-0.94063,-0.82,1.07,0.09,0.40763,-0.2005,0.53571,-0.71179,-0.8,1.08,0.11,0.16017,-0.02058,0.4968,-0.85271,-0.79,1.09,0.14,0.06291,-0.01153,0.5713,-0.81824,-0.79,1.1,0.16,0.06291,-0.01153,0.5713,-0.81824,-0.83,1.08,0.09,0.30738,-0.06619,-0.12786,-0.94063,-0.83,1.11,0.13,0.09445,-0.09383,-0.06917,-0.98868,-0.82,1.12,0.17,-0.23682,-0.11537,-0.06027,-0.9628,-0.82,1.11,0.19,-0.39024,-0.09719,-0.05204,-0.91409,-0.81,1.1,0.21,-0.39024,-0.09719,-0.05204,-0.91409,-0.85,1.07,0.09,0.30738,-0.06619,-0.12786,-0.94063,-0.85,1.11,0.13,0.07475,-0.07817,-0.12645,-0.98606,-0.85,1.12,0.18,-0.28747,-0.11951,-0.1023,-0.94478,-0.84,1.11,0.2,-0.4435,-0.12362,-0.1389,-0.87677,-0.83,1.09,0.21,-0.4435,-0.12362,-0.1389,-0.87677,-0.87,1.07,0.09,0.30738,-0.06619,-0.12786,-0.94063,-0.87,1.1,0.14,0.16858,-0.04588,-0.18957,-0.9662,-0.87,1.11,0.17,-0.22245,-0.13313,-0.19396,-0.94614,-0.86,1.11,0.19,-0.41544,-0.19619,-0.18132,-0.86951,-0.85,1.09,0.21,-0.41544,-0.19619,-0.18132,-0.86951,-0.88,1.07,0.09,0.24868,0.00196,-0.36044,-0.89902,-0.88,1.09,0.13,0.21412,-0.03271,-0.2655,-0.93946,-0.89,1.1,0.16,-0.15122,-0.11752,-0.30404,-0.93321,-0.88,1.09,0.18,-0.30344,-0.21592,-0.28327,-0.88378,-0.87,1.09,0.2,-0.30344,-0.21592,-0.28327,-0.88378,-0.7,1.09,0.12,-0.34077,-0.19995,-0.13484,0.90869,-0.68,1.05,0.07,-0.34077,-0.19995,-0.13484,0.90869,-0.72,1.07,0.1,-0.42898,-0.23152,0.59377,0.64017,-0.75,1.07,0.11,-0.25698,-0.07515,0.55888,0.78483,-0.76,1.08,0.14,-0.15691,-0.04188,0.63695,0.7536,-0.77,1.09,0.16,-0.15691,-0.04188,0.63695,0.7536,-0.71,1.07,0.1,-0.34077,-0.19995,-0.13484,0.90869,-0.73,1.11,0.13,0.04802,-0.27363,0.04832,0.95942,-0.75,1.11,0.16,0.34953,-0.24502,0.10538,0.89816,-0.76,1.09,0.18,0.44346,-0.20488,0.1238,0.86374,-0.76,1.08,0.19,0.44346,-0.20488,0.1238,0.86374,-0.69,1.07,0.1,-0.34077,-0.19995,-0.13484,0.90869,-0.71,1.11,0.14,-0.05669,-0.23119,-0.07858,0.96807,-0.73,1.12,0.18,0.40811,-0.2431,0.02692,0.87956,-0.74,1.1,0.19,0.65799,-0.20674,0.02882,0.72352,-0.74,1.08,0.19,0.65799,-0.20674,0.02882,0.72352,-0.68,1.07,0.11,-0.34077,-0.19995,-0.13484,0.90869,-0.69,1.1,0.15,-0.14566,-0.19261,-0.16796,0.95576,-0.7,1.12,0.18,0.45139,-0.27705,-0.05939,0.84615,-0.72,1.1,0.19,0.75035,-0.29218,0.02151,0.59258,-0.72,1.08,0.18,0.75035,-0.29218,0.02151,0.59258,-0.67,1.07,0.11,-0.25292,-0.13905,-0.36283,0.88603,-0.68,1.09,0.15,-0.25385,-0.13772,-0.27297,0.91765,-0.68,1.11,0.17,0.39826,-0.29274,-0.20373,0.8451,-0.69,1.1,0.19,0.73224,-0.39082,-0.06153,0.55435,-0.7,1.08,0.18,0.73224,-0.39082,-0.06153,0.55435,-0.81,1.08,0.19
-0.79,1.45,-0.16,-0.79,1.45,-0.16,-0.85,1.09,0.11,0.29769,-0.06434,-0.13136,-0.94339,-0.86,1.06,0.06,0.29769,-0.06434,-0.13136,-0.94339,-0.82,1.07,0.09,0.40453,-0.20392,0.52807,-0.71827,-0.8,1.09,0.1,0.15475,-0.02586,0.4903,-0.85732,-0.79,1.09,0.14,0.05803,-0.01806,0.56538,-0.82259,-0.79,1.1,0.16,0.05803,-0.01806,0.56538,-0.82259,-0.83,1.08,0.09,0.29769,-0.06434,-0.13136,-0.94339,-0.83,1.11,0.13,0.06124,-0.09356,-0.07081,-0.9912,-0.82,1.12,0.17,-0.26125,-0.11428,-0.06297,-0.95641,-0.82,1.11,0.19,-0.40173,-0.09546,-0.0557,-0.90907,-0.81,1.09,0.2,-0.40173,-0.09546,-0.0557,-0.90907,-0.85,1.07,0.09,0.29769,-0.06434,-0.13136,-0.94339,-0.85,1.11,0.13,0.02957,-0.08245,-0.1266,-0.98808,-0.84,1.12,0.18,-0.32966,-0.12291,-0.10101,-0.9306,-0.84,1.1,0.2,-0.48022,-0.12389,-0.13665,-0.85754,-0.83,1.08,0.21,-0.48022,-0.12389,-0.13665,-0.85754,-0.87,1.07,0.09,0.29769,-0.06434,-0.13136,-0.94339,-0.87,1.1,0.13,0.13813,-0.04785,-0.19173,-0.9705,-0.87,1.11,0.17,-0.25381,-0.13492,-0.19547,-0.93764,-0.86,1.1,0.19,-0.44321,-0.19738,-0.18337,-0.85498,-0.85,1.09,0.21,-0.44321,-0.19738,-0.18337,-0.85498,-0.88,1.07,0.09,0.23915,0.00607,-0.36308,-0.90052,-0.88,1.09,0.13,0.20082,-0.03271,-0.2681,-0.94166,-0.89,1.1,0.16,-0.16231,-0.11683,-0.30644,-0.93065,-0.88,1.09,0.18,-0.31138,-0.21485,-0.28676,-0.88014,-0.87,1.09,0.19,-0.31138,-0.21485,-0.28676,-0.88014,-0.7,1.09,0.12,-0.33911,-0.18973,-0.13443,0.91156,-0.68,1.05,0.07,-0.33911,-0.18973,-0.13443,0.91156,-0.72,1.07,0.1,-0.43208,-0.22917,0.58536,0.64664,-0.75,1.08,0.11,-0.25907,-0.07569,0.54936,0.79079,-0.76,1.09,0.14,-0.1634,-0.04705,0.62826,0.7592,-0.77,1.09,0.16,-0.1634,-0.04705,0.62826,0.7592,-0.71,1.07,0.1,-0.33911,-0.18973,-0.13443,0.91156,-0.73,1.11,0.13,-0.0276,-0.26339,0.01678,0.96415,-0.75,1.11,0.17,0.24593,-0.2494,0.06335,0.93451,-0.76,1.1,0.18,0.33772,-0.21513,0.07739,0.91306,-0.76,1.09,0.2,0.33772,-0.21513,0.07739,0.91306,-0.69,1.07,0.1,-0.33911,-0.18973,-0.13443,0.91156,-0.71,1.11,0.14,-0.0588,-0.21985,-0.08302,0.97021,-0.72,1.12,0.18,0.38954,-0.23552,0.01302,0.89029,-0.73,1.1,0.19,0.63135,-0.20598,0.01088,0.74757,-0.74,1.08,0.2,0.63135,-0.20598,0.01088,0.74757,-0.68,1.07,0.11,-0.33911,-0.18973,-0.13443,0.91156,-0.69,1.1,0.15,-0.13675,-0.1818,-0.16903,0.959,-0.7,1.12,0.18,0.43912,-0.26719,-0.07299,0.85467,-0.71,1.1,0.19,0.73246,-0.28982,0.00172,0.61603,-0.72,1.08,0.19,0.73246,-0.28982,0.00172,0.61603,-0.67,1.07,0.11,-0.25343,-0.1284,-0.36298,0.88743,-0.67,1.09,0.15,-0.25017,-0.1285,-0.27277,0.92005,-0.68,1.11,0.18,0.3853,-0.28145,-0.21427,0.8523,-0.69,1.1,0.19,0.71407,-0.3852,-0.08131,0.57889,-0.7,1.08,0.18,0.71407,-0.3852,-0.08131,0.57889,-0.81,1.08,0.19
-0.79,1.45,-0.16,-0.79,1.45,-0.16,-0.85,1.1,0.11,0.3058,-0.05877,-0.14245,-0.93954,-0.86,1.06,0.06,0.3058,-0.05877,-0.14245,-0.93954,-0.82,1.08,0.09,0.40991,-0.19181,0.5222,-0.72284,-0.8,1.09,0.1,0.15904,-0.01657,0.48029,-0.86241,-0.8,1.1,0.14,0.05659,-0.00625,0.55494,-0.82994,-0.79,1.1,0.16,0.05659,-0.00625,0.55494,-0.82994,-0.84,1.08,0.09,0.3058,-0.05877,-0.14245,-0.93954,-0.83,1.12,0.13,0.01406,-0.09451,-0.07625,-0.9925,-0.83,1.12,0.17,-0.31957,-0.11665,-0.06626,-0.93802,-0.82,1.1,0.19,-0.45859,-0.09785,-0.05669,-0.88143,-0.81,1.09,0.2,-0.45859,-0.09785,-0.05669,-0.88143,-0.85,1.08,0.09,0.3058,-0.05877,-0.14245,-0.93954,-0.85,1.11,0.13,0.02287,-0.08371,-0.13671,-0.9868,-0.85,1.12,0.17,-0.338,-0.12794,-0.10963,-0.92594,-0.84,1.1,0.19,-0.49015,-0.12995,-0.144,-0.84978,-0.83,1.08,0.21,-0.49015,-0.12995,-0.144,-0.84978,-0.87,1.07,0.09,0.3058,-0.05877,-0.14245,-0.93954,-0.87,1.1,0.13,0.12919,-0.04925,-0.20234,-0.96951,-0.87,1.11,0.17,-0.26341,-0.14038,-0.20449,-0.93225,-0.86,1.1,0.19,-0.45325,-0.20469,-0.1909,-0.8463,-0.85,1.09,0.2,-0.45325,-0.20469,-0.1909,-0.8463,-0.88,1.07,0.09,0.24666,0.00905,-0.37425,-0.89387,-0.89,1.09,0.13,0.19122,-0.03643,-0.2794,-0.94023,-0.89,1.1,0.16,-0.17624,-0.12539,-0.31482,-0.92418,-0.88,1.09,0.18,-0.32813,-0.22594,-0.29316,-0.8691,-0.87,1.09,0.19,-0.32813,-0.22594,-0.29316,-0.8691,-0.7,1.09,0.12,-0.33775,-0.18728,-0.12305,0.91417,-0.68,1.05,0.07,-0.33775,-0.18728,-0.12305,0.91417,-0.72,1.06,0.1,-0.43091,-0.227,0.59001,0.64395,-0.75,1.07,0.11,-0.25878,-0.07227,0.5536,0.78825,-0.76,1.08,0.14,-0.16186,-0.04237,0.63191,0.75677,-0.77,1.09,0.16,-0.16186,-0.04237,0.63191,0.75677,-0.71,1.07,0.1,-0.33775,-0.18728,-0.12305,0.91417,-0.73,1.11,0.13,-0.00794,-0.24627,0.02238,0.96891,-0.75,1.11,0.17,0.27398,-0.23032,0.06596,0.93142,-0.75,1.1,0.18,0.36378,-0.19558,0.07859,0.90732,-0.76,1.08,0.2,0.36378,-0.19558,0.07859,0.90732,-0.69,1.07,0.1,-0.33775,-0.18728,-0.12305,0.91417,-0.71,1.11,0.14,-0.05552,-0.21262,-0.07378,0.97276,-0.72,1.12,0.18,0.3931,-0.22486,0.01784,0.8914,-0.73,1.1,0.19,0.62704,-0.1949,0.01135,0.75413,-0.74,1.08,0.2,0.62704,-0.1949,0.01135,0.75413,-0.68,1.07,0.11,-0.33775,-0.18728,-0.12305,0.91417,-0.69,1.1,0.15,-0.13492,-0.17728,-0.15822,0.96194,-0.7,1.12,0.18,0.43775,-0.25699,-0.0681,0.85889,-0.71,1.1,0.19,0.72602,-0.27928,-5e-05,0.62841,-0.72,1.08,0.19,0.72602,-0.27928,-5e-05,0.62841,-0.67,1.07,0.11,-0.25417,-0.12517,-0.35236,0.89195,-0.67,1.09,0.15,-0.25124,-0.12926,-0.26059,0.92318,-0.68,1.11,0.17,0.3807,-0.27337,-0.20607,0.85899,-0.69,1.09,0.19,0.70645,-0.37408,-0.08127,0.59531,-0.7,1.08,0.18,0.70645,-0.37408,-0.08127,0.59531,-0.81,1.08,0.19
-0.79,1.45,-0.16,-0.79,1.45,-0.16,-0.85,1.1,0.11,0.32141,-0.0583,-0.13922,-0.93483,-0.86,1.06,0.06,0.32141,-0.0583,-0.13922,-0.93483,-0.83,1.08,0.09,0.41607,-0.18164,0.5308,-0.71564,-0.8,1.09,0.11,0.16777,-0.00466,0.48549,-0.85798,-0.8,1.1,0.14,0.05991,0.00996,0.55872,-0.82713,-0.8,1.1,0.16,0.05991,0.00996,0.55872,-0.82713,-0.84,1.08,0.09,0.32141,-0.0583,-0.13922,-0.93483,-0.83,1.12,0.13,0.02246,-0.09323,-0.07222,-0.99277,-0.83,1.12,0.17,-0.33225,-0.11568,-0.06032,-0.93412,-0.82,1.11,0.18,-0.47607,-0.09628,-0.04985,-0.8727,-0.82,1.09,0.2,-0.47607,-0.09628,-0.04985,-0.8727,-0.85,1.08,0.09,0.32141,-0.0583,-0.13922,-0.93483,-0.85,1.12,0.13,0.04259,-0.0835,-0.13342,-0.98662,-0.85,1.12,0.17,-0.31869,-0.1267,-0.10675,-0.93327,-0.84,1.11,0.19,-0.47327,-0.12956,-0.14161,-0.85976,-0.83,1.09,0.21,-0.47327,-0.12956,-0.14161,-0.85976,-0.87,1.07,0.09,0.32141,-0.0583,-0.13922,-0.93483,-0.87,1.11,0.13,0.144,-0.05145,-0.19892,-0.96801,-0.87,1.12,0.17,-0.25087,-0.14196,-0.20008,-0.93642,-0.86,1.11,0.19,-0.4462,-0.20631,-0.18527,-0.85089,-0.85,1.09,0.2,-0.4462,-0.20631,-0.18527,-0.85089,-0.88,1.07,0.09,0.26241,0.00567,-0.37236,-0.8902,-0.89,1.09,0.13,0.1933,-0.04239,-0.27695,-0.94028,-0.89,1.1,0.16,-0.19336,-0.13623,-0.30858,-0.92132,-0.88,1.1,0.18,-0.36134,-0.24044,-0.28207,-0.85561,-0.87,1.09,0.19,-0.36134,-0.24044,-0.28207,-0.85561,-0.7,1.09,0.12,-0.34299,-0.18724,-0.09725,0.91534,-0.68,1.05,0.07,-0.34299,-0.18724,-0.09725,0.91534,-0.72,1.06,0.1,-0.42688,-0.22333,0.60993,0.62919,-0.75,1.07,0.11,-0.25969,-0.06383,0.57324,0.77452,-0.76,1.08,0.14,-0.15517,-0.02535,0.64924,0.74415,-0.77,1.09,0.17,-0.15517,-0.02535,0.64924,0.74415,-0.71,1.07,0.1,-0.34299,-0.18724,-0.09725,0.91534,-0.73,1.11,0.13,0.01734,-0.23359,0.05301,0.97073,-0.75,1.11,0.17,0.31393,-0.20725,0.09518,0.92165,-0.75,1.09,0.18,0.40387,-0.16914,0.10711,0.89264,-0.76,1.08,0.2,0.40387,-0.16914,0.10711,0.89264,-0.69,1.07,0.1,-0.34299,-0.18724,-0.09725,0.91534,-0.71,1.11,0.14,-0.06071,-0.20563,-0.04885,0.97552,-0.72,1.12,0.18,0.38847,-0.20747,0.03661,0.89706,-0.73,1.1,0.19,0.6204,-0.17392,0.02419,0.76438,-0.74,1.08,0.2,0.6204,-0.17392,0.02419,0.76438,-0.68,1.07,0.11,-0.34299,-0.18724,-0.09725,0.91534,-0.69,1.1,0.14,-0.14545,-0.17366,-0.13319,0.96486,-0.7,1.12,0.18,0.43207,-0.24039,-0.04922,0.86782,-0.71,1.1,0.19,0.72306,-0.25741,0.01101,0.64094,-0.72,1.07,0.19,0.72306,-0.25741,0.01101,0.64094,-0.67,1.07,0.11,-0.26285,-0.12559,-0.32836,0.89851,-0.67,1.09,0.15,-0.26182,-0.13165,-0.23494,0.92678,-0.68,1.11,0.17,0.37622,-0.26073,-0.18442,0.86975,-0.69,1.1,0.18,0.70881,-0.35379,-0.0667,0.6066,-0.7,1.08,0.18,0.70881,-0.35379,-0.0667,0.6066,-0.81,1.08,0.19
-0.79,1.45,-0.16,-0.79,1.45,-0.16,-0.85,1.1,0.11,0.32845,-0.05865,-0.1273,-0.93406,-0.86,1.06,0.06,0.32845,-0.05865,-0.1273,-0.93406,-0.83,1.07,0.09,0.41396,-0.17971,0.54454,-0.70698,-0.8,1.09,0.11,0.16933,0.00138,0.49859,-0.85014,-0.8,1.1,0.14,0.062,0.01705,0.57068,-0.81865,-0.8,1.1,0.16,0.062,0.01705,0.57068,-0.81865,-0.84,1.08,0.09,0.32845,-0.05865,-0.1273,-0.93406,-0.83,1.12,0.13,0.03378,-0.08991,-0.06089,-0.99351,-0.83,1.12,0.17,-0.33229,-0.10943,-0.04967,-0.93549,-0.82,1.11,0.19,-0.48349,-0.08885,-0.0394,-0.86994,-0.82,1.09,0.2,-0.48349,-0.08885,-0.0394,-0.86994,-0.85,1.07,0.09,0.32845,-0.05865,-0.1273,-0.93406,-0.85,1.12,0.13,0.05803,-0.08089,-0.12185,-0.98754,-0.85,1.12,0.17,-0.30476,-0.12029,-0.0969,-0.93982,-0.84,1.11,0.19,-0.46204,-0.12268,-0.13318,-0.86818,-0.83,1.09,0.21,-0.46204,-0.12268,-0.13318,-0.86818,-0.87,1.07,0.09,0.32845,-0.05865,-0.1273,-0.93406,-0.87,1.1,0.13,0.15144,-0.05255,-0.18635,-0.96932,-0.87,1.12,0.17,-0.24783,-0.13891,-0.1877,-0.94024,-0.86,1.11,0.19,-0.44959,-0.20161,-0.17302,-0.85281,-0.85,1.09,0.2,-0.44959,-0.20161,-0.17302,-0.85281,-0.88,1.07,0.09,0.27084,0.00398,-0.36164,-0.8921,-0.89,1.09,0.13,0.18609,-0.04774,-0.2653,-0.94483,-0.89,1.1,0.16,-0.2175,-0.14088,-0.2943,-0.91991,-0.88,1.09,0.18,-0.39896,-0.246,-0.26506,-0.84265,-0.87,1.08,0.19,-0.39896,-0.246,-0.26506,-0.84265,-0.7,1.09,0.12,-0.34749,-0.18257,-0.08856,0.91547,-0.68,1.05,0.07,-0.34749,-0.18257,-0.08856,0.91547,-0.72,1.06,0.1,-0.42576,-0.2174,0.61647,0.62564,-0.75,1.07,0.11,-0.25999,-0.05628,0.5784,0.77116,-0.76,1.08,0.14,-0.14714,-0.01044,0.65284,0.743,-0.76,1.09,0.17,-0.14714,-0.01044,0.65284,0.743,-0.71,1.07,0.1,-0.34749,-0.18257,-0.08856,0.91547,-0.73,1.11,0.13,0.0258,-0.22668,0.06419,0.97151,-0.75,1.11,0.17,0.32906,-0.19629,0.10526,0.91767,-0.75,1.09,0.18,0.42048,-0.1568,0.11696,0.88596,-0.76,1.08,0.2,0.42048,-0.1568,0.11696,0.88596,-0.69,1.07,0.1,-0.34749,-0.18257,-0.08856,0.91547,-0.71,1.11,0.14,-0.06762,-0.20011,-0.04133,0.97656,-0.72,1.12,0.18,0.38232,-0.19926,0.04075,0.90137,-0.73,1.1,0.19,0.61551,-0.16536,0.02588,0.77015,-0.74,1.08,0.2,0.61551,-0.16536,0.02588,0.77015,-0.68,1.07,0.11,-0.34749,-0.18257,-0.08856,0.91547,-0.69,1.1,0.14,-0.15753,-0.16981,-0.12545,0.96468,-0.7,1.12,0.18,0.42335,-0.23339,-0.0445,0.87426,-0.71,1.1,0.19,0.71807,-0.24947,0.01319,0.64958,-0.72,1.08,0.19,0.71807,-0.24947,0.01319,0.64958,-0.67,1.07,0.11,-0.26939,-0.12182,-0.32069,0.89986,-0.67,1.09,0.15,-0.27152,-0.12906,-0.22654,0.92645,-0.68,1.11,0.17,0.36918,-0.25456,-0.17922,0.87567,-0.69,1.1,0.18,0.7075,-0.34633,-0.06328,0.61277,-0.7,1.08,0.18,0.7075,-0.34633,-0.06328,0.61277,-0.81,1.08,0.19
-0.79,1.45,-0.16,-0.79,1.45,-0.16,-0.85,1.09,0.11,0.33405,-0.06381,-0.11752,-0.93302,-0.86,1.06,0.06,0.33405,-0.06381,-0.11752,-0.93302,-0.83,1.07,0.09,0.41667,-0.17931,0.55332,-0.69862,-0.8,1.08,0.11,0.17752,0.00246,0.50712,-0.84339,-0.8,1.09,0.14,0.07181,0.01881,0.5791,-0.81187,-0.79,1.1,0.16,0.07181,0.01881,0.5791,-0.81187,-0.84,1.08,0.09,0.33405,-0.06381,-0.11752,-0.93302,-0.83,1.12,0.13,0.03956,-0.09211,-0.04967,-0.99372,-0.82,1.12,0.17,-0.34087,-0.10811,-0.03678,-0.93315,-0.82,1.1,0.18,-0.49391,-0.08547,-0.02635,-0.8649,-0.82,1.09,0.2,-0.49391,-0.08547,-0.02635,-0.8649,-0.85,1.07,0.09,0.33405,-0.06381,-0.11752,-0.93302,-0.85,1.12,0.13,0.0633,-0.0845,-0.11029,-0.98828,-0.85,1.12,0.17,-0.31111,-0.12051,-0.08346,-0.939,-0.84,1.11,0.19,-0.4739,-0.12076,-0.11968,-0.86401,-0.83,1.09,0.21,-0.4739,-0.12076,-0.11968,-0.86401,-0.87,1.07,0.09,0.33405,-0.06381,-0.11752,-0.93302,-0.87,1.1,0.13,0.1447,-0.06086,-0.17406,-0.97214,-0.87,1.12,0.17,-0.26771,-0.14352,-0.17174,-0.93714,-0.86,1.1,0.19,-0.47815,-0.20343,-0.15548,-0.84013,-0.85,1.09,0.2,-0.47815,-0.20343,-0.15548,-0.84013,-0.88,1.07,0.09,0.27659,-0.00214,-0.35265,-0.89394,-0.89,1.09,0.13,0.17164,-0.06045,-0.25411,-0.9499,-0.89,1.1,0.16,-0.24929,-0.15148,-0.27716,-0.91547,-0.88,1.09,0.18,-0.44372,-0.25617,-0.24396,-0.82339,-0.86,1.08,0.19,-0.44372,-0.25617,-0.24396,-0.82339,-0.7,1.09,0.12,-0.3472,-0.17991,-0.08903,0.91606,-0.68,1.05,0.07,-0.3472,-0.17991,-0.08903,0.91606,-0.72,1.06,0.1,-0.42452,-0.21705,0.616,0.62707,-0.75,1.07,0.11,-0.25685,-0.05467,0.57802,0.77262,-0.76,1.08,0.14,-0.13728,-0.00364,0.65175,0.7459,-0.76,1.09,0.17,-0.13728,-0.00364,0.65175,0.7459,-0.71,1.07,0.1,-0.3472,-0.17991,-0.08903,0.91606,-0.73,1.11,0.13,0.03075,-0.22777,0.06726,0.9709,-0.75,1.11,0.17,0.33111,-0.19655,0.10798,0.91656,-0.75,1.09,0.18,0.42183,-0.15684,0.11965,0.88496,-0.76,1.07,0.2,0.42183,-0.15684,0.11965,0.88496,-0.69,1.07,0.1,-0.3472,-0.17991,-0.08903,0.91606,-0.71,1.11,0.14,-0.06957,-0.19957,-0.0416,0.97653,-0.72,1.12,0.18,0.38115,-0.19891,0.04039,0.90196,-0.73,1.1,0.19,0.61566,-0.16506,0.02555,0.77011,-0.74,1.08,0.2,0.61566,-0.16506,0.02555,0.77011,-0.68,1.07,0.11,-0.3472,-0.17991,-0.08903,0.91606,-0.69,1.1,0.14,-0.16072,-0.16922,-0.12572,0.96422,-0.7,1.12,0.18,0.42271,-0.23328,-0.04443,0.8746,-0.71,1.1,0.19,0.71914,-0.24921,0.01368,0.64849,-0.72,1.08,0.19,0.71914,-0.24921,0.01368,0.64849,-0.67,1.07,0.11,-0.26958,-0.11911,-0.32128,0.89996,-0.67,1.09,0.15,-0.27169,-0.12868,-0.22643,0.92648,-0.68,1.11,0.17,0.3692,-0.25424,-0.17933,0.87572,-0.69,1.1,0.18,0.7103,-0.34623,-0.06212,0.60971,-0.7,1.08,0.18,0.7103,-0.34623,-0.06212,0.60971,-0.81,1.08,0.19
-0.79,1.45,-0.16,-0.79,1.45,-0.16,-0.85,1.09,0.11,0.34139,-0.06903,-0.11704,-0.93005,-0.86,1.06,0.06,0.34139,-0.06903,-0.11704,-0.93005,-0.82,1.07,0.09,0.42402,-0.17461,0.55462,-0.69435,-0.8,1.08,0.11,0.19071,0.0038,0.50661,-0.84081,-0.8,1.09,0.14,0.08514,0.02121,0.57896,-0.81062,-0.79,1.1,0.16,0.08514,0.02121,0.57896,-0.81062,-0.84,1.07,0.09,0.34139,-0.06903,-0.11704,-0.93005,-0.83,1.12,0.13,0.04144,-0.09569,-0.04772,-0.9934,-0.82,1.12,0.17,-0.35482,-0.1113,-0.03171,-0.92775,-0.82,1.1,0.18,-0.50793,-0.0877,-0.02025,-0.85669,-0.81,1.08,0.19,-0.50793,-0.0877,-0.02025,-0.85669,-0.85,1.07,0.09,0.34139,-0.06903,-0.11704,-0.93005,-0.85,1.11,0.13,0.06011,-0.09056,-0.1075,-0.98825,-0.84,1.12,0.17,-0.33558,-0.1268,-0.07577,-0.93036,-0.84,1.1,0.19,-0.50687,-0.12482,-0.11021,-0.84579,-0.83,1.08,0.2,-0.50687,-0.12482,-0.11021,-0.84579,-0.87,1.07,0.09,0.34139,-0.06903,-0.11704,-0.93005,-0.87,1.1,0.13,0.12593,-0.07166,-0.17036,-0.97467,-0.87,1.11,0.17,-0.30936,-0.15495,-0.16098,-0.92432,-0.86,1.1,0.19,-0.52945,-0.21262,-0.14095,-0.80908,-0.84,1.08,0.2,-0.52945,-0.21262,-0.14095,-0.80908,-0.88,1.07,0.09,0.28273,-0.00912,-0.3525,-0.89204,-0.88,1.09,0.13,0.15793,-0.07373,-0.25182,-0.95195,-0.88,1.1,0.16,-0.28472,-0.16746,-0.26655,-0.90545,-0.87,1.09,0.18,-0.49188,-0.27275,-0.22709,-0.79504,-0.86,1.08,0.18,-0.49188,-0.27275,-0.22709,-0.79504,-0.7,1.09,0.12,-0.34495,-0.17922,-0.09086,0.91686,-0.68,1.05,0.07,-0.34495,-0.17922,-0.09086,0.91686,-0.72,1.06,0.1,-0.4252,-0.22087,0.61236,0.62884,-0.75,1.07,0.11,-0.25666,-0.05933,0.57532,0.77435,-0.76,1.08,0.14,-0.13184,-0.00393,0.64935,0.74897,-0.76,1.09,0.17,-0.13184,-0.00393,0.64935,0.74897,-0.71,1.07,0.1,-0.34495,-0.17922,-0.09086,0.91686,-0.73,1.11,0.13,0.03377,-0.23064,0.06793,0.97008,-0.75,1.11,0.17,0.33007,-0.19944,0.10868,0.91622,-0.75,1.09,0.18,0.41883,-0.15992,0.12023,0.88575,-0.76,1.07,0.2,0.41883,-0.15992,0.12023,0.88575,-0.69,1.07,0.1,-0.34495,-0.17922,-0.09086,0.91686,-0.71,1.11,0.14,-0.06815,-0.20026,-0.04311,0.97642,-0.72,1.12,0.18,0.38449,-0.20009,0.03982,0.9003,-0.73,1.1,0.19,0.62114,-0.16582,0.0257,0.76552,-0.74,1.08,0.2,0.62114,-0.16582,0.0257,0.76552,-0.68,1.07,0.11,-0.34495,-0.17922,-0.09086,0.91686,-0.69,1.1,0.14,-0.15798,-0.16963,-0.12703,0.96443,-0.7,1.12,0.18,0.42927,-0.23443,-0.0443,0.87109,-0.71,1.1,0.19,0.72668,-0.2497,0.01494,0.63982,-0.72,1.08,0.19,0.72668,-0.2497,0.01494,0.63982,-0.67,1.07,0.11,-0.26728,-0.1179,-0.32291,0.90022,-0.67,1.09,0.15,-0.26843,-0.12867,-0.22782,0.92709,-0.68,1.11,0.17,0.37271,-0.25491,-0.18031,0.87384,-0.69,1.1,0.18,0.71423,-0.34728,-0.062,0.60451,-0.7,1.08,0.18,0.71423,-0.34728,-0.062,0.60451,-0.81,1.08,0.19
-0.79,1.45,-0.16,-0.79,1.45,-0.16,-0.85,1.09,0.11,0.34773,-0.07037,-0.13727,-0.92482,-0.86,1.05,0.06,0.34773,-0.07037,-0.13727,-0.92482,-0.82,1.07,0.09,0.43108,-0.16437,0.54337,-0.70136,-0.8,1.09,0.11,0.19719,0.00867,0.49182,-0.84803,-0.8,1.1,0.14,0.08991,0.02576,0.56462,-0.82004,-0.79,1.1,0.16,0.08991,0.02576,0.56462,-0.82004,-0.84,1.08,0.09,0.34773,-0.07037,-0.13727,-0.92482,-0.83,1.12,0.13,0.03582,-0.10164,-0.06646,-0.99195,-0.82,1.12,0.16,-0.36819,-0.12442,-0.04538,-0.92027,-0.82,1.1,0.18,-0.52356,-0.10303,-0.03064,-0.84518,-0.81,1.09,0.19,-0.52356,-0.10303,-0.03064,-0.84518,-0.85,1.07,0.09,0.34773,-0.07037,-0.13727,-0.92482,-0.85,1.12,0.13,0.05809,-0.0973,-0.12671,-0.98545,-0.85,1.12,0.17,-0.34846,-0.1417,-0.0889,-0.92227,-0.84,1.1,0.19,-0.52929,-0.14185,-0.11922,-0.82796,-0.83,1.08,0.2,-0.52929,-0.14185,-0.11922,-0.82796,-0.87,1.07,0.09,0.34773,-0.07037,-0.13727,-0.92482,-0.87,1.1,0.13,0.12822,-0.07751,-0.19004,-0.97028,-0.87,1.11,0.17,-0.31328,-0.17022,-0.17469,-0.9178,-0.86,1.1,0.19,-0.53878,-0.23156,-0.14885,-0.7962,-0.84,1.08,0.2,-0.53878,-0.23156,-0.14885,-0.7962,-0.88,1.07,0.09,0.28585,-0.01284,-0.37187,-0.88309,-0.88,1.09,0.13,0.16729,-0.07825,-0.27125,-0.94462,-0.88,1.1,0.16,-0.27425,-0.18095,-0.2816,-0.90152,-0.87,1.09,0.18,-0.48546,-0.29085,-0.23601,-0.78996,-0.86,1.08,0.18,-0.48546,-0.29085,-0.23601,-0.78996,-0.7,1.09,0.12,-0.34393,-0.18199,-0.09761,0.916,-0.68,1.05,0.07,-0.34393,-0.18199,-0.09761,0.916,-0.72,1.06,0.1,-0.42852,-0.22521,0.6063,0.63091,-0.75,1.07,0.11,-0.25856,-0.06513,0.57031,0.77695,-0.76,1.08,0.14,-0.12874,-0.00578,0.64504,0.7532,-0.76,1.09,0.16,-0.12874,-0.00578,0.64504,0.7532,-0.71,1.07,0.1,-0.34393,-0.18199,-0.09761,0.916,-0.73,1.11,0.13,0.03245,-0.23634,0.06275,0.9691,-0.75,1.11,0.17,0.32793,-0.20655,0.10532,0.91581,-0.75,1.09,0.18,0.41621,-0.16745,0.1174,0.88597,-0.76,1.08,0.2,0.41621,-0.16745,0.1174,0.88597,-0.69,1.07,0.1,-0.34393,-0.18199,-0.09761,0.916,-0.71,1.11,0.14,-0.06733,-0.20518,-0.04852,0.9752,-0.72,1.12,0.18,0.39046,-0.20667,0.03856,0.89629,-0.73,1.1,0.19,0.62951,-0.17167,0.02683,0.75732,-0.74,1.08,0.2,0.62951,-0.17167,0.02683,0.75732,-0.68,1.07,0.11,-0.34393,-0.18199,-0.09761,0.916,-0.69,1.1,0.14,-0.15536,-0.17402,-0.13265,0.96332,-0.7,1.12,0.18,0.43285,-0.24119,-0.04587,0.86739,-0.71,1.1,0.19,0.73047,-0.25618,0.01654,0.63286,-0.72,1.08,0.19,0.73047,-0.25618,0.01654,0.63286,-0.67,1.07,0.11,-0.26479,-0.12062,-0.32907,0.89836,-0.67,1.09,0.15,-0.26402,-0.13328,-0.23361,0.92626,-0.68,1.11,0.17,0.37393,-0.26132,-0.18245,0.87098,-0.69,1.1,0.18,0.71383,-0.35383,-0.06117,0.60125,-0.7,1.08,0.18,0.71383,-0.35383,-0.06117,0.60125,-0.81,1.08,0.19
-0.79,1.45,-0.16,-0.79,1.45,-0.16,-0.85,1.09,0.11,0.34408,-0.07044,-0.15224,-0.92384,-0.86,1.05,0.06,0.34408,-0.07044,-0.15224,-0.92384,-0.82,1.07,0.09,0.42706,-0.16125,0.53639,-0.70986,-0.8,1.09,0.11,0.19158,0.00959,0.48368,-0.85397,-0.8,1.1,0.14,0.08472,0.02477,0.55671,-0.82601,-0.8,1.1,0.16,0.08472,0.02477,0.55671,-0.82601,-0.84,1.08,0.09,0.34408,-0.07044,-0.15224,-0.92384,-0.83,1.12,0.13,0.01869,-0.1067,-0.07953,-0.99093,-0.82,1.12,0.17,-0.38992,-0.13425,-0.0544,-0.90938,-0.82,1.1,0.18,-0.54713,-0.11435,-0.03657,-0.82839,-0.81,1.08,0.19,-0.54713,-0.11435,-0.03657,-0.82839,-0.85,1.07,0.09,0.34408,-0.07044,-0.15224,-0.92384,-0.85,1.11,0.13,0.04948,-0.1012,-0.14126,-0.98354,-0.85,1.12,0.17,-0.35917,-0.15146,-0.10001,-0.91545,-0.84,1.1,0.19,-0.54318,-0.15323,-0.12748,-0.81561,-0.83,1.08,0.2,-0.54318,-0.15323,-0.12748,-0.81561,-0.87,1.07,0.09,0.34408,-0.07044,-0.15224,-0.92384,-0.87,1.1,0.13,0.12357,-0.07969,-0.20493,-0.96767,-0.87,1.11,0.17,-0.31853,-0.17897,-0.18663,-0.91196,-0.86,1.1,0.19,-0.54446,-0.24318,-0.15763,-0.78714,-0.84,1.08,0.2,-0.54446,-0.24318,-0.15763,-0.78714,-0.88,1.06,0.09,0.28021,-0.01256,-0.38564,-0.87898,-0.89,1.09,0.13,0.16745,-0.07823,-0.28594,-0.94025,-0.88,1.1,0.16,-0.27267,-0.18751,-0.29443,-0.89655,-0.87,1.09,0.18,-0.48466,-0.30101,-0.24574,-0.78365,-0.86,1.08,0.19,-0.48466,-0.30101,-0.24574,-0.78365,-0.7,1.09,0.12,-0.34592,-0.18826,-0.10468,0.9132,-0.68,1.05,0.07,-0.34592,-0.18826,-0.10468,0.9132,-0.72,1.06,0.1,-0.43621,-0.22934,0.59967,0.63049,-0.75,1.07,0.11,-0.26539,-0.07144,0.56469,0.7782,-0.76,1.08,0.14,-0.13133,-0.00833,0.64043,0.75665,-0.77,1.09,0.16,-0.13133,-0.00833,0.64043,0.75665,-0.71,1.07,0.1,-0.34592,-0.18826,-0.10468,0.9132,-0.73,1.11,0.13,0.02717,-0.24424,0.05784,0.96761,-0.75,1.11,0.16,0.32482,-0.21545,0.10357,0.91507,-0.75,1.09,0.18,0.4138,-0.17647,0.11659,0.88546,-0.76,1.08,0.19,0.4138,-0.17647,0.11659,0.88546,-0.7,1.07,0.1,-0.34592,-0.18826,-0.10468,0.9132,-0.71,1.11,0.14,-0.07013,-0.21302,-0.05367,0.97305,-0.73,1.12,0.18,0.39104,-0.21586,0.03856,0.89387,-0.74,1.1,0.19,0.63212,-0.18019,0.02973,0.75304,-0.74,1.08,0.2,0.63212,-0.18019,0.02973,0.75304,-0.68,1.07,0.11,-0.34592,-0.18826,-0.10468,0.9132,-0.69,1.1,0.14,-0.15632,-0.18164,-0.13831,0.96096,-0.7,1.12,0.18,0.43127,-0.25069,-0.0459,0.86548,-0.72,1.1,0.19,0.72901,-0.2649,0.02034,0.63084,-0.72,1.08,0.19,0.72901,-0.2649,0.02034,0.63084,-0.67,1.07,0.11,-0.26447,-0.12762,-0.3355,0.8951,-0.67,1.09,0.15,-0.26266,-0.14161,-0.23971,0.92385,-0.68,1.11,0.17,0.37147,-0.27098,-0.18266,0.86903,-0.69,1.1,0.18,0.70994,-0.36244,-0.05738,0.6011,-0.7,1.08,0.18,0.70994,-0.36244,-0.05738,0.6011,-0.81,1.08,0.19
-0.79,1.45,-0.15,-0.79,1.45,-0.15,-0.85,1.09,0.11,0.33889,-0.07095,-0.15981,-0.92444,-0.86,1.05,0.06,0.33889,-0.07095,-0.15981,-0.92444,-0.83,1.07,0.09,0.42033,-0.16213,0.53466,-0.71496,-0.8,1.09,0.11,0.18541,0.00785,0.48207,-0.85625,-0.8,1.1,0.14,0.07965,0.0216,0.55525,-0.82758,-0.8,1.1,0.16,0.07965,0.0216,0.55525,-0.82758,-0.84,1.08,0.09,0.33889,-0.07095,-0.15981,-0.92444,-0.83,1.12,0.13,-0.00139,-0.11059,-0.08482,-0.99024,-0.82,1.12,0.17,-0.41286,-0.13975,-0.05694,-0.8982,-0.82,1.1,0.18,-0.57022,-0.12021,-0.037,-0.8118,-0.81,1.08,0.19,-0.57022,-0.12021,-0.037,-0.8118,-0.85,1.07,0.09,0.33889,-0.07095,-0.15981,-0.92444,-0.85,1.11,0.13,0.03675,-0.10377,-0.14827,-0.9828,-0.85,1.12,0.17,-0.37325,-0.15683,-0.10489,-0.90834,-0.84,1.1,0.19,-0.55865,-0.15878,-0.13056,-0.80352,-0.83,1.08,0.2,-0.55865,-0.15878,-0.13056,-0.80352,-0.87,1.07,0.09,0.33889,-0.07095,-0.15981,-0.92444,-0.87,1.1,0.13,0.11394,-0.08147,-0.2121,-0.96716,-0.87,1.11,0.17,-0.33094,-0.18415,-0.19164,-0.90545,-0.85,1.1,0.19,-0.55746,-0.24951,-0.16068,-0.77535,-0.84,1.08,0.2,-0.55746,-0.24951,-0.16068,-0.77535,-0.88,1.06,0.1,0.27401,-0.01203,-0.39235,-0.87797,-0.89,1.09,0.13,0.16379,-0.07719,-0.29361,-0.93862,-0.88,1.1,0.16,-0.28242,-0.19197,-0.30037,-0.8906,-0.87,1.09,0.18,-0.49912,-0.30861,-0.24837,-0.77068,-0.86,1.08,0.18,-0.49912,-0.30861,-0.24837,-0.77068,-0.7,1.09,0.12,-0.34938,-0.19527,-0.11307,0.90941,-0.68,1.05,0.07,-0.34938,-0.19527,-0.11307,0.90941,-0.72,1.06,0.09,-0.44657,-0.23307,0.59125,0.62982,-0.75,1.07,0.11,-0.27581,-0.0788,0.55697,0.77943,-0.76,1.09,0.14,-0.14099,-0.01477,0.63437,0.75992,-0.77,1.09,0.16,-0.14099,-0.01477,0.63437,0.75992,-0.71,1.07,0.1,-0.34938,-0.19527,-0.11307,0.90941,-0.73,1.11,0.13,0.01861,-0.25197,0.05037,0.96625,-0.75,1.11,0.16,0.32467,-0.2244,0.10087,0.91327,-0.76,1.1,0.18,0.41765,-0.18521,0.11572,0.88197,-0.76,1.08,0.19,0.41765,-0.18521,0.11572,0.88197,-0.7,1.07,0.1,-0.34938,-0.19527,-0.11307,0.90941,-0.71,1.11,0.14,-0.07464,-0.22148,-0.06022,0.97044,-0.73,1.12,0.17,0.38772,-0.22637,0.03716,0.89278,-0.74,1.1,0.19,0.63032,-0.19075,0.03149,0.75187,-0.74,1.08,0.19,0.63032,-0.19075,0.03149,0.75187,-0.68,1.07,0.11,-0.34938,-0.19527,-0.11307,0.90941,-0.69,1.11,0.14,-0.15847,-0.19014,-0.14522,0.95794,-0.7,1.12,0.18,0.42701,-0.2616,-0.04675,0.86432,-0.72,1.1,0.19,0.72453,-0.27542,0.02369,0.63138,-0.72,1.08,0.19,0.72453,-0.27542,0.02369,0.63138,-0.67,1.07,0.11,-0.26526,-0.13581,-0.3432,0.89074,-0.68,1.09,0.15,-0.26313,-0.15082,-0.24714,0.92029,-0.68,1.11,0.17,0.36631,-0.28219,-0.18355,0.86746,-0.69,1.1,0.18,0.70293,-0.37273,-0.05389,0.60338,-0.7,1.08,0.18,0.70293,-0.37273,-0.05389,0.60338,-0.81,1.08,0.19
-0.79,1.45,-0.15,-0.79,1.45,-0.15,-0.85,1.09,0.11,0.33762,-0.06537,-0.16404,-0.92457,-0.86,1.06,0.06,0.33762,-0.06537,-0.16404,-0.92457,-0.83,1.07,0.09,0.41285,-0.15712,0.53589,-0.71951,-0.8,1.09,0.11,0.17895,0.01284,0.48154,-0.85786,-0.8,1.1,0.14,0.0719,0.02645,0.55396,-0.82901,-0.8,1.1,0.16,0.0719,0.02645,0.55396,-0.82901,-0.84,1.08,0.09,0.33762,-0.06537,-0.16404,-0.92457,-0.83,1.12,0.13,-0.01627,-0.10744,-0.08939,-0.99005,-0.83,1.12,0.17,-0.43354,-0.13891,-0.06131,-0.88825,-0.82,1.1,0.18,-0.59167,-0.12022,-0.04032,-0.79615,-0.81,1.08,0.19,-0.59167,-0.12022,-0.04032,-0.79615,-0.85,1.07,0.09,0.33762,-0.06537,-0.16404,-0.92457,-0.86,1.12,0.13,0.02586,-0.10009,-0.15378,-0.98268,-0.85,1.12,0.17,-0.39108,-0.15657,-0.11006,-0.90024,-0.84,1.1,0.19,-0.58107,-0.15906,-0.13463,-0.78672,-0.83,1.08,0.2,-0.58107,-0.15906,-0.13463,-0.78672,-0.87,1.07,0.09,0.33762,-0.06537,-0.16404,-0.92457,-0.87,1.1,0.13,0.10572,-0.07765,-0.21723,-0.96727,-0.87,1.11,0.17,-0.3473,-0.18462,-0.19637,-0.89818,-0.86,1.1,0.19,-0.57878,-0.25191,-0.16358,-0.75815,-0.84,1.08,0.19,-0.57878,-0.25191,-0.16358,-0.75815,-0.88,1.06,0.09,0.27334,-0.00643,-0.39641,-0.87642,-0.89,1.09,0.13,0.16112,-0.07238,-0.2987,-0.93786,-0.88,1.1,0.16,-0.29809,-0.19429,-0.30458,-0.88353,-0.87,1.09,0.18,-0.52666,-0.31597,-0.24723,-0.74944,-0.86,1.08,0.18,-0.52666,-0.31597,-0.24723,-0.74944,-0.7,1.09,0.12,-0.3518,-0.19888,-0.12256,0.90646,-0.68,1.05,0.07,-0.3518,-0.19888,-0.12256,0.90646,-0.72,1.07,0.09,-0.45207,-0.23427,0.58483,0.63144,-0.75,1.07,0.11,-0.28276,-0.0838,0.55028,0.78116,-0.76,1.09,0.14,-0.14836,-0.02022,0.62895,0.76289,-0.77,1.09,0.16,-0.14836,-0.02022,0.62895,0.76289,-0.71,1.07,0.09,-0.3518,-0.19888,-0.12256,0.90646,-0.73,1.11,0.13,0.01108,-0.25565,0.03895,0.96592,-0.75,1.11,0.16,0.33079,-0.23031,0.09457,0.91027,-0.76,1.1,0.18,0.43017,-0.19094,0.11182,0.87521,-0.76,1.08,0.19,0.43017,-0.19094,0.11182,0.87521,-0.7,1.07,0.1,-0.3518,-0.19888,-0.12256,0.90646,-0.71,1.11,0.14,-0.07744,-0.22667,-0.06894,0.96844,-0.73,1.12,0.17,0.38726,-0.23495,0.03264,0.89094,-0.74,1.1,0.19,0.6311,-0.20009,0.0298,0.74886,-0.74,1.08,0.19,0.6311,-0.20009,0.0298,0.74886,-0.68,1.07,0.11,-0.3518,-0.19888,-0.12256,0.90646,-0.69,1.11,0.14,-0.1588,-0.19554,-0.15364,0.95548,-0.7,1.12,0.18,0.42378,-0.27075,-0.05089,0.86285,-0.72,1.1,0.19,0.72051,-0.28555,0.02322,0.63149,-0.73,1.08,0.19,0.72051,-0.28555,0.02322,0.63149,-0.67,1.07,0.11,-0.26558,-0.14039,-0.35205,0.88646,-0.68,1.09,0.15,-0.26225,-0.15685,-0.25568,0.9172,-0.68,1.11,0.17,0.36212,-0.29139,-0.1874,0.86536,-0.69,1.1,0.18,0.69565,-0.38249,-0.05447,0.60565,-0.71,1.08,0.18,0.69565,-0.38249,-0.05447,0.60565,-0.81,1.08,0.19
-0.79,1.45,-0.15,-0.79,1.45,-0.15,-0.85,1.1,0.11,0.34091,-0.06352,-0.16049,-0.92411,-0.86,1.06,0.06,0.34091,-0.06352,-0.16049,-0.92411,-0.83,1.07,0.09,0.40918,-0.15475,0.54274,-0.71698,-0.8,1.09,0.11,0.17793,0.01669,0.48759,-0.85458,-0.8,1.1,0.14,0.06773,0.03282,0.55894,-0.82578,-0.8,1.1,0.16,0.06773,0.03282,0.55894,-0.82578,-0.84,1.08,0.09,0.34091,-0.06352,-0.16049,-0.92411,-0.83,1.12,0.13,-0.0147,-0.10367,-0.08716,-0.99068,-0.83,1.12,0.17,-0.44069,-0.13518,-0.05958,-0.88542,-0.82,1.1,0.18,-0.60218,-0.11645,-0.0384,-0.78889,-0.81,1.08,0.19,-0.60218,-0.11645,-0.0384,-0.78889,-0.85,1.07,0.09,0.34091,-0.06352,-0.16049,-0.92411,-0.86,1.12,0.13,0.02095,-0.09776,-0.15074,-0.9835,-0.85,1.12,0.17,-0.40984,-0.15478,-0.10593,-0.89266,-0.84,1.1,0.19,-0.60911,-0.15622,-0.12949,-0.76669,-0.83,1.08,0.2,-0.60911,-0.15622,-0.12949,-0.76669,-0.87,1.07,0.09,0.34091,-0.06352,-0.16049,-0.92411,-0.87,1.1,0.13,0.09762,-0.07722,-0.21368,-0.96894,-0.87,1.11,0.17,-0.37028,-0.18537,-0.19085,-0.89,-0.86,1.1,0.19,-0.60996,-0.2521,-0.15573,-0.73494,-0.84,1.08,0.19,-0.60996,-0.2521,-0.15573,-0.73494,-0.88,1.07,0.09,0.27742,-0.00532,-0.39337,-0.87651,-0.89,1.09,0.13,0.15818,-0.072,-0.2958,-0.93931,-0.89,1.1,0.16,-0.32057,-0.1986,-0.29885,-0.87663,-0.87,1.09,0.18,-0.56384,-0.32312,-0.23484,-0.72286,-0.86,1.08,0.18,-0.56384,-0.32312,-0.23484,-0.72286,-0.7,1.09,0.12,-0.35412,-0.1942,-0.1341,0.90493,-0.68,1.05,0.07,-0.35412,-0.1942,-0.1341,0.90493,-0.72,1.07,0.1,-0.4536,-0.22787,0.57793,0.639,-0.75,1.08,0.11,-0.28657,-0.08209,0.54063,0.78668,-0.76,1.09,0.14,-0.1553,-0.02273,0.62001,0.76873,-0.77,1.09,0.16,-0.1553,-0.02273,0.62001,0.76873,-0.71,1.07,0.1,-0.35412,-0.1942,-0.1341,0.90493,-0.73,1.11,0.13,-0.0033,-0.25096,0.01848,0.96782,-0.75,1.11,0.16,0.33737,-0.23126,0.07873,0.90912,-0.75,1.1,0.18,0.44698,-0.19252,0.0988,0.86798,-0.76,1.08,0.19,0.44698,-0.19252,0.0988,0.86798,-0.69,1.07,0.1,-0.35412,-0.1942,-0.1341,0.90493,-0.71,1.12,0.14,-0.07789,-0.22471,-0.08153,0.96788,-0.72,1.12,0.17,0.3889,-0.23904,0.02123,0.88948,-0.74,1.1,0.19,0.63244,-0.207,0.02005,0.74617,-0.74,1.08,0.19,0.63244,-0.207,0.02005,0.74617,-0.68,1.07,0.11,-0.35412,-0.1942,-0.1341,0.90493,-0.69,1.11,0.14,-0.15595,-0.19367,-0.16505,0.95443,-0.7,1.12,0.18,0.4226,-0.27546,-0.06208,0.86121,-0.72,1.1,0.19,0.71704,-0.29425,0.01411,0.63172,-0.72,1.08,0.19,0.71704,-0.29425,0.01411,0.63172,-0.67,1.07,0.11,-0.26721,-0.13677,-0.36331,0.88199,-0.67,1.09,0.15,-0.26127,-0.15398,-0.26707,0.91471,-0.68,1.11,0.17,0.36066,-0.29581,-0.19812,0.86207,-0.69,1.1,0.18,0.68986,-0.39089,-0.06359,0.60601,-0.7,1.08,0.18,0.68986,-0.39089,-0.06359,0.60601,-0.81,1.08,0.19
-0.79,1.45,-0.15,-0.79,1.45,-0.15,-0.85,1.1,0.11,0.34274,-0.06284,-0.1552,-0.92439,-0.86,1.06,0.06,0.34274,-0.06284,-0.1552,-0.92439,-0.83,1.07,0.09,0.40566,-0.15521,0.54969,-0.71358,-0.8,1.09,0.11,0.17622,0.01832,0.49473,-0.8508,-0.8,1.1,0.14,0.06363,0.03673,0.56517,-0.8217,-0.8,1.1,0.16,0.06363,0.03673,0.56517,-0.8217,-0.84,1.08,0.09,0.34274,-0.06284,-0.1552,-0.92439,-0.83,1.12,0.13,-0.01173,-0.10115,-0.08247,-0.99138,-0.83,1.12,0.17,-0.44783,-0.13158,-0.05501,-0.88267,-0.82,1.1,0.18,-0.61336,-0.11229,-0.03357,-0.78106,-0.81,1.08,0.19,-0.61336,-0.11229,-0.03357,-0.78106,-0.85,1.07,0.09,0.34274,-0.06284,-0.1552,-0.92439,-0.86,1.12,0.13,0.01913,-0.09595,-0.14564,-0.98449,-0.85,1.12,0.17,-0.42276,-0.15213,-0.1003,-0.88773,-0.84,1.1,0.19,-0.62987,-0.15227,-0.12346,-0.75155,-0.83,1.08,0.19,-0.62987,-0.15227,-0.12346,-0.75155,-0.87,1.07,0.09,0.34274,-0.06284,-0.1552,-0.92439,-0.87,1.11,0.13,0.0913,-0.0769,-0.20826,-0.97076,-0.87,1.11,0.17,-0.38811,-0.18456,-0.1843,-0.88393,-0.86,1.1,0.19,-0.63461,-0.25018,-0.1477,-0.71615,-0.84,1.08,0.19,-0.63461,-0.25018,-0.1477,-0.71615,-0.88,1.07,0.09,0.28007,-0.0049,-0.38858,-0.87781,-0.89,1.09,0.13,0.15456,-0.07161,-0.29116,-0.94139,-0.88,1.1,0.16,-0.33846,-0.2001,-0.29258,-0.87166,-0.87,1.09,0.17,-0.59057,-0.32544,-0.22482,-0.7034,-0.86,1.08,0.18,-0.59057,-0.32544,-0.22482,-0.7034,-0.7,1.09,0.12,-0.35026,-0.18915,-0.14013,0.90659,-0.68,1.05,0.07,-0.35026,-0.18915,-0.14013,0.90659,-0.72,1.07,0.1,-0.44909,-0.22851,0.5743,0.6452,-0.75,1.08,0.11,-0.28605,-0.08692,0.53601,0.7895,-0.76,1.09,0.14,-0.16358,-0.035,0.61668,0.76923,-0.77,1.09,0.16,-0.16358,-0.035,0.61668,0.76923,-0.71,1.07,0.1,-0.35026,-0.18915,-0.14013,0.90659,-0.73,1.11,0.13,-0.03144,-0.24276,-0.00397,0.96957,-0.74,1.12,0.16,0.32393,-0.23128,0.05807,0.91554,-0.75,1.1,0.18,0.44469,-0.19434,0.08027,0.87066,-0.76,1.08,0.19,0.44469,-0.19434,0.08027,0.87066,-0.69,1.07,0.1,-0.35026,-0.18915,-0.14013,0.90659,-0.71,1.11,0.14,-0.07437,-0.21989,-0.09009,0.9685,-0.72,1.12,0.18,0.39297,-0.23876,0.01159,0.88794,-0.73,1.1,0.19,0.6349,-0.20914,0.01062,0.74367,-0.74,1.08,0.19,0.6349,-0.20914,0.01062,0.74367,-0.68,1.07,0.11,-0.35026,-0.18915,-0.14013,0.90659,-0.69,1.1,0.14,-0.15042,-0.1883,-0.17239,0.95509,-0.7,1.12,0.18,0.42154,-0.27463,-0.07294,0.86114,-0.71,1.1,0.19,0.71204,-0.29787,0.00237,0.63582,-0.72,1.08,0.19,0.71204,-0.29787,0.00237,0.63582,-0.67,1.07,0.11,-0.26364,-0.13095,-0.36904,0.88156,-0.67,1.09,0.15,-0.25889,-0.14754,-0.27352,0.91455,-0.68,1.11,0.17,0.36192,-0.2944,-0.2071,0.85992,-0.69,1.1,0.18,0.68571,-0.39315,-0.07465,0.60799,-0.7,1.08,0.18,0.68571,-0.39315,-0.07465,0.60799,-0.81,1.08,0.19
-0.79,1.45,-0.15,-0.79,1.45,-0.15,-0.85,1.09,0.11,0.32282,-0.06601,-0.13846,-0.93395,-0.86,1.06,0.06,0.32282,-0.06601,-0.13846,-0.93395,-0.82,1.07,0.09,0.39477,-0.18216,0.55424,-0.70978,-0.8,1.08,0.11,0.16464,-0.00483,0.50808,-0.84541,-0.8,1.09,0.14,0.05724,0.01206,0.57999,-0.81252,-0.79,1.1,0.16,0.05724,0.01206,0.57999,-0.81252,-0.84,1.08,0.09,0.32282,-0.06601,-0.13846,-0.93395,-0.83,1.12,0.13,0.06821,-0.10645,-0.06908,-0.98957,-0.82,1.12,0.17,-0.29387,-0.1284,-0.05181,-0.94576,-0.82,1.11,0.19,-0.46479,-0.10926,-0.03699,-0.87788,-0.81,1.09,0.2,-0.46479,-0.10926,-0.03699,-0.87788,-0.85,1.07,0.09,0.32282,-0.06601,-0.13846,-0.93395,-0.85,1.11,0.13,0.10319,-0.07888,-0.13823,-0.98185,-0.85,1.12,0.17,-0.30858,-0.13048,-0.10642,-0.93618,-0.84,1.11,0.2,-0.51867,-0.13963,-0.13735,-0.83224,-0.83,1.09,0.21,-0.51867,-0.13963,-0.13735,-0.83224,-0.87,1.07,0.09,0.32282,-0.06601,-0.13846,-0.93395,-0.87,1.1,0.13,0.15611,-0.05379,-0.199,-0.96599,-0.87,1.12,0.17,-0.30765,-0.15844,-0.18939,-0.9189,-0.86,1.1,0.19,-0.56025,-0.22824,-0.16035,-0.77994,-0.85,1.08,0.2,-0.56025,-0.22824,-0.16035,-0.77994,-0.88,1.07,0.1,0.2623,-0.0022,-0.37149,-0.89061,-0.88,1.09,0.13,0.18252,-0.04724,-0.27752,-0.94204,-0.89,1.1,0.16,-0.28149,-0.16471,-0.2977,-0.89722,-0.88,1.09,0.18,-0.52977,-0.29049,-0.24366,-0.75868,-0.86,1.08,0.19,-0.52977,-0.29049,-0.24366,-0.75868,-0.7,1.09,0.12,-0.33116,-0.18843,-0.12957,0.91545,-0.68,1.05,0.07,-0.33116,-0.18843,-0.12957,0.91545,-0.72,1.06,0.1,-0.43132,-0.24487,0.58094,0.64537,-0.75,1.07,0.11,-0.27251,-0.10304,0.5463,0.78529,-0.76,1.08,0.14,-0.15844,-0.05606,0.62796,0.75988,-0.77,1.09,0.16,-0.15844,-0.05606,0.62796,0.75988,-0.71,1.07,0.1,-0.33116,-0.18843,-0.12957,0.91545,-0.73,1.11,0.13,-0.01575,-0.23577,0.00048,0.97168,-0.75,1.11,0.17,0.34593,-0.22231,0.06128,0.90948,-0.75,1.1,0.18,0.47175,-0.18426,0.08439,0.85813,-0.76,1.08,0.19,0.47175,-0.18426,0.08439,0.85813,-0.7,1.07,0.1,-0.33116,-0.18843,-0.12957,0.91545,-0.71,1.11,0.14,-0.06359,-0.21198,-0.08462,0.97153,-0.72,1.12,0.18,0.40333,-0.22907,0.01251,0.88583,-0.73,1.1,0.19,0.63986,-0.19921,0.00828,0.74218,-0.74,1.08,0.2,0.63986,-0.19921,0.00828,0.74218,-0.68,1.07,0.11,-0.33116,-0.18843,-0.12957,0.91545,-0.69,1.1,0.15,-0.14243,-0.17938,-0.16551,0.95924,-0.7,1.11,0.18,0.4249,-0.26274,-0.07412,0.8631,-0.72,1.1,0.19,0.70968,-0.28768,-0.00537,0.64309,-0.72,1.07,0.19,0.70968,-0.28768,-0.00537,0.64309,-0.67,1.06,0.11,-0.24662,-0.12486,-0.35798,0.89187,-0.67,1.09,0.15,-0.25431,-0.13735,-0.26425,0.92013,-0.68,1.1,0.17,0.36704,-0.28008,-0.20658,0.86265,-0.69,1.09,0.19,0.68654,-0.37974,-0.08335,0.61442,-0.7,1.08,0.18,0.68654,-0.37974,-0.08335,0.61442,-0.81,1.08,0.19
-0.79,1.45,-0.15,-0.79,1.45,-0.15,-0.85,1.09,0.11,0.28281,-0.06942,-0.1131,-0.94995,-0.86,1.06,0.06,0.28281,-0.06942,-0.1131,-0.94995,-0.82,1.07,0.09,0.38312,-0.22617,0.54598,-0.70991,-0.8,1.08,0.11,0.14863,-0.04745,0.51436,-0.84326,-0.79,1.09,0.14,0.05821,-0.04057,0.58976,-0.80446,-0.79,1.09,0.16,0.05821,-0.04057,0.58976,-0.80446,-0.83,1.07,0.09,0.28281,-0.06942,-0.1131,-0.94995,-0.83,1.11,0.14,0.09914,-0.13542,-0.0378,-0.98509,-0.82,1.12,0.17,-0.17679,-0.14327,-0.0253,-0.97344,-0.81,1.11,0.19,-0.32526,-0.11976,-0.01573,-0.93788,-0.81,1.1,0.21,-0.32526,-0.11976,-0.01573,-0.93788,-0.85,1.07,0.09,0.28281,-0.06942,-0.1131,-0.94995,-0.85,1.11,0.14,0.17352,-0.06125,-0.12107,-0.97544,-0.85,1.12,0.18,-0.20022,-0.104,-0.10232,-0.96883,-0.84,1.11,0.2,-0.40152,-0.11833,-0.14107,-0.89715,-0.83,1.1,0.22,-0.40152,-0.11833,-0.14107,-0.89715,-0.87,1.07,0.09,0.28281,-0.06942,-0.1131,-0.94995,-0.87,1.1,0.14,0.21922,-0.02362,-0.17965,-0.9587,-0.87,1.12,0.17,-0.21813,-0.1197,-0.1882,-0.95009,-0.86,1.11,0.2,-0.46888,-0.19119,-0.17063,-0.84527,-0.85,1.09,0.21,-0.46888,-0.19119,-0.17063,-0.84527,-0.88,1.07,0.1,0.22613,0.00549,-0.34458,-0.9111,-0.88,1.08,0.14,0.20862,-0.00805,-0.25365,-0.9445,-0.89,1.1,0.16,-0.20895,-0.10632,-0.29903,-0.925,-0.88,1.09,0.18,-0.44484,-0.22941,-0.2653,-0.82408,-0.87,1.08,0.19,-0.44484,-0.22941,-0.2653,-0.82408,-0.7,1.09,0.12,-0.32322,-0.18796,-0.11967,0.91971,-0.68,1.05,0.07,-0.32322,-0.18796,-0.11967,0.91971,-0.72,1.06,0.1,-0.42152,-0.25163,0.58834,0.64254,-0.75,1.07,0.11,-0.2652,-0.10841,0.55541,0.78067,-0.76,1.08,0.14,-0.15371,-0.06229,0.63686,0.75293,-0.77,1.09,0.16,-0.15371,-0.06229,0.63686,0.75293,-0.71,1.07,0.1,-0.32322,-0.18796,-0.11967,0.91971,-0.73,1.11,0.13,-0.0082,-0.23119,0.008,0.97284,-0.75,1.11,0.17,0.363,-0.21439,0.06889,0.90417,-0.75,1.09,0.18,0.49488,-0.17449,0.09296,0.84617,-0.76,1.07,0.19,0.49488,-0.17449,0.09296,0.84617,-0.7,1.07,0.1,-0.32322,-0.18796,-0.11967,0.91971,-0.71,1.11,0.14,-0.06201,-0.20552,-0.07852,0.97353,-0.72,1.12,0.18,0.40353,-0.22052,0.01433,0.88788,-0.74,1.1,0.19,0.63649,-0.19084,0.00705,0.74727,-0.74,1.07,0.2,0.63649,-0.19084,0.00705,0.74727,-0.68,1.07,0.11,-0.32322,-0.18796,-0.11967,0.91971,-0.69,1.1,0.15,-0.14303,-0.17317,-0.15833,0.9615,-0.7,1.11,0.18,0.41942,-0.25319,-0.07339,0.86867,-0.72,1.1,0.19,0.70247,-0.27906,-0.00941,0.65466,-0.72,1.07,0.19,0.70247,-0.27906,-0.00941,0.65466,-0.67,1.06,0.11,-0.24034,-0.12199,-0.34818,0.89784,-0.68,1.09,0.15,-0.25521,-0.12989,-0.25577,0.92335,-0.68,1.1,0.17,0.36636,-0.26884,-0.20494,0.8669,-0.69,1.09,0.19,0.68545,-0.36885,-0.08783,0.6216,-0.7,1.08,0.18,0.68545,-0.36885,-0.08783,0.6216,-0.81,1.08,0.19
-0.79,1.45,-0.15,-0.79,1.45,-0.15,-0.85,1.09,0.12,0.23815,-0.08334,-0.07766,-0.96452,-0.86,1.06,0.06,0.23815,-0.08334,-0.07766,-0.96452,-0.82,1.07,0.09,0.38166,-0.26137,0.52924,-0.71128,-0.8,1.07,0.11,0.14324,-0.08572,0.50931,-0.84424,-0.79,1.08,0.14,0.06218,-0.08377,0.5874,-0.80255,-0.78,1.08,0.16,0.06218,-0.08377,0.5874,-0.80255,-0.83,1.07,0.09,0.23815,-0.08334,-0.07766,-0.96452,-0.82,1.1,0.14,0.04222,-0.16287,0.00692,-0.98572,-0.81,1.1,0.18,-0.20101,-0.1567,0.02001,-0.96677,-0.8,1.09,0.2,-0.32704,-0.12641,0.02857,-0.93608,-0.8,1.08,0.21,-0.32704,-0.12641,0.02857,-0.93608,-0.85,1.07,0.09,0.23815,-0.08334,-0.07766,-0.96452,-0.84,1.1,0.14,0.16985,-0.06439,-0.08719,-0.97949,-0.84,1.12,0.18,-0.18457,-0.09285,-0.07168,-0.97579,-0.83,1.11,0.21,-0.3732,-0.10098,-0.11396,-0.91517,-0.83,1.09,0.22,-0.3732,-0.10098,-0.11396,-0.91517,-0.87,1.07,0.09,0.23815,-0.08334,-0.07766,-0.96452,-0.86,1.09,0.14,0.24769,-0.01751,-0.14461,-0.95783,-0.86,1.11,0.17,-0.17651,-0.09761,-0.16022,-0.96625,-0.86,1.1,0.2,-0.42154,-0.16182,-0.15024,-0.87951,-0.85,1.09,0.21,-0.42154,-0.16182,-0.15024,-0.87951,-0.87,1.06,0.1,0.18473,0.00396,-0.30676,-0.93368,-0.88,1.08,0.14,0.23313,0.01296,-0.21334,-0.94867,-0.88,1.09,0.17,-0.1593,-0.06472,-0.27277,-0.94659,-0.88,1.09,0.18,-0.39536,-0.18066,-0.25089,-0.86493,-0.87,1.08,0.2,-0.39536,-0.18066,-0.25089,-0.86493,-0.7,1.09,0.12,-0.3246,-0.18767,-0.11615,0.91974,-0.68,1.05,0.07,-0.3246,-0.18767,-0.11615,0.91974,-0.72,1.06,0.1,-0.42012,-0.24994,0.59231,0.64047,-0.75,1.07,0.11,-0.26455,-0.10575,0.55911,0.77861,-0.76,1.08,0.14,-0.15224,-0.05864,0.64002,0.75084,-0.77,1.09,0.16,-0.15224,-0.05864,0.64002,0.75084,-0.71,1.07,0.1,-0.3246,-0.18767,-0.11615,0.91974,-0.73,1.11,0.13,-0.00951,-0.23004,0.01152,0.97307,-0.75,1.11,0.17,0.37101,-0.21132,0.07389,0.90124,-0.75,1.09,0.18,0.50826,-0.17,0.09906,0.83843,-0.76,1.07,0.19,0.50826,-0.17,0.09906,0.83843,-0.7,1.07,0.1,-0.3246,-0.18767,-0.11615,0.91974,-0.71,1.11,0.14,-0.06282,-0.20403,-0.0753,0.97404,-0.72,1.12,0.18,0.40078,-0.21776,0.01591,0.88978,-0.73,1.1,0.19,0.63205,-0.18816,0.00744,0.7517,-0.74,1.07,0.2,0.63205,-0.18816,0.00744,0.7517,-0.68,1.07,0.11,-0.3246,-0.18767,-0.11615,0.91974,-0.69,1.1,0.15,-0.14356,-0.17249,-0.15482,0.96212,-0.7,1.11,0.18,0.41547,-0.25044,-0.07189,0.87149,-0.72,1.1,0.19,0.69822,-0.27622,-0.00944,0.66038,-0.72,1.07,0.19,0.69822,-0.27622,-0.00944,0.66038,-0.67,1.06,0.11,-0.24223,-0.12193,-0.34497,0.89858,-0.68,1.09,0.15,-0.25664,-0.12733,-0.25308,0.92405,-0.68,1.1,0.17,0.36562,-0.26534,-0.20435,0.86842,-0.69,1.09,0.19,0.68541,-0.3655,-0.08875,0.6235,-0.7,1.08,0.18,0.68541,-0.3655,-0.08875,0.6235,-0.81,1.08,0.19
-0.79,1.45,-0.15,-0.79,1.45,-0.15,-0.85,1.09,0.12,0.23508,-0.08719,-0.08465,-0.96435,-0.86,1.06,0.06,0.23508,-0.08719,-0.08465,-0.96435,-0.82,1.07,0.09,0.40998,-0.25319,0.49454,-0.72335,-0.8,1.08,0.11,0.16695,-0.09121,0.47155,-0.86107,-0.79,1.09,0.14,0.0848,-0.08941,0.553,-0.82402,-0.78,1.09,0.16,0.0848,-0.08941,0.553,-0.82402,-0.83,1.07,0.09,0.23508,-0.08719,-0.08465,-0.96435,-0.82,1.1,0.14,-0.02369,-0.17152,0.01554,-0.98477,-0.81,1.1,0.18,-0.30273,-0.15996,0.03704,-0.93883,-0.8,1.09,0.19,-0.43685,-0.12577,0.05086,-0.88925,-0.8,1.07,0.21,-0.43685,-0.12577,0.05086,-0.88925,-0.85,1.07,0.09,0.23508,-0.08719,-0.08465,-0.96435,-0.84,1.1,0.14,0.15168,-0.07046,-0.09258,-0.98156,-0.84,1.12,0.18,-0.23583,-0.1027,-0.07119,-0.96373,-0.83,1.11,0.21,-0.44521,-0.10908,-0.11067,-0.88184,-0.83,1.09,0.22,-0.44521,-0.10908,-0.11067,-0.88184,-0.87,1.07,0.1,0.23508,-0.08719,-0.08465,-0.96435,-0.86,1.1,0.14,0.23725,-0.02458,-0.15079,-0.95936,-0.86,1.11,0.18,-0.24666,-0.1159,-0.15743,-0.94918,-0.86,1.1,0.2,-0.51793,-0.18106,-0.14005,-0.82423,-0.85,1.08,0.21,-0.51793,-0.18106,-0.14005,-0.82423,-0.87,1.07,0.1,0.17997,0.00071,-0.31299,-0.93255,-0.88,1.08,0.14,0.239,0.00988,-0.21908,-0.94593,-0.88,1.1,0.17,-0.21299,-0.08721,-0.27449,-0.93364,-0.88,1.09,0.18,-0.50506,-0.21867,-0.23616,-0.80083,-0.86,1.07,0.19,-0.50506,-0.21867,-0.23616,-0.80083,-0.7,1.09,0.12,-0.3363,-0.18435,-0.1302,0.91431,-0.68,1.05,0.07,-0.3363,-0.18435,-0.1302,0.91431,-0.72,1.07,0.1,-0.4323,-0.2343,0.58235,0.64737,-0.75,1.08,0.11,-0.27348,-0.09215,0.54503,0.78718,-0.76,1.09,0.14,-0.15587,-0.04346,0.62557,0.7632,-0.77,1.09,0.16,-0.15587,-0.04346,0.62557,0.7632,-0.71,1.07,0.1,-0.3363,-0.18435,-0.1302,0.91431,-0.73,1.11,0.13,-0.03312,-0.23012,-0.00609,0.97258,-0.74,1.12,0.17,0.35959,-0.21808,0.06033,0.90526,-0.75,1.1,0.18,0.50358,-0.17838,0.08768,0.84078,-0.76,1.08,0.19,0.50358,-0.17838,0.08768,0.84078,-0.69,1.07,0.1,-0.3363,-0.18435,-0.1302,0.91431,-0.71,1.11,0.14,-0.07,-0.20601,-0.08815,0.97205,-0.72,1.12,0.18,0.3936,-0.22558,0.00553,0.89116,-0.73,1.1,0.19,0.62648,-0.19885,-0.00045,0.75364,-0.74,1.08,0.2,0.62648,-0.19885,-0.00045,0.75364,-0.68,1.07,0.11,-0.3363,-0.18435,-0.1302,0.91431,-0.69,1.1,0.14,-0.14765,-0.1748,-0.16761,0.95893,-0.7,1.12,0.18,0.41122,-0.25962,-0.08079,0.87004,-0.71,1.1,0.19,0.69457,-0.28794,-0.01407,0.65914,-0.72,1.08,0.19,0.69457,-0.28794,-0.01407,0.65914,-0.67,1.07,0.11,-0.25237,-0.12216,-0.35916,0.89016,-0.67,1.09,0.15,-0.26438,-0.12706,-0.2675,0.91783,-0.68,1.11,0.17,0.36192,-0.27589,-0.2139,0.86438,-0.69,1.1,0.18,0.68241,-0.37911,-0.09147,0.61824,-0.7,1.08,0.18,0.68241,-0.37911,-0.09147,0.61824,-0.81,1.08,0.19
-0.79,1.45,-0.15,-0.79,1.45,-0.15,-0.85,1.09,0.12,0.27032,-0.07518,-0.14085,-0.94944,-0.86,1.06,0.06,0.27032,-0.07518,-0.14085,-0.94944,-0.82,1.08,0.09,0.44991,-0.21197,0.45398,-0.73929,-0.8,1.09,0.1,0.20679,-0.0697,0.41679,-0.88242,-0.79,1.1,0.13,0.11951,-0.06742,0.50093,-0.85454,-0.78,1.11,0.16,0.11951,-0.06742,0.50093,-0.85454,-0.84,1.08,0.09,0.27032,-0.07518,-0.14085,-0.94944,-0.83,1.11,0.14,-0.0054,-0.17158,-0.03546,-0.98452,-0.82,1.11,0.17,-0.35952,-0.17519,0.00228,-0.91654,-0.81,1.1,0.19,-0.51869,-0.14501,0.02575,-0.84218,-0.8,1.08,0.2,-0.51869,-0.14501,0.02575,-0.84218,-0.85,1.08,0.09,0.27032,-0.07518,-0.14085,-0.94944,-0.85,1.11,0.14,0.14059,-0.07624,-0.14486,-0.97644,-0.85,1.12,0.18,-0.29366,-0.13379,-0.1105,-0.94003,-0.84,1.11,0.2,-0.53441,-0.14785,-0.13841,-0.8206,-0.83,1.09,0.21,-0.53441,-0.14785,-0.13841,-0.8206,-0.87,1.07,0.1,0.27032,-0.07518,-0.14085,-0.94944,-0.87,1.1,0.14,0.22065,-0.03232,-0.20524,-0.95297,-0.87,1.12,0.18,-0.3134,-0.15927,-0.19359,-0.91594,-0.86,1.1,0.19,-0.60961,-0.23667,-0.15409,-0.74069,-0.85,1.08,0.2,-0.60961,-0.23667,-0.15409,-0.74069,-0.88,1.07,0.1,0.20896,0.00193,-0.36948,-0.90544,-0.88,1.09,0.14,0.2381,0.00133,-0.27762,-0.93072,-0.89,1.1,0.17,-0.27657,-0.14405,-0.31491,-0.89643,-0.88,1.09,0.18,-0.59253,-0.29709,-0.24298,-0.70825,-0.86,1.08,0.19,-0.59253,-0.29709,-0.24298,-0.70825,-0.7,1.1,0.12,-0.35228,-0.18347,-0.1431,0.90651,-0.68,1.06,0.07,-0.35228,-0.18347,-0.1431,0.90651,-0.72,1.07,0.09,-0.44868,-0.21661,0.57275,0.65094,-0.75,1.08,0.11,-0.28503,-0.07541,0.5312,0.79429,-0.76,1.09,0.14,-0.16151,-0.02471,0.61082,0.77473,-0.77,1.1,0.16,-0.16151,-0.02471,0.61082,0.77473,-0.71,1.07,0.09,-0.35228,-0.18347,-0.1431,0.90651,-0.73,1.12,0.13,-0.0766,-0.22497,-0.03073,0.97086,-0.74,1.12,0.16,0.32813,-0.22383,0.03817,0.91694,-0.75,1.11,0.18,0.48077,-0.18752,0.06721,0.85392,-0.76,1.09,0.19,0.48077,-0.18752,0.06721,0.85392,-0.69,1.07,0.1,-0.35228,-0.18347,-0.1431,0.90651,-0.71,1.12,0.14,-0.06867,-0.21053,-0.09698,0.97034,-0.72,1.13,0.17,0.39065,-0.23368,-0.00103,0.89039,-0.73,1.11,0.19,0.62102,-0.20875,-0.00509,0.75547,-0.74,1.08,0.19,0.62102,-0.20875,-0.00509,0.75547,-0.68,1.07,0.1,-0.35228,-0.18347,-0.1431,0.90651,-0.69,1.11,0.14,-0.14552,-0.18037,-0.17757,0.95643,-0.7,1.12,0.18,0.40547,-0.26907,-0.08773,0.86919,-0.71,1.1,0.19,0.68528,-0.2995,-0.01834,0.66359,-0.72,1.08,0.19,0.68528,-0.2995,-0.01834,0.66359,-0.67,1.07,0.11,-0.26635,-0.12594,-0.37229,0.88011,-0.67,1.09,0.15,-0.27861,-0.12683,-0.28183,0.90932,-0.68,1.11,0.17,0.34557,-0.28567,-0.2248,0.86512,-0.69,1.1,0.18,0.66383,-0.3922,-0.09851,0.62913,-0.7,1.09,0.18,0.66383,-0.3922,-0.09851,0.62913,-0.81,1.08,0.19
-0.79,1.45,-0.15,-0.79,1.45,-0.15,-0.85,1.1,0.11,0.31219,-0.06394,-0.17366,-0.93182,-0.86,1.06,0.06,0.31219,-0.06394,-0.17366,-0.93182,-0.83,1.08,0.09,0.47819,-0.17684,0.44319,-0.73732,-0.8,1.1,0.1,0.23828,-0.04273,0.39475,-0.88632,-0.79,1.11,0.13,0.14157,-0.03582,0.47865,-0.86578,-0.79,1.12,0.15,0.14157,-0.03582,0.47865,-0.86578,-0.84,1.08,0.09,0.31219,-0.06394,-0.17366,-0.93182,-0.83,1.12,0.13,0.048,-0.1609,-0.07258,-0.98313,-0.82,1.13,0.17,-0.32122,-0.18028,-0.03359,-0.92908,-0.81,1.11,0.19,-0.49225,-0.1569,-0.00806,-0.85616,-0.81,1.09,0.2,-0.49225,-0.1569,-0.00806,-0.85616,-0.85,1.08,0.09,0.31219,-0.06394,-0.17366,-0.93182,-0.86,1.12,0.14,0.16004,-0.08076,-0.17474,-0.96816,-0.85,1.13,0.18,-0.27825,-0.15177,-0.1345,-0.93886,-0.84,1.12,0.2,-0.52394,-0.17289,-0.15621,-0.81926,-0.83,1.1,0.21,-0.52394,-0.17289,-0.15621,-0.81926,-0.87,1.08,0.09,0.31219,-0.06394,-0.17366,-0.93182,-0.87,1.11,0.14,0.21393,-0.04434,-0.23575,-0.94694,-0.87,1.12,0.17,-0.31811,-0.18566,-0.2126,-0.90506,-0.86,1.11,0.19,-0.61332,-0.26808,-0.16177,-0.72512,-0.85,1.09,0.19,-0.61332,-0.26808,-0.16177,-0.72512,-0.88,1.07,0.1,0.24754,0.00106,-0.40367,-0.88078,-0.89,1.09,0.14,0.22971,-0.02251,-0.31205,-0.9216,-0.89,1.1,0.16,-0.28686,-0.18345,-0.33047,-0.88025,-0.88,1.1,0.18,-0.59597,-0.33903,-0.24174,-0.68661,-0.86,1.08,0.18,-0.59597,-0.33903,-0.24174,-0.68661,-0.7,1.1,0.12,-0.34594,-0.17977,-0.12346,0.91256,-0.68,1.06,0.07,-0.34594,-0.17977,-0.12346,0.91256,-0.72,1.07,0.1,-0.44146,-0.21637,0.58294,0.6469,-0.75,1.08,0.11,-0.27541,-0.06935,0.54231,0.79072,-0.76,1.09,0.14,-0.15161,-0.01805,0.62029,0.76937,-0.77,1.1,0.16,-0.15161,-0.01805,0.62029,0.76937,-0.71,1.08,0.1,-0.34594,-0.17977,-0.12346,0.91256,-0.73,1.12,0.13,-0.10287,-0.20908,-0.02634,0.97212,-0.74,1.12,0.16,0.2986,-0.20841,0.03456,0.9307,-0.75,1.11,0.18,0.45456,-0.17309,0.06031,0.87165,-0.76,1.09,0.19,0.45456,-0.17309,0.06031,0.87165,-0.7,1.07,0.1,-0.34594,-0.17977,-0.12346,0.91256,-0.71,1.12,0.14,-0.04724,-0.20179,-0.07665,0.97528,-0.72,1.12,0.18,0.39153,-0.21651,0.00795,0.8943,-0.73,1.1,0.19,0.60585,-0.19105,-0.00346,0.77229,-0.74,1.08,0.2,0.60585,-0.19105,-0.00346,0.77229,-0.68,1.07,0.1,-0.34594,-0.17977,-0.12346,0.91256,-0.69,1.11,0.14,-0.13072,-0.17065,-0.1592,0.96356,-0.7,1.12,0.18,0.39429,-0.24814,-0.08533,0.88073,-0.71,1.1,0.19,0.6604,-0.28026,-0.02909,0.69605,-0.72,1.08,0.19,0.6604,-0.28026,-0.02909,0.69605,-0.67,1.07,0.11,-0.26362,-0.11984,-0.35371,0.8894,-0.67,1.09,0.15,-0.29876,-0.10518,-0.2668,0.91022,-0.68,1.11,0.17,0.3116,-0.25715,-0.23044,0.88526,-0.69,1.1,0.18,0.61818,-0.36645,-0.12521,0.68403,-0.7,1.09,0.18,0.61818,-0.36645,-0.12521,0.68403,-0.81,1.08,0.19
-0.79,1.45,-0.15,-0.79,1.45,-0.15,-0.86,1.1,0.11,0.34347,-0.06186,-0.17439,-0.92076,-0.86,1.06,0.06,0.34347,-0.06186,-0.17439,-0.92076,-0.83,1.08,0.09,0.47725,-0.16403,0.473,-0.72222,-0.8,1.1,0.1,0.24075,-0.02048,0.42081,-0.87438,-0.8,1.11,0.13,0.13581,-0.00716,0.50128,-0.85453,-0.79,1.12,0.15,0.13581,-0.00716,0.50128,-0.85453,-0.84,1.08,0.09,0.34347,-0.06186,-0.17439,-0.92076,-0.84,1.12,0.13,0.10033,-0.14447,-0.0832,-0.98089,-0.83,1.13,0.16,-0.25164,-0.16919,-0.05286,-0.95145,-0.82,1.12,0.18,-0.41851,-0.14984,-0.03287,-0.89517,-0.81,1.11,0.2,-0.41851,-0.14984,-0.03287,-0.89517,-0.85,1.08,0.09,0.34347,-0.06186,-0.17439,-0.92076,-0.86,1.12,0.13,0.18811,-0.08302,-0.1742,-0.96301,-0.85,1.14,0.17,-0.21666,-0.14908,-0.1383,-0.95483,-0.84,1.13,0.19,-0.43019,-0.17043,-0.1649,-0.87103,-0.83,1.11,0.21,-0.43019,-0.17043,-0.1649,-0.87103,-0.87,1.08,0.09,0.34347,-0.06186,-0.17439,-0.92076,-0.87,1.11,0.13,0.23146,-0.0509,-0.23587,-0.94244,-0.87,1.13,0.17,-0.24028,-0.17823,-0.21963,-0.92858,-0.86,1.12,0.19,-0.50764,-0.25914,-0.17939,-0.80185,-0.85,1.1,0.2,-0.50764,-0.25914,-0.17939,-0.80185,-0.88,1.07,0.1,0.27835,-0.00496,-0.40652,-0.8702,-0.89,1.09,0.13,0.24011,-0.03949,-0.31274,-0.91814,-0.89,1.11,0.16,-0.23566,-0.1845,-0.32927,-0.89555,-0.88,1.1,0.18,-0.49664,-0.3227,-0.26087,-0.76234,-0.86,1.09,0.18,-0.49664,-0.3227,-0.26087,-0.76234,-0.71,1.09,0.13,-0.29359,-0.16542,-0.06158,0.93949,-0.69,1.06,0.07,-0.29359,-0.16542,-0.06158,0.93949,-0.73,1.06,0.1,-0.40885,-0.24761,0.59607,0.64516,-0.75,1.07,0.12,-0.24361,-0.0945,0.56418,0.78321,-0.77,1.08,0.15,-0.13563,-0.05364,0.64315,0.75173,-0.77,1.08,0.17,-0.13563,-0.05364,0.64315,0.75173,-0.72,1.07,0.1,-0.29359,-0.16542,-0.06158,0.93949,-0.73,1.11,0.14,-0.08129,-0.19152,0.02609,0.97777,-0.75,1.11,0.18,0.2525,-0.17583,0.06273,0.94942,-0.76,1.1,0.2,0.39277,-0.13803,0.07798,0.90587,-0.76,1.08,0.21,0.39277,-0.13803,0.07798,0.90587,-0.7,1.07,0.1,-0.29359,-0.16542,-0.06158,0.93949,-0.71,1.11,0.15,-0.05015,-0.1665,-0.03246,0.98423,-0.73,1.11,0.19,0.34086,-0.16694,0.0226,0.9249,-0.74,1.1,0.21,0.53357,-0.14478,-0.00461,0.83326,-0.74,1.08,0.22,0.53357,-0.14478,-0.00461,0.83326,-0.68,1.07,0.11,-0.29359,-0.16542,-0.06158,0.93949,-0.7,1.1,0.15,-0.16193,-0.12429,-0.11506,0.97216,-0.7,1.11,0.19,0.33613,-0.18454,-0.07795,0.92026,-0.71,1.1,0.2,0.59417,-0.22009,-0.04656,0.77224,-0.72,1.08,0.21,0.59417,-0.22009,-0.04656,0.77224,-0.68,1.07,0.11,-0.22411,-0.0902,-0.2923,0.92531,-0.68,1.09,0.15,-0.32627,-0.04966,-0.20656,0.92109,-0.68,1.11,0.18,0.25114,-0.17033,-0.22195,0.92663,-0.68,1.1,0.19,0.56195,-0.28216,-0.15366,0.76223,-0.7,1.08,0.2,0.56195,-0.28216,-0.15366,0.76223,-0.81,1.08,0.19
-0.79,1.45,-0.15,-0.79,1.45,-0.15,-0.86,1.1,0.11,0.35031,-0.06108,-0.14609,-0.92315,-0.86,1.06,0.06,0.35031,-0.06108,-0.14609,-0.92315,-0.83,1.08,0.08,0.45416,-0.15889,0.51591,-0.70875,-0.8,1.09,0.1,0.21777,0.00276,0.4625,-0.85946,-0.8,1.1,0.13,0.10473,0.02234,0.5374,-0.8365,-0.8,1.11,0.15,0.10473,0.02234,0.5374,-0.8365,-0.84,1.08,0.08,0.35031,-0.06108,-0.14609,-0.92315,-0.83,1.12,0.13,0.06089,-0.13039,-0.05403,-0.98812,-0.83,1.13,0.16,-0.29501,-0.14496,-0.03007,-0.94396,-0.82,1.11,0.18,-0.4502,-0.12119,-0.01497,-0.88454,-0.81,1.1,0.19,-0.4502,-0.12119,-0.01497,-0.88454,-0.85,1.08,0.09,0.35031,-0.06108,-0.14609,-0.92315,-0.86,1.12,0.13,0.16693,-0.08381,-0.14296,-0.97194,-0.85,1.13,0.17,-0.23105,-0.13597,-0.11072,-0.95701,-0.84,1.12,0.19,-0.41973,-0.14795,-0.14297,-0.88402,-0.83,1.11,0.21,-0.41973,-0.14795,-0.14297,-0.88402,-0.87,1.07,0.09,0.35031,-0.06108,-0.14609,-0.92315,-0.87,1.11,0.13,0.22768,-0.05126,-0.20711,-0.95008,-0.87,1.12,0.16,-0.22704,-0.16074,-0.1976,-0.93998,-0.86,1.12,0.18,-0.47104,-0.23212,-0.16919,-0.83404,-0.85,1.1,0.2,-0.47104,-0.23212,-0.16919,-0.83404,-0.88,1.07,0.09,0.28906,-0.00477,-0.38059,-0.87839,-0.89,1.09,0.13,0.23431,-0.0444,-0.28498,-0.92839,-0.89,1.11,0.16,-0.21945,-0.16658,-0.30697,-0.91097,-0.88,1.1,0.17,-0.45381,-0.28972,-0.25556,-0.803,-0.87,1.09,0.18,-0.45381,-0.28972,-0.25556,-0.803,-0.71,1.09,0.13,-0.2454,-0.15207,-0.03506,0.95678,-0.69,1.06,0.08,-0.2454,-0.15207,-0.03506,0.95678,-0.73,1.06,0.1,-0.40961,-0.26671,0.55907,0.66973,-0.75,1.07,0.12,-0.24883,-0.13045,0.52802,0.80141,-0.77,1.08,0.15,-0.17923,-0.12116,0.61094,0.76154,-0.78,1.08,0.17,-0.17923,-0.12116,0.61094,0.76154,-0.72,1.07,0.1,-0.2454,-0.15207,-0.03506,0.95678,-0.74,1.1,0.15,-0.04564,-0.19656,0.05383,0.97795,-0.75,1.1,0.18,0.23407,-0.17516,0.08082,0.95289,-0.76,1.09,0.2,0.35453,-0.13679,0.09186,0.92041,-0.76,1.08,0.22,0.35453,-0.13679,0.09186,0.92041,-0.7,1.07,0.11,-0.2454,-0.15207,-0.03506,0.95678,-0.72,1.1,0.15,-0.08785,-0.14535,-0.02291,0.98521,-0.73,1.11,0.19,0.2859,-0.14471,0.02004,0.94706,-0.74,1.1,0.21,0.47089,-0.1277,-0.01319,0.8728,-0.74,1.08,0.23,0.47089,-0.1277,-0.01319,0.8728,-0.69,1.07,0.11,-0.2454,-0.15207,-0.03506,0.95678,-0.7,1.1,0.16,-0.19989,-0.09652,-0.09751,0.97017,-0.7,1.11,0.19,0.2928,-0.1527,-0.07673,0.94078,-0.71,1.1,0.21,0.54808,-0.19058,-0.05552,0.81253,-0.72,1.08,0.22,0.54808,-0.19058,-0.05552,0.81253,-0.68,1.07,0.11,-0.18364,-0.06439,-0.26368,0.94478,-0.68,1.08,0.16,-0.34173,-0.01331,-0.17316,0.92361,-0.68,1.1,0.18,0.19748,-0.11442,-0.21817,0.94885,-0.68,1.1,0.2,0.51711,-0.22912,-0.1689,0.8072,-0.69,1.08,0.2,0.51711,-0.22912,-0.1689,0.8072,-0.81,1.08,0.19
-0.79,1.45,-0.15,-0.79,1.45,-0.15,-0.85,1.09,0.11,0.34448,-0.07172,-0.11373,-0.92911,-0.86,1.06,0.06,0.34448,-0.07172,-0.11373,-0.92911,-0.82,1.07,0.08,0.44159,-0.17088,0.54341,-0.69319,-0.8,1.08,0.1,0.21013,0.00078,0.49405,-0.84366,-0.8,1.1,0.13,0.09325,0.02655,0.56673,-0.81818,-0.79,1.1,0.15,0.09325,0.02655,0.56673,-0.81818,-0.84,1.08,0.08,0.34448,-0.07172,-0.11373,-0.92911,-0.83,1.12,0.13,0.0092,-0.12685,-0.01692,-0.99173,-0.82,1.12,0.16,-0.3774,-0.12705,0.00775,-0.91726,-0.82,1.1,0.18,-0.52549,-0.09649,0.02166,-0.84503,-0.81,1.08,0.19,-0.52549,-0.09649,0.02166,-0.84503,-0.85,1.07,0.08,0.34448,-0.07172,-0.11373,-0.92911,-0.85,1.12,0.13,0.10706,-0.09571,-0.10274,-0.98429,-0.84,1.13,0.17,-0.30182,-0.13104,-0.0678,-0.94188,-0.84,1.11,0.19,-0.48613,-0.13029,-0.10154,-0.85813,-0.83,1.09,0.2,-0.48613,-0.13029,-0.10154,-0.85813,-0.87,1.07,0.09,0.34448,-0.07172,-0.11373,-0.92911,-0.87,1.11,0.13,0.17879,-0.06687,-0.16983,-0.96681,-0.87,1.12,0.16,-0.28348,-0.15664,-0.15803,-0.93281,-0.86,1.11,0.18,-0.52318,-0.21608,-0.13402,-0.81341,-0.85,1.09,0.19,-0.52318,-0.21608,-0.13402,-0.81341,-0.88,1.07,0.09,0.28565,-0.01244,-0.34949,-0.89225,-0.88,1.09,0.13,0.20441,-0.05989,-0.25119,-0.94421,-0.88,1.1,0.16,-0.25069,-0.16174,-0.27089,-0.91521,-0.88,1.1,0.17,-0.4789,-0.27319,-0.22609,-0.80306,-0.86,1.08,0.18,-0.4789,-0.27319,-0.22609,-0.80306,-0.71,1.09,0.13,-0.22377,-0.14501,-0.03697,0.96309,-0.69,1.06,0.07,-0.22377,-0.14501,-0.03697,0.96309,-0.73,1.06,0.1,-0.41008,-0.26463,0.53478,0.6898,-0.75,1.07,0.12,-0.25128,-0.13795,0.50055,0.81687,-0.77,1.08,0.15,-0.20463,-0.14669,0.58345,0.77213,-0.78,1.09,0.17,-0.20463,-0.14669,0.58345,0.77213,-0.72,1.07,0.1,-0.22377,-0.14501,-0.03697,0.96309,-0.73,1.1,0.15,-0.01577,-0.20019,0.05518,0.97807,-0.75,1.1,0.19,0.27867,-0.17608,0.08612,0.94017,-0.76,1.08,0.2,0.40115,-0.13616,0.09921,0.90039,-0.76,1.07,0.22,0.40115,-0.13616,0.09921,0.90039,-0.7,1.07,0.11,-0.22377,-0.14501,-0.03697,0.96309,-0.71,1.1,0.16,-0.07996,-0.1395,-0.02727,0.98661,-0.73,1.11,0.19,0.30995,-0.14052,0.01619,0.94017,-0.73,1.09,0.22,0.49774,-0.12262,-0.0173,0.85844,-0.74,1.07,0.23,0.49774,-0.12262,-0.0173,0.85844,-0.68,1.07,0.11,-0.22377,-0.14501,-0.03697,0.96309,-0.69,1.09,0.16,-0.18912,-0.09014,-0.09883,0.9728,-0.7,1.11,0.19,0.31159,-0.14799,-0.08008,0.9352,-0.71,1.1,0.21,0.56377,-0.1865,-0.0606,0.80231,-0.72,1.07,0.22,0.56377,-0.1865,-0.0606,0.80231,-0.68,1.07,0.11,-0.16377,-0.05222,-0.26393,0.9491,-0.68,1.08,0.16,-0.32134,-0.00092,-0.17122,0.93136,-0.67,1.1,0.18,0.21095,-0.09961,-0.22372,0.94632,-0.68,1.09,0.2,0.518,-0.21522,-0.18236,0.80753,-0.69,1.08,0.21,0.518,-0.21522,-0.18236,0.80753,-0.81,1.08,0.19
-0.79,1.45,-0.15,-0.79,1.45,-0.15,-0.85,1.09,0.11,0.33633,-0.07378,-0.10564,-0.93289,-0.86,1.06,0.06,0.33633,-0.07378,-0.10564,-0.93289,-0.82,1.07,0.08,0.43341,-0.17511,0.5494,-0.69257,-0.8,1.08,0.1,0.204,-0.00165,0.50132,-0.84087,-0.79,1.09,0.13,0.08874,0.02356,0.57381,-0.81383,-0.79,1.1,0.16,0.08874,0.02356,0.57381,-0.81383,-0.84,1.07,0.08,0.33633,-0.07378,-0.10564,-0.93289,-0.83,1.11,0.13,0.00459,-0.12088,-0.01384,-0.99256,-0.82,1.11,0.16,-0.40186,-0.12005,0.01093,-0.90773,-0.81,1.1,0.18,-0.55374,-0.08877,0.02512,-0.82756,-0.81,1.08,0.19,-0.55374,-0.08877,0.02512,-0.82756,-0.85,1.07,0.09,0.33633,-0.07378,-0.10564,-0.93289,-0.85,1.11,0.13,0.07225,-0.09722,-0.09225,-0.98834,-0.84,1.12,0.17,-0.35068,-0.12866,-0.05558,-0.92595,-0.84,1.1,0.19,-0.53871,-0.12278,-0.08905,-0.82873,-0.83,1.08,0.2,-0.53871,-0.12278,-0.08905,-0.82873,-0.87,1.07,0.09,0.33633,-0.07378,-0.10564,-0.93289,-0.87,1.1,0.13,0.14181,-0.07139,-0.15921,-0.97439,-0.86,1.12,0.17,-0.32459,-0.15504,-0.14666,-0.92146,-0.85,1.1,0.19,-0.56348,-0.21078,-0.12388,-0.78912,-0.84,1.08,0.19,-0.56348,-0.21078,-0.12388,-0.78912,-0.88,1.07,0.09,0.2784,-0.01207,-0.34125,-0.89772,-0.88,1.09,0.13,0.18593,-0.06157,-0.243,-0.95005,-0.88,1.1,0.16,-0.27153,-0.15857,-0.26267,-0.91221,-0.87,1.09,0.17,-0.50015,-0.26818,-0.21957,-0.79355,-0.86,1.08,0.18,-0.50015,-0.26818,-0.21957,-0.79355,-0.7,1.09,0.12,-0.28842,-0.161,-0.11374,0.93699,-0.68,1.06,0.07,-0.28842,-0.161,-0.11374,0.93699,-0.72,1.07,0.09,-0.48171,-0.2128,0.4856,0.69776,-0.75,1.09,0.11,-0.31248,-0.09929,0.43876,0.83665,-0.76,1.1,0.13,-0.25701,-0.10139,0.52619,0.80423,-0.77,1.11,0.15,-0.25701,-0.10139,0.52619,0.80423,-0.71,1.08,0.09,-0.28842,-0.161,-0.11374,0.93699,-0.73,1.11,0.14,0.01958,-0.22441,0.01402,0.9742,-0.74,1.11,0.17,0.46005,-0.19874,0.08828,0.86085,-0.75,1.09,0.18,0.60095,-0.15323,0.1166,0.77575,-0.75,1.07,0.19,0.60095,-0.15323,0.1166,0.77575,-0.69,1.07,0.1,-0.28842,-0.161,-0.11374,0.93699,-0.71,1.11,0.14,-0.1014,-0.17524,-0.0916,0.975,-0.72,1.12,0.18,0.35225,-0.20018,-0.01502,0.91412,-0.73,1.11,0.2,0.55241,-0.18397,-0.03291,0.81235,-0.74,1.08,0.21,0.55241,-0.18397,-0.03291,0.81235,-0.68,1.07,0.1,-0.28842,-0.161,-0.11374,0.93699,-0.69,1.1,0.15,-0.21465,-0.12355,-0.17228,0.95341,-0.69,1.12,0.18,0.31855,-0.21852,-0.11861,0.91472,-0.71,1.11,0.2,0.5684,-0.26444,-0.07646,0.77534,-0.72,1.09,0.2,0.5684,-0.26444,-0.07646,0.77534,-0.67,1.07,0.11,-0.21275,-0.08616,-0.34162,0.91138,-0.67,1.09,0.15,-0.35485,-0.01028,-0.25714,0.89881,-0.67,1.11,0.17,0.18308,-0.15983,-0.28816,0.92623,-0.67,1.1,0.19,0.46374,-0.28866,-0.226,0.80657,-0.69,1.09,0.2,0.46374,-0.28866,-0.226,0.80657,-0.81,1.08,0.19
-0.79,1.45,-0.15,-0.79,1.45,-0.15,-0.85,1.09,0.11,0.33511,-0.07216,-0.11251,-0.93265,-0.86,1.06,0.06,0.33511,-0.07216,-0.11251,-0.93265,-0.82,1.07,0.09,0.4304,-0.17059,0.5473,-0.69722,-0.8,1.08,0.1,0.19998,0.00241,0.49768,-0.84399,-0.8,1.09,0.13,0.08703,0.02483,0.57014,-0.81655,-0.79,1.1,0.16,0.08703,0.02483,0.57014,-0.81655,-0.84,1.07,0.09,0.33511,-0.07216,-0.11251,-0.93265,-0.83,1.11,0.13,0.00697,-0.11758,-0.02453,-0.99274,-0.82,1.12,0.16,-0.39804,-0.12143,-0.00039,-0.9093,-0.82,1.1,0.18,-0.55394,-0.09209,0.01455,-0.82732,-0.81,1.08,0.19,-0.55394,-0.09209,0.01455,-0.82732,-0.85,1.07,0.09,0.33511,-0.07216,-0.11251,-0.93265,-0.85,1.11,0.13,0.0704,-0.09659,-0.09986,-0.9878,-0.84,1.12,0.17,-0.34955,-0.13108,-0.06311,-0.92556,-0.84,1.1,0.19,-0.54049,-0.12689,-0.09572,-0.8262,-0.83,1.08,0.2,-0.54049,-0.12689,-0.09572,-0.8262,-0.87,1.07,0.09,0.33511,-0.07216,-0.11251,-0.93265,-0.87,1.1,0.13,0.14069,-0.07085,-0.16628,-0.97341,-0.87,1.12,0.17,-0.3227,-0.1574,-0.1535,-0.92061,-0.86,1.1,0.19,-0.56154,-0.21496,-0.12968,-0.78844,-0.84,1.08,0.19,-0.56154,-0.21496,-0.12968,-0.78844,-0.88,1.07,0.09,0.27659,-0.0104,-0.34771,-0.89582,-0.88,1.09,0.13,0.1844,-0.06139,-0.24958,-0.94865,-0.88,1.1,0.16,-0.2681,-0.16009,-0.26903,-0.91111,-0.88,1.09,0.17,-0.49527,-0.27109,-0.22538,-0.79399,-0.86,1.08,0.18,-0.49527,-0.27109,-0.22538,-0.79399,-0.7,1.1,0.11,-0.34055,-0.17158,-0.14031,0.91373,-0.68,1.06,0.07,-0.34055,-0.17158,-0.14031,0.91373,-0.72,1.07,0.09,-0.51943,-0.17674,0.48189,0.68318,-0.74,1.09,0.1,-0.34909,-0.06572,0.4271,0.8315,-0.76,1.11,0.13,-0.28041,-0.05852,0.51471,0.8081,-0.77,1.12,0.15,-0.28041,-0.05852,0.51471,0.8081,-0.71,1.08,0.09,-0.34055,-0.17158,-0.14031,0.91373,-0.72,1.12,0.13,-0.01679,-0.23559,-0.00252,0.97171,-0.74,1.12,0.16,0.48126,-0.21167,0.0925,0.84559,-0.75,1.1,0.17,0.64442,-0.16142,0.12973,0.73609,-0.75,1.08,0.18,0.64442,-0.16142,0.12973,0.73609,-0.69,1.08,0.09,-0.34055,-0.17158,-0.14031,0.91373,-0.7,1.12,0.13,-0.13353,-0.19817,-0.10856,0.96494,-0.72,1.13,0.17,0.30351,-0.22834,-0.02351,0.92476,-0.73,1.12,0.19,0.5031,-0.21652,-0.03629,0.83588,-0.74,1.1,0.2,0.5031,-0.21652,-0.03629,0.83588,-0.68,1.07,0.1,-0.34055,-0.17158,-0.14031,0.91373,-0.69,1.11,0.14,-0.24668,-0.14771,-0.19552,0.93761,-0.69,1.13,0.17,0.26989,-0.25054,-0.12805,0.92087,-0.71,1.12,0.19,0.51859,-0.29863,-0.07651,0.79752,-0.72,1.1,0.2,0.51859,-0.29863,-0.07651,0.79752,-0.67,1.07,0.11,-0.25772,-0.11094,-0.36965,0.8858,-0.67,1.09,0.14,-0.39248,-0.01892,-0.29204,0.87196,-0.67,1.12,0.16,0.14782,-0.19219,-0.30991,0.91933,-0.67,1.11,0.18,0.41409,-0.32252,-0.23878,0.817,-0.69,1.1,0.19,0.41409,-0.32252,-0.23878,0.817,-0.81,1.08,0.19
-0.79,1.45,-0.15,-0.79,1.45,-0.15,-0.85,1.09,0.11,0.3332,-0.06862,-0.12117,-0.93252,-0.86,1.06,0.06,0.3332,-0.06862,-0.12117,-0.93252,-0.83,1.07,0.09,0.42752,-0.16606,0.54281,-0.70357,-0.8,1.09,0.11,0.19435,0.00645,0.4917,-0.84877,-0.8,1.1,0.14,0.08727,0.02324,0.56463,-0.82039,-0.79,1.1,0.16,0.08727,0.02324,0.56463,-0.82039,-0.84,1.08,0.09,0.3332,-0.06862,-0.12117,-0.93252,-0.83,1.12,0.13,0.00846,-0.11244,-0.03795,-0.9929,-0.82,1.12,0.17,-0.39076,-0.12209,-0.01552,-0.91223,-0.82,1.1,0.18,-0.54667,-0.09546,-0.00057,-0.83189,-0.81,1.08,0.19,-0.54667,-0.09546,-0.00057,-0.83189,-0.85,1.07,0.09,0.3332,-0.06862,-0.12117,-0.93252,-0.85,1.11,0.13,0.06763,-0.09423,-0.10993,-0.98715,-0.85,1.12,0.17,-0.34165,-0.13231,-0.07466,-0.92747,-0.84,1.1,0.19,-0.53052,-0.13082,-0.10695,-0.83066,-0.83,1.08,0.2,-0.53052,-0.13082,-0.10695,-0.83066,-0.87,1.07,0.09,0.3332,-0.06862,-0.12117,-0.93252,-0.87,1.1,0.13,0.13989,-0.06897,-0.17531,-0.97208,-0.87,1.12,0.17,-0.31384,-0.15834,-0.16365,-0.92177,-0.86,1.1,0.19,-0.54979,-0.21846,-0.13957,-0.79406,-0.84,1.08,0.2,-0.54979,-0.21846,-0.13957,-0.79406,-0.88,1.07,0.09,0.27427,-0.00676,-0.35587,-0.89336,-0.89,1.09,0.13,0.18145,-0.06067,-0.25775,-0.94708,-0.88,1.1,0.16,-0.26297,-0.16084,-0.2774,-0.90996,-0.88,1.09,0.18,-0.48655,-0.27325,-0.23388,-0.79618,-0.86,1.08,0.18,-0.48655,-0.27325,-0.23388,-0.79618,-0.7,1.1,0.11,-0.34447,-0.17184,-0.14128,0.91206,-0.68,1.06,0.07,-0.34447,-0.17184,-0.14128,0.91206,-0.72,1.07,0.09,-0.51076,-0.17578,0.49616,0.67975,-0.75,1.09,0.1,-0.34221,-0.06083,0.44138,0.82727,-0.76,1.11,0.13,-0.2751,-0.0547,0.52792,0.80164,-0.77,1.12,0.15,-0.2751,-0.0547,0.52792,0.80164,-0.71,1.08,0.09,-0.34447,-0.17184,-0.14128,0.91206,-0.73,1.12,0.13,-0.01512,-0.23003,-0.00665,0.97304,-0.74,1.12,0.16,0.50186,-0.20698,0.09074,0.8349,-0.75,1.1,0.17,0.68017,-0.15417,0.13198,0.70441,-0.75,1.08,0.17,0.68017,-0.15417,0.13198,0.70441,-0.69,1.07,0.09,-0.34447,-0.17184,-0.14128,0.91206,-0.7,1.12,0.13,-0.08531,-0.20952,-0.09455,0.96948,-0.72,1.13,0.17,0.26869,-0.23048,-0.02603,0.93488,-0.73,1.11,0.19,0.42516,-0.2215,-0.0458,0.8764,-0.74,1.1,0.21,0.42516,-0.2215,-0.0458,0.8764,-0.68,1.07,0.1,-0.34447,-0.17184,-0.14128,0.91206,-0.69,1.11,0.14,-0.21087,-0.15945,-0.1884,0.94584,-0.7,1.13,0.17,0.23216,-0.24614,-0.13504,0.93128,-0.71,1.12,0.19,0.45137,-0.29527,-0.09276,0.83694,-0.72,1.1,0.2,0.45137,-0.29527,-0.09276,0.83694,-0.67,1.07,0.11,-0.26135,-0.11225,-0.37079,0.88408,-0.67,1.09,0.14,-0.39106,-0.01139,-0.29469,0.87184,-0.67,1.11,0.16,0.14004,-0.1844,-0.31747,0.91957,-0.67,1.11,0.18,0.37582,-0.30895,-0.25805,0.8347,-0.69,1.1,0.19,0.37582,-0.30895,-0.25805,0.8347,-0.81,1.08,0.19
-0.79,1.45,-0.15,-0.79,1.45,-0.15,-0.85,1.09,0.11,0.33339,-0.06775,-0.12277,-0.93231,-0.86,1.06,0.06,0.33339,-0.06775,-0.12277,-0.93231,-0.83,1.07,0.09,0.42451,-0.16414,0.54464,-0.70443,-0.8,1.09,0.11,0.19073,0.00955,0.49293,-0.84885,-0.8,1.1,0.14,0.09028,0.02142,0.56615,-0.81906,-0.79,1.1,0.16,0.09028,0.02142,0.56615,-0.81906,-0.84,1.08,0.09,0.33339,-0.06775,-0.12277,-0.93231,-0.83,1.12,0.13,0.00991,-0.10755,-0.0433,-0.99321,-0.82,1.12,0.17,-0.38435,-0.11966,-0.02305,-0.91511,-0.82,1.1,0.18,-0.53966,-0.09439,-0.00878,-0.83653,-0.81,1.08,0.19,-0.53966,-0.09439,-0.00878,-0.83653,-0.85,1.07,0.09,0.33339,-0.06775,-0.12277,-0.93231,-0.85,1.12,0.13,0.06131,-0.09304,-0.11203,-0.98744,-0.85,1.12,0.17,-0.33916,-0.1313,-0.07824,-0.92823,-0.84,1.1,0.19,-0.52384,-0.13043,-0.11094,-0.83443,-0.83,1.08,0.2,-0.52384,-0.13043,-0.11094,-0.83443,-0.87,1.07,0.09,0.33339,-0.06775,-0.12277,-0.93231,-0.87,1.1,0.13,0.13625,-0.06915,-0.17672,-0.97233,-0.87,1.12,0.17,-0.30959,-0.15769,-0.166,-0.92289,-0.86,1.1,0.19,-0.54098,-0.21796,-0.14287,-0.79964,-0.84,1.08,0.2,-0.54098,-0.21796,-0.14287,-0.79964,-0.88,1.07,0.09,0.2744,-0.00601,-0.35741,-0.89271,-0.89,1.09,0.13,0.17838,-0.06225,-0.25886,-0.94726,-0.88,1.1,0.16,-0.26189,-0.16134,-0.27819,-0.90994,-0.88,1.09,0.18,-0.48183,-0.27298,-0.23552,-0.79866,-0.86,1.08,0.19,-0.48183,-0.27298,-0.23552,-0.79866,-0.7,1.09,0.12,-0.32962,-0.16978,-0.1399,0.91813,-0.68,1.06,0.07,-0.32962,-0.16978,-0.1399,0.91813,-0.72,1.07,0.09,-0.49374,-0.19256,0.50231,0.68325,-0.75,1.09,0.11,-0.32747,-0.07611,0.45127,0.82664,-0.76,1.1,0.13,-0.27608,-0.08008,0.53755,0.79272,-0.77,1.11,0.15,-0.27608,-0.08008,0.53755,0.79272,-0.71,1.07,0.09,-0.32962,-0.16978,-0.1399,0.91813,-0.73,1.12,0.13,-0.07799,-0.22321,-0.03046,0.97117,-0.74,1.12,0.16,0.42812,-0.21657,0.06268,0.87515,-0.75,1.1,0.18,0.62223,-0.16981,0.10553,0.75687,-0.75,1.08,0.18,0.62223,-0.16981,0.10553,0.75687,-0.7,1.07,0.1,-0.32962,-0.16978,-0.1399,0.91813,-0.7,1.12,0.14,-0.03395,-0.21337,-0.08384,0.97277,-0.72,1.12,0.17,0.28022,-0.22884,-0.02394,0.93195,-0.73,1.11,0.19,0.41489,-0.21876,-0.04703,0.88193,-0.74,1.09,0.21,0.41489,-0.21876,-0.04703,0.88193,-0.68,1.07,0.1,-0.32962,-0.16978,-0.1399,0.91813,-0.69,1.11,0.14,-0.13968,-0.167,-0.17673,0.95988,-0.7,1.12,0.18,0.25728,-0.23902,-0.13355,0.92674,-0.71,1.11,0.2,0.45239,-0.28588,-0.0995,0.83888,-0.72,1.09,0.21,0.45239,-0.28588,-0.0995,0.83888,-0.67,1.07,0.11,-0.24749,-0.1063,-0.36866,0.88969,-0.67,1.09,0.14,-0.37083,0.00425,-0.29225,0.88151,-0.67,1.11,0.17,0.13773,-0.16017,-0.32728,0.92101,-0.67,1.11,0.18,0.35059,-0.28151,-0.28073,0.84796,-0.69,1.1,0.2,0.35059,-0.28151,-0.28073,0.84796,-0.81,1.08,0.19
-0.79,1.45,-0.15,-0.79,1.45,-0.15,-0.85,1.09,0.11,0.33434,-0.06743,-0.12099,-0.93222,-0.86,1.06,0.06,0.33434,-0.06743,-0.12099,-0.93222,-0.83,1.07,0.09,0.42016,-0.16324,0.55021,-0.70291,-0.8,1.09,0.11,0.18769,0.01225,0.4982,-0.84641,-0.8,1.1,0.14,0.0913,0.02142,0.57128,-0.81538,-0.8,1.1,0.16,0.0913,0.02142,0.57128,-0.81538,-0.84,1.08,0.09,0.33434,-0.06743,-0.12099,-0.93222,-0.83,1.12,0.13,0.01061,-0.10318,-0.04426,-0.99362,-0.82,1.12,0.17,-0.38371,-0.11604,-0.02566,-0.91577,-0.82,1.1,0.18,-0.53855,-0.09126,-0.01209,-0.83755,-0.81,1.08,0.19,-0.53855,-0.09126,-0.01209,-0.83755,-0.85,1.07,0.09,0.33434,-0.06743,-0.12099,-0.93222,-0.85,1.12,0.13,0.05311,-0.09188,-0.11045,-0.9882,-0.85,1.12,0.17,-0.3452,-0.12936,-0.07752,-0.92634,-0.84,1.1,0.19,-0.52723,-0.12785,-0.11066,-0.83273,-0.83,1.08,0.2,-0.52723,-0.12785,-0.11066,-0.83273,-0.87,1.07,0.09,0.33434,-0.06743,-0.12099,-0.93222,-0.87,1.1,0.13,0.13062,-0.06941,-0.17473,-0.97344,-0.87,1.12,0.17,-0.31148,-0.1562,-0.16476,-0.92273,-0.86,1.1,0.19,-0.53991,-0.2158,-0.14266,-0.80098,-0.84,1.08,0.2,-0.53991,-0.2158,-0.14266,-0.80098,-0.88,1.07,0.09,0.27564,-0.00588,-0.35582,-0.89296,-0.89,1.09,0.13,0.17582,-0.06328,-0.25699,-0.94818,-0.88,1.1,0.16,-0.26315,-0.16081,-0.27627,-0.91026,-0.88,1.09,0.18,-0.48072,-0.27133,-0.23459,-0.80016,-0.86,1.08,0.19,-0.48072,-0.27133,-0.23459,-0.80016,-0.7,1.09,0.12,-0.30858,-0.1856,-0.13188,0.92355,-0.68,1.06,0.07,-0.30858,-0.1856,-0.13188,0.92355,-0.72,1.07,0.09,-0.48782,-0.22871,0.49948,0.67842,-0.75,1.08,0.1,-0.32736,-0.11598,0.45605,0.81939,-0.76,1.1,0.13,-0.29064,-0.12664,0.54232,0.77806,-0.78,1.1,0.15,-0.29064,-0.12664,0.54232,0.77806,-0.71,1.07,0.09,-0.30858,-0.1856,-0.13188,0.92355,-0.73,1.11,0.13,-0.17244,-0.23834,-0.04883,0.9545,-0.75,1.12,0.16,0.24591,-0.24541,0.03092,0.9372,-0.76,1.11,0.18,0.45096,-0.20777,0.07382,0.86488,-0.76,1.1,0.19,0.45096,-0.20777,0.07382,0.86488,-0.7,1.07,0.1,-0.30858,-0.1856,-0.13188,0.92355,-0.71,1.11,0.14,-0.01435,-0.22846,-0.0702,0.97091,-0.73,1.11,0.18,0.30086,-0.23856,-0.00553,0.92333,-0.74,1.1,0.19,0.44124,-0.22459,-0.02613,0.86844,-0.75,1.08,0.21,0.44124,-0.22459,-0.02613,0.86844,-0.68,1.07,0.1,-0.30858,-0.1856,-0.13188,0.92355,-0.69,1.1,0.14,-0.09769,-0.18175,-0.162,0.96498,-0.7,1.11,0.18,0.30239,-0.2455,-0.1139,0.91396,-0.72,1.1,0.2,0.50282,-0.2873,-0.07778,0.81153,-0.73,1.08,0.21,0.50282,-0.2873,-0.07778,0.81153,-0.67,1.07,0.11,-0.22487,-0.11635,-0.35879,0.89842,-0.68,1.09,0.15,-0.3552,0.0022,-0.28267,0.89103,-0.67,1.11,0.17,0.1609,-0.1573,-0.3179,0.92103,-0.68,1.1,0.19,0.39656,-0.28328,-0.26692,0.83141,-0.69,1.09,0.2,0.39656,-0.28328,-0.26692,0.83141,-0.81,1.08,0.19
-0.79,1.45,-0.16,-0.79,1.45,-0.16,-0.85,1.09,0.11,0.33451,-0.06784,-0.12007,-0.93225,-0.86,1.06,0.06,0.33451,-0.06784,-0.12007,-0.93225,-0.83,1.07,0.09,0.41603,-0.1632,0.55475,-0.70181,-0.8,1.08,0.11,0.18455,0.01384,0.50273,-0.8444,-0.8,1.1,0.14,0.08961,0.02207,0.5755,-0.81258,-0.8,1.1,0.16,0.08961,0.02207,0.5755,-0.81258,-0.84,1.08,0.09,0.33451,-0.06784,-0.12007,-0.93225,-0.83,1.12,0.13,0.0101,-0.1009,-0.04493,-0.99383,-0.82,1.12,0.17,-0.38546,-0.11422,-0.02703,-0.91523,-0.82,1.1,0.18,-0.53987,-0.08968,-0.01373,-0.83684,-0.81,1.08,0.19,-0.53987,-0.08968,-0.01373,-0.83684,-0.85,1.07,0.09,0.33451,-0.06784,-0.12007,-0.93225,-0.85,1.12,0.13,0.04516,-0.09222,-0.10911,-0.98871,-0.85,1.12,0.17,-0.35238,-0.12901,-0.0762,-0.92379,-0.84,1.1,0.19,-0.53223,-0.12668,-0.10942,-0.82989,-0.83,1.08,0.2,-0.53223,-0.12668,-0.10942,-0.82989,-0.87,1.07,0.09,0.33451,-0.06784,-0.12007,-0.93225,-0.87,1.1,0.13,0.12307,-0.07078,-0.17324,-0.97459,-0.87,1.11,0.17,-0.31716,-0.15619,-0.16321,-0.92107,-0.86,1.1,0.19,-0.54303,-0.21501,-0.14168,-0.79926,-0.84,1.08,0.2,-0.54303,-0.21501,-0.14168,-0.79926,-0.88,1.07,0.09,0.27586,-0.00629,-0.35494,-0.89324,-0.89,1.09,0.13,0.17179,-0.06495,-0.25587,-0.94911,-0.88,1.1,0.16,-0.26623,-0.16121,-0.27465,-0.90978,-0.88,1.09,0.18,-0.48025,-0.27039,-0.23406,-0.80092,-0.86,1.08,0.19,-0.48025,-0.27039,-0.23406,-0.80092,-0.71,1.08,0.12,-0.25669,-0.19392,-0.08867,0.94268,-0.68,1.06,0.07,-0.25669,-0.19392,-0.08867,0.94268,-0.72,1.06,0.09,-0.45412,-0.28464,0.50988,0.67289,-0.75,1.07,0.1,-0.3018,-0.17164,0.47802,0.80682,-0.77,1.08,0.13,-0.26897,-0.18303,0.56282,0.75986,-0.78,1.09,0.15,-0.26897,-0.18303,0.56282,0.75986,-0.71,1.07,0.09,-0.25669,-0.19392,-0.08867,0.94268,-0.73,1.1,0.14,-0.08968,-0.28289,0.0194,0.95475,-0.76,1.11,0.17,0.24118,-0.26422,0.08785,0.92968,-0.77,1.09,0.19,0.40593,-0.21896,0.12324,0.87869,-0.77,1.08,0.2,0.40593,-0.21896,0.12324,0.87869,-0.7,1.07,0.1,-0.25669,-0.19392,-0.08867,0.94268,-0.71,1.1,0.14,-0.11279,-0.21212,-0.0646,0.96856,-0.73,1.11,0.18,0.1967,-0.22248,-0.0078,0.95486,-0.74,1.1,0.2,0.35827,-0.21507,-0.02962,0.90803,-0.75,1.09,0.22,0.35827,-0.21507,-0.02962,0.90803,-0.68,1.07,0.1,-0.25669,-0.19392,-0.08867,0.94268,-0.7,1.09,0.15,-0.17839,-0.14898,-0.14424,0.96186,-0.71,1.11,0.18,0.23599,-0.21273,-0.10778,0.94204,-0.72,1.1,0.2,0.46875,-0.25699,-0.07234,0.84202,-0.73,1.08,0.21,0.46875,-0.25699,-0.07234,0.84202,-0.67,1.06,0.11,-0.17863,-0.11019,-0.31348,0.92611,-0.68,1.08,0.15,-0.33599,0.01427,-0.2311,0.91296,-0.67,1.1,0.17,0.20244,-0.12309,-0.28023,0.93023,-0.68,1.09,0.19,0.49472,-0.25441,-0.22858,0.79892,-0.69,1.08,0.2,0.49472,-0.25441,-0.22858,0.79892,-0.81,1.08,0.19
