-0.78,1.46,-0.16,-0.78,1.46,-0.16,-0.85,1.1,0.11,0.34891,-0.06365,-0.13931,-0.92455,-0.86,1.06,0.06,0.34891,-0.06365,-0.13931,-0.92455,-0.82,1.07,0.09,0.40636,-0.16458,0.56236,-0.7011,-0.8,1.09,0.11,0.17215,0.01793,0.51098,-0.84199,-0.8,1.1,0.14,0.04053,0.05167,0.57773,-0.81358,-0.8,1.1,0.16,0.04053,0.05167,0.57773,-0.81358,-0.84,1.08,0.09,0.34891,-0.06365,-0.13931,-0.92455,-0.83,1.12,0.13,-0.01569,-0.11117,-0.05387,-0.99222,-0.82,1.12,0.17,-0.40781,-0.12649,-0.03137,-0.90372,-0.82,1.1,0.18,-0.54707,-0.10195,-0.01709,-0.83068,-0.81,1.08,0.19,-0.54707,-0.10195,-0.01709,-0.83068,-0.85,1.07,0.09,0.34891,-0.06365,-0.13931,-0.92455,-0.85,1.12,0.13,0.04761,-0.0902,-0.13153,-0.98605,-0.85,1.12,0.17,-0.41843,-0.14308,-0.08701,-0.89268,-0.84,1.1,0.19,-0.63796,-0.14143,-0.11201,-0.74864,-0.83,1.08,0.19,-0.63796,-0.14143,-0.11201,-0.74864,-0.87,1.07,0.09,0.34891,-0.06365,-0.13931,-0.92455,-0.87,1.11,0.13,0.12397,-0.06388,-0.19805,-0.97022,-0.87,1.12,0.17,-0.39685,-0.17678,-0.17466,-0.8836,-0.86,1.1,0.19,-0.66018,-0.24181,-0.13667,-0.69786,-0.84,1.08,0.19,-0.66018,-0.24181,-0.13667,-0.69786,-0.88,1.07,0.1,0.2881,-0.00665,-0.37408,-0.88149,-0.89,1.09,0.13,0.19138,-0.04834,-0.28204,-0.93888,-0.89,1.1,0.16,-0.32378,-0.18475,-0.2933,-0.88035,-0.88,1.09,0.17,-0.59088,-0.3147,-0.22545,-0.70781,-0.86,1.08,0.18,-0.59088,-0.3147,-0.22545,-0.70781,-0.71,1.1,0.11,-0.34647,-0.154,-0.08538,0.92139,-0.69,1.06,0.07,-0.34647,-0.154,-0.08538,0.92139,-0.73,1.07,0.09,-0.40303,-0.21913,0.62433,0.63226,-0.75,1.08,0.11,-0.21046,-0.03331,0.5902,0.77863,-0.76,1.08,0.14,-0.12547,-0.01759,0.66244,0.73833,-0.77,1.09,0.16,-0.12547,-0.01759,0.66244,0.73833,-0.72,1.07,0.09,-0.34647,-0.154,-0.08538,0.92139,-0.73,1.11,0.13,0.06002,-0.20601,0.07102,0.97412,-0.75,1.11,0.16,0.32487,-0.17772,0.09813,0.92371,-0.75,1.09,0.18,0.39237,-0.14163,0.10345,0.90293,-0.76,1.08,0.19,0.39237,-0.14163,0.10345,0.90293,-0.7,1.07,0.09,-0.34647,-0.154,-0.08538,0.92139,-0.71,1.12,0.13,-0.03098,-0.17105,-0.04209,0.98388,-0.73,1.12,0.17,0.42107,-0.17311,0.02743,0.88993,-0.73,1.1,0.19,0.64974,-0.1407,0.00679,0.74699,-0.74,1.08,0.19,0.64974,-0.1407,0.00679,0.74699,-0.68,1.07,0.1,-0.34647,-0.154,-0.08538,0.92139,-0.69,1.11,0.14,-0.11378,-0.13957,-0.12513,0.97566,-0.7,1.12,0.17,0.44825,-0.20571,-0.06604,0.86741,-0.71,1.1,0.19,0.73293,-0.23117,-0.01884,0.63955,-0.72,1.08,0.18,0.73293,-0.23117,-0.01884,0.63955,-0.68,1.07,0.1,-0.27466,-0.09307,-0.31922,0.90222,-0.68,1.1,0.14,-0.18968,-0.11353,-0.22237,0.94957,-0.68,1.11,0.17,0.38758,-0.22093,-0.19937,0.87248,-0.69,1.1,0.18,0.69245,-0.32161,-0.11059,0.63627,-0.7,1.08,0.18,0.69245,-0.32161,-0.11059,0.63627,-0.81,1.08,0.19
-0.79,1.46,-0.16,-0.79,1.46,-0.16,-0.85,1.09,0.11,0.33091,-0.07032,-0.12998,-0.93202,-0.86,1.06,0.06,0.33091,-0.07032,-0.12998,-0.93202,-0.82,1.07,0.09,0.40318,-0.19063,0.55892,-0.69908,-0.8,1.08,0.11,0.16707,-0.00728,0.51628,-0.83993,-0.79,1.09,0.14,0.04075,0.02475,0.58601,-0.8089,-0.79,1.1,0.16,0.04075,0.02475,0.58601,-0.8089,-0.83,1.08,0.09,0.33091,-0.07032,-0.12998,-0.93202,-0.83,1.12,0.13,0.03549,-0.11614,-0.04973,-0.99135,-0.82,1.12,0.17,-0.30584,-0.12898,-0.03313,-0.94272,-0.81,1.11,0.19,-0.44864,-0.10537,-0.02202,-0.8872,-0.81,1.09,0.2,-0.44864,-0.10537,-0.02202,-0.8872,-0.85,1.07,0.09,0.33091,-0.07032,-0.12998,-0.93202,-0.85,1.11,0.13,0.06615,-0.08854,-0.12415,-0.98609,-0.84,1.12,0.17,-0.36648,-0.13516,-0.08652,-0.91648,-0.84,1.1,0.19,-0.58181,-0.13656,-0.11543,-0.79343,-0.83,1.08,0.2,-0.58181,-0.13656,-0.11543,-0.79343,-0.87,1.07,0.09,0.33091,-0.07032,-0.12998,-0.93202,-0.87,1.1,0.13,0.13795,-0.05897,-0.19017,-0.97022,-0.87,1.11,0.17,-0.36222,-0.16497,-0.17397,-0.90073,-0.86,1.1,0.19,-0.62495,-0.23063,-0.14102,-0.73236,-0.84,1.08,0.19,-0.62495,-0.23063,-0.14102,-0.73236,-0.88,1.07,0.1,0.27046,-0.00816,-0.36394,-0.89125,-0.88,1.09,0.13,0.19629,-0.03857,-0.27321,-0.94092,-0.88,1.1,0.16,-0.30768,-0.16849,-0.29272,-0.88953,-0.87,1.09,0.18,-0.57374,-0.29818,-0.23158,-0.72683,-0.86,1.08,0.18,-0.57374,-0.29818,-0.23158,-0.72683,-0.71,1.1,0.11,-0.35539,-0.15847,-0.09076,0.9167,-0.69,1.06,0.06,-0.35539,-0.15847,-0.09076,0.9167,-0.73,1.07,0.09,-0.41304,-0.21383,0.62139,0.63051,-0.75,1.08,0.11,-0.22032,-0.02961,0.58562,0.77951,-0.76,1.09,0.14,-0.13499,-0.01335,0.65824,0.74049,-0.77,1.09,0.16,-0.13499,-0.01335,0.65824,0.74049,-0.72,1.07,0.09,-0.35539,-0.15847,-0.09076,0.9167,-0.73,1.12,0.13,0.06187,-0.21047,0.07131,0.97303,-0.75,1.11,0.16,0.32748,-0.18178,0.09983,0.92182,-0.75,1.1,0.18,0.39234,-0.14582,0.10508,0.90209,-0.76,1.08,0.19,0.39234,-0.14582,0.10508,0.90209,-0.7,1.07,0.09,-0.35539,-0.15847,-0.09076,0.9167,-0.71,1.12,0.13,-0.03429,-0.17896,-0.0433,0.98231,-0.73,1.12,0.17,0.42324,-0.18054,0.03112,0.8873,-0.73,1.1,0.19,0.65514,-0.14637,0.01278,0.74108,-0.74,1.08,0.19,0.65514,-0.14637,0.01278,0.74108,-0.68,1.07,0.1,-0.35539,-0.15847,-0.09076,0.9167,-0.69,1.11,0.14,-0.11766,-0.14876,-0.12738,0.97355,-0.7,1.12,0.17,0.44842,-0.21498,-0.06174,0.86538,-0.71,1.1,0.18,0.73611,-0.23797,-0.01045,0.63356,-0.72,1.08,0.18,0.73611,-0.23797,-0.01045,0.63356,-0.68,1.07,0.1,-0.2817,-0.1,-0.32462,0.89737,-0.68,1.1,0.14,-0.19337,-0.12678,-0.2247,0.94659,-0.68,1.11,0.17,0.38403,-0.2335,-0.19367,0.87206,-0.69,1.1,0.18,0.69143,-0.33107,-0.09921,0.63441,-0.71,1.08,0.17,0.69143,-0.33107,-0.09921,0.63441,-0.81,1.08,0.19
-0.79,1.46,-0.16,-0.79,1.46,-0.16,-0.85,1.09,0.11,0.29529,-0.08149,-0.10385,-0.94624,-0.86,1.06,0.06,0.29529,-0.08149,-0.10385,-0.94624,-0.82,1.07,0.09,0.40011,-0.23672,0.5491,-0.69453,-0.8,1.08,0.11,0.1591,-0.05229,0.52239,-0.8361,-0.79,1.09,0.14,0.04314,-0.02432,0.59702,-0.8007,-0.79,1.09,0.16,0.04314,-0.02432,0.59702,-0.8007,-0.83,1.07,0.09,0.29529,-0.08149,-0.10385,-0.94624,-0.83,1.11,0.13,0.06466,-0.13742,-0.02183,-0.98816,-0.82,1.11,0.17,-0.216,-0.13999,-0.00872,-0.96627,-0.81,1.1,0.19,-0.35,-0.11341,-0.00061,-0.92986,-0.8,1.09,0.21,-0.35,-0.11341,-0.00061,-0.92986,-0.85,1.07,0.09,0.29529,-0.08149,-0.10385,-0.94624,-0.85,1.11,0.14,0.14125,-0.07775,-0.10697,-0.9811,-0.84,1.12,0.18,-0.23969,-0.11432,-0.08237,-0.96057,-0.83,1.11,0.2,-0.43971,-0.12176,-0.11924,-0.88182,-0.83,1.09,0.21,-0.43971,-0.12176,-0.11924,-0.88182,-0.87,1.07,0.09,0.29529,-0.08149,-0.10385,-0.94624,-0.86,1.1,0.14,0.20511,-0.03943,-0.16962,-0.96312,-0.86,1.12,0.17,-0.25181,-0.13224,-0.17054,-0.94341,-0.86,1.1,0.19,-0.50711,-0.1985,-0.14995,-0.8252,-0.84,1.09,0.2,-0.50711,-0.1985,-0.14995,-0.8252,-0.87,1.07,0.1,0.23708,-0.00913,-0.33639,-0.91135,-0.88,1.09,0.14,0.22508,-0.01803,-0.24517,-0.94282,-0.88,1.1,0.16,-0.21855,-0.1204,-0.28547,-0.92534,-0.88,1.09,0.18,-0.4657,-0.24214,-0.24613,-0.81481,-0.86,1.08,0.19,-0.4657,-0.24214,-0.24613,-0.81481,-0.71,1.1,0.11,-0.35418,-0.16051,-0.09298,0.91659,-0.69,1.06,0.06,-0.35418,-0.16051,-0.09298,0.91659,-0.73,1.07,0.09,-0.41403,-0.21629,0.61941,0.63098,-0.75,1.08,0.11,-0.21861,-0.03087,0.58461,0.7807,-0.76,1.09,0.14,-0.13296,-0.01452,0.65729,0.74167,-0.77,1.09,0.16,-0.13296,-0.01452,0.65729,0.74167,-0.72,1.07,0.09,-0.35418,-0.16051,-0.09298,0.91659,-0.73,1.12,0.13,0.07035,-0.21267,0.07194,0.97193,-0.75,1.11,0.16,0.33474,-0.18358,0.10093,0.91873,-0.75,1.09,0.18,0.39808,-0.14763,0.10629,0.89913,-0.76,1.08,0.19,0.39808,-0.14763,0.10629,0.89913,-0.7,1.07,0.09,-0.35418,-0.16051,-0.09298,0.91659,-0.71,1.12,0.13,-0.03344,-0.18325,-0.04346,0.98154,-0.73,1.12,0.17,0.42218,-0.18447,0.03265,0.88694,-0.73,1.1,0.19,0.65312,-0.14994,0.01521,0.74211,-0.74,1.08,0.19,0.65312,-0.14994,0.01521,0.74211,-0.68,1.07,0.1,-0.35418,-0.16051,-0.09298,0.91659,-0.69,1.11,0.14,-0.11664,-0.15293,-0.12795,0.97295,-0.7,1.12,0.17,0.4476,-0.21862,-0.06023,0.865,-0.72,1.1,0.18,0.73412,-0.2409,-0.00805,0.6348,-0.72,1.08,0.18,0.73412,-0.2409,-0.00805,0.6348,-0.68,1.07,0.1,-0.2798,-0.10178,-0.32654,0.89706,-0.68,1.1,0.14,-0.19214,-0.13312,-0.22468,0.94598,-0.68,1.11,0.17,0.38215,-0.23802,-0.19073,0.87231,-0.69,1.1,0.18,0.68816,-0.33387,-0.09544,0.63707,-0.71,1.08,0.17,0.68816,-0.33387,-0.09544,0.63707,-0.81,1.08,0.19
-0.79,1.46,-0.16,-0.79,1.46,-0.16,-0.85,1.09,0.11,0.27415,-0.08889,-0.09328,-0.95302,-0.86,1.06,0.06,0.27415,-0.08889,-0.09328,-0.95302,-0.82,1.07,0.09,0.4094,-0.25902,0.52828,-0.6973,-0.8,1.08,0.1,0.16303,-0.07977,0.50949,-0.84112,-0.79,1.08,0.13,0.04992,-0.05331,0.58788,-0.80564,-0.78,1.09,0.16,0.04992,-0.05331,0.58788,-0.80564,-0.83,1.07,0.09,0.27415,-0.08889,-0.09328,-0.95302,-0.82,1.11,0.14,0.05836,-0.15205,-0.00883,-0.98661,-0.81,1.11,0.17,-0.20253,-0.15037,0.00479,-0.96765,-0.8,1.1,0.19,-0.32812,-0.12208,0.01256,-0.93663,-0.8,1.09,0.21,-0.32812,-0.12208,0.01256,-0.93663,-0.85,1.07,0.09,0.27415,-0.08889,-0.09328,-0.95302,-0.84,1.11,0.14,0.1646,-0.07442,-0.10044,-0.97841,-0.84,1.12,0.18,-0.20523,-0.10813,-0.07883,-0.96952,-0.83,1.11,0.2,-0.39747,-0.11636,-0.11767,-0.90257,-0.83,1.09,0.22,-0.39747,-0.11636,-0.11767,-0.90257,-0.87,1.07,0.09,0.27415,-0.08889,-0.09328,-0.95302,-0.86,1.1,0.14,0.23827,-0.0327,-0.16082,-0.95723,-0.86,1.12,0.17,-0.20866,-0.12176,-0.16622,-0.95604,-0.86,1.11,0.19,-0.45953,-0.18709,-0.14913,-0.85533,-0.84,1.09,0.21,-0.45953,-0.18709,-0.14913,-0.85533,-0.87,1.07,0.1,0.21644,-0.01076,-0.32445,-0.92074,-0.88,1.08,0.14,0.24791,-0.00932,-0.23173,-0.94061,-0.88,1.1,0.16,-0.17568,-0.10253,-0.27895,-0.93852,-0.88,1.09,0.18,-0.42137,-0.22172,-0.24473,-0.84463,-0.86,1.08,0.19,-0.42137,-0.22172,-0.24473,-0.84463,-0.71,1.1,0.11,-0.34796,-0.1591,-0.09383,0.91914,-0.69,1.06,0.06,-0.34796,-0.1591,-0.09383,0.91914,-0.73,1.07,0.09,-0.40878,-0.21973,0.61859,0.63401,-0.75,1.08,0.11,-0.21069,-0.0325,0.58501,0.78251,-0.76,1.09,0.14,-0.12163,-0.01385,0.6573,0.74362,-0.77,1.09,0.16,-0.12163,-0.01385,0.6573,0.74362,-0.72,1.07,0.09,-0.34796,-0.1591,-0.09383,0.91914,-0.73,1.12,0.13,0.0806,-0.21174,0.07088,0.97141,-0.75,1.11,0.16,0.34003,-0.18317,0.09877,0.9171,-0.75,1.09,0.18,0.40131,-0.14754,0.10391,0.89799,-0.76,1.08,0.19,0.40131,-0.14754,0.10391,0.89799,-0.7,1.07,0.09,-0.34796,-0.1591,-0.09383,0.91914,-0.71,1.12,0.13,-0.0271,-0.18309,-0.04403,0.98174,-0.73,1.12,0.17,0.42652,-0.18456,0.03177,0.88488,-0.73,1.1,0.19,0.65472,-0.15015,0.01427,0.74067,-0.74,1.08,0.19,0.65472,-0.15015,0.01427,0.74067,-0.68,1.07,0.1,-0.34796,-0.1591,-0.09383,0.91914,-0.69,1.11,0.14,-0.11238,-0.15167,-0.12887,0.97353,-0.7,1.12,0.17,0.44959,-0.21781,-0.0622,0.86404,-0.72,1.1,0.18,0.73304,-0.24096,-0.01095,0.63598,-0.72,1.08,0.18,0.73304,-0.24096,-0.01095,0.63598,-0.68,1.07,0.1,-0.2739,-0.09878,-0.32704,0.89904,-0.68,1.1,0.14,-0.18963,-0.1324,-0.22475,0.94657,-0.68,1.11,0.17,0.38054,-0.23648,-0.19209,0.87314,-0.69,1.1,0.18,0.68449,-0.33277,-0.09837,0.64114,-0.71,1.08,0.18,0.68449,-0.33277,-0.09837,0.64114,-0.81,1.08,0.19
-0.79,1.46,-0.16,-0.79,1.46,-0.16,-0.84,1.09,0.11,0.26018,-0.09755,-0.08878,-0.95651,-0.86,1.06,0.06,0.26018,-0.09755,-0.08878,-0.95651,-0.82,1.07,0.09,0.42247,-0.27354,0.50574,-0.70066,-0.79,1.08,0.1,0.17438,-0.10288,0.49169,-0.8469,-0.78,1.08,0.13,0.06108,-0.076,0.57385,-0.81313,-0.78,1.09,0.16,0.06108,-0.076,0.57385,-0.81313,-0.83,1.07,0.09,0.26018,-0.09755,-0.08878,-0.95651,-0.82,1.1,0.14,0.02876,-0.1582,-0.00125,-0.98699,-0.81,1.11,0.17,-0.24299,-0.15341,0.01558,-0.95769,-0.8,1.09,0.19,-0.37406,-0.1231,0.02592,-0.91883,-0.8,1.08,0.21,-0.37406,-0.1231,0.02592,-0.91883,-0.85,1.07,0.09,0.26018,-0.09755,-0.08878,-0.95651,-0.84,1.11,0.14,0.14292,-0.08079,-0.09478,-0.98187,-0.84,1.12,0.18,-0.23551,-0.11235,-0.07028,-0.9628,-0.83,1.11,0.2,-0.43106,-0.11725,-0.10813,-0.88811,-0.82,1.09,0.22,-0.43106,-0.11725,-0.10813,-0.88811,-0.87,1.07,0.09,0.26018,-0.09755,-0.08878,-0.95651,-0.86,1.1,0.14,0.23012,-0.04006,-0.15537,-0.95984,-0.86,1.11,0.17,-0.22384,-0.12666,-0.1576,-0.95342,-0.85,1.1,0.2,-0.47672,-0.18946,-0.13948,-0.84699,-0.84,1.09,0.21,-0.47672,-0.18946,-0.13948,-0.84699,-0.87,1.07,0.1,0.2017,-0.01568,-0.3187,-0.92601,-0.88,1.08,0.14,0.24578,-0.01657,-0.22512,-0.94268,-0.88,1.1,0.16,-0.17267,-0.10441,-0.27044,-0.94135,-0.87,1.09,0.18,-0.42092,-0.22154,-0.23564,-0.84748,-0.86,1.08,0.2,-0.42092,-0.22154,-0.23564,-0.84748,-0.71,1.1,0.11,-0.34304,-0.15517,-0.09708,0.92132,-0.69,1.06,0.06,-0.34304,-0.15517,-0.09708,0.92132,-0.73,1.07,0.09,-0.40481,-0.22008,0.61551,0.6394,-0.75,1.08,0.11,-0.20329,-0.03177,0.58213,0.78663,-0.76,1.09,0.14,-0.1073,-0.00833,0.65386,0.74892,-0.77,1.09,0.16,-0.1073,-0.00833,0.65386,0.74892,-0.72,1.07,0.09,-0.34304,-0.15517,-0.09708,0.92132,-0.73,1.12,0.13,0.0854,-0.20962,0.06536,0.97185,-0.75,1.11,0.16,0.34015,-0.18291,0.09196,0.91781,-0.75,1.09,0.18,0.40096,-0.14779,0.09696,0.89888,-0.76,1.08,0.19,0.40096,-0.14779,0.09696,0.89888,-0.7,1.07,0.09,-0.34304,-0.15517,-0.09708,0.92132,-0.71,1.12,0.13,-0.02239,-0.1807,-0.04826,0.9821,-0.73,1.12,0.17,0.43128,-0.18429,0.027,0.88278,-0.73,1.1,0.19,0.65885,-0.15078,0.00971,0.73695,-0.74,1.08,0.19,0.65885,-0.15078,0.00971,0.73695,-0.68,1.07,0.1,-0.34304,-0.15517,-0.09708,0.92132,-0.69,1.11,0.14,-0.1117,-0.14773,-0.13345,0.9736,-0.7,1.12,0.17,0.44935,-0.217,-0.06834,0.8639,-0.71,1.1,0.19,0.7314,-0.24249,-0.0173,0.63714,-0.72,1.08,0.18,0.7314,-0.24249,-0.0173,0.63714,-0.68,1.07,0.1,-0.26945,-0.09371,-0.33002,0.89983,-0.68,1.09,0.14,-0.19023,-0.12844,-0.2281,0.94619,-0.68,1.11,0.17,0.37831,-0.23484,-0.19731,0.87338,-0.69,1.1,0.18,0.68253,-0.33337,-0.10361,0.64209,-0.71,1.08,0.18,0.68253,-0.33337,-0.10361,0.64209,-0.81,1.08,0.19
-0.79,1.46,-0.16,-0.79,1.46,-0.16,-0.85,1.09,0.12,0.26551,-0.09884,-0.09946,-0.95386,-0.86,1.06,0.06,0.26551,-0.09884,-0.09946,-0.95386,-0.82,1.07,0.09,0.44331,-0.27298,0.48333,-0.70381,-0.79,1.08,0.1,0.19907,-0.11493,0.46788,-0.85337,-0.78,1.09,0.13,0.08675,-0.08882,0.55342,-0.8236,-0.78,1.09,0.15,0.08675,-0.08882,0.55342,-0.8236,-0.83,1.07,0.09,0.26551,-0.09884,-0.09946,-0.95386,-0.82,1.11,0.14,-0.0032,-0.15908,-0.00518,-0.98725,-0.81,1.11,0.17,-0.31262,-0.15387,0.01844,-0.93715,-0.8,1.09,0.19,-0.45796,-0.12201,0.03365,-0.87992,-0.8,1.07,0.2,-0.45796,-0.12201,0.03365,-0.87992,-0.85,1.07,0.09,0.26551,-0.09884,-0.09946,-0.95386,-0.84,1.11,0.14,0.12682,-0.08678,-0.103,-0.98274,-0.84,1.12,0.18,-0.26355,-0.12176,-0.07408,-0.95406,-0.83,1.11,0.2,-0.46631,-0.12605,-0.10922,-0.86876,-0.82,1.09,0.22,-0.46631,-0.12605,-0.10922,-0.86876,-0.87,1.07,0.1,0.26551,-0.09884,-0.09946,-0.95386,-0.86,1.1,0.14,0.21668,-0.04905,-0.16427,-0.96107,-0.86,1.11,0.18,-0.24992,-0.14031,-0.16009,-0.94458,-0.85,1.1,0.2,-0.5059,-0.20329,-0.13764,-0.82692,-0.84,1.09,0.21,-0.5059,-0.20329,-0.13764,-0.82692,-0.87,1.07,0.1,0.20514,-0.0186,-0.32922,-0.92151,-0.88,1.08,0.14,0.2371,-0.0329,-0.23446,-0.94219,-0.88,1.1,0.17,-0.18837,-0.12434,-0.27137,-0.93564,-0.87,1.09,0.18,-0.43971,-0.242,-0.23028,-0.83371,-0.86,1.08,0.2,-0.43971,-0.242,-0.23028,-0.83371,-0.71,1.1,0.11,-0.34361,-0.1527,-0.10004,0.9212,-0.69,1.06,0.06,-0.34361,-0.1527,-0.10004,0.9212,-0.73,1.07,0.09,-0.40551,-0.21821,0.61297,0.64204,-0.75,1.08,0.11,-0.20002,-0.0283,0.57925,0.78972,-0.76,1.09,0.14,-0.09726,-8e-05,0.65027,0.75345,-0.76,1.09,0.16,-0.09726,-8e-05,0.65027,0.75345,-0.72,1.07,0.09,-0.34361,-0.1527,-0.10004,0.9212,-0.73,1.12,0.13,0.08173,-0.2081,0.06009,0.97283,-0.75,1.11,0.16,0.33798,-0.18281,0.08669,0.91915,-0.75,1.09,0.18,0.40129,-0.14782,0.09204,0.89924,-0.76,1.08,0.19,0.40129,-0.14782,0.09204,0.89924,-0.7,1.07,0.09,-0.34361,-0.1527,-0.10004,0.9212,-0.71,1.12,0.13,-0.0233,-0.17908,-0.05211,0.98218,-0.73,1.12,0.17,0.43213,-0.18458,0.02318,0.88241,-0.73,1.1,0.19,0.66225,-0.15174,0.00641,0.73373,-0.74,1.08,0.19,0.66225,-0.15174,0.00641,0.73373,-0.68,1.07,0.1,-0.34361,-0.1527,-0.10004,0.9212,-0.69,1.11,0.14,-0.1155,-0.14557,-0.13743,0.97293,-0.7,1.12,0.17,0.44566,-0.21754,-0.07276,0.86531,-0.71,1.1,0.19,0.72917,-0.24466,-0.02091,0.63877,-0.72,1.08,0.18,0.72917,-0.24466,-0.02091,0.63877,-0.68,1.07,0.1,-0.2701,-0.09151,-0.33299,0.89877,-0.68,1.1,0.14,-0.19436,-0.12627,-0.23138,0.94485,-0.68,1.11,0.17,0.3741,-0.23523,-0.20116,0.87422,-0.69,1.1,0.18,0.68144,-0.33556,-0.10558,0.64179,-0.7,1.08,0.18,0.68144,-0.33556,-0.10558,0.64179,-0.81,1.08,0.19
-0.79,1.47,-0.16,-0.79,1.47,-0.16,-0.85,1.09,0.12,0.29561,-0.09055,-0.12807,-0.94234,-0.86,1.06,0.06,0.29561,-0.09055,-0.12807,-0.94234,-0.82,1.07,0.09,0.46549,-0.24377,0.47398,-0.70657,-0.8,1.09,0.1,0.22878,-0.09598,0.44748,-0.85919,-0.78,1.1,0.13,0.11229,-0.06861,0.53308,-0.83577,-0.78,1.1,0.15,0.11229,-0.06861,0.53308,-0.83577,-0.83,1.08,0.09,0.29561,-0.09055,-0.12807,-0.94234,-0.83,1.11,0.14,0.0009,-0.15356,-0.03124,-0.98764,-0.81,1.11,0.17,-0.3479,-0.15702,-0.00134,-0.92429,-0.81,1.1,0.19,-0.50161,-0.12785,0.01741,-0.85542,-0.8,1.08,0.2,-0.50161,-0.12785,0.01741,-0.85542,-0.85,1.07,0.09,0.29561,-0.09055,-0.12807,-0.94234,-0.85,1.11,0.14,0.12509,-0.09276,-0.12779,-0.9795,-0.84,1.12,0.18,-0.28084,-0.13848,-0.09219,-0.94523,-0.83,1.11,0.2,-0.48454,-0.14522,-0.12275,-0.85386,-0.82,1.09,0.21,-0.48454,-0.14522,-0.12275,-0.85386,-0.87,1.07,0.1,0.29561,-0.09055,-0.12807,-0.94234,-0.86,1.1,0.14,0.18669,-0.06243,-0.18868,-0.96211,-0.86,1.12,0.18,-0.28966,-0.16443,-0.17411,-0.92669,-0.85,1.1,0.2,-0.54342,-0.22973,-0.14412,-0.79445,-0.84,1.09,0.2,-0.54342,-0.22973,-0.14412,-0.79445,-0.87,1.07,0.1,0.23219,-0.01896,-0.3589,-0.90384,-0.88,1.09,0.14,0.19825,-0.05886,-0.26213,-0.94261,-0.88,1.1,0.17,-0.24697,-0.16277,-0.28201,-0.91268,-0.87,1.09,0.18,-0.49251,-0.2819,-0.23079,-0.79038,-0.86,1.08,0.19,-0.49251,-0.2819,-0.23079,-0.79038,-0.71,1.1,0.11,-0.34786,-0.1545,-0.10715,0.9185,-0.69,1.06,0.06,-0.34786,-0.1545,-0.10715,0.9185,-0.73,1.07,0.09,-0.41443,-0.21765,0.60551,0.64361,-0.75,1.08,0.11,-0.20188,-0.02631,0.57212,0.7945,-0.76,1.09,0.14,-0.09266,0.00634,0.64294,0.76026,-0.76,1.09,0.16,-0.09266,0.00634,0.64294,0.76026,-0.72,1.08,0.09,-0.34786,-0.1545,-0.10715,0.9185,-0.73,1.12,0.13,0.07164,-0.21103,0.05176,0.97348,-0.75,1.11,0.16,0.33883,-0.18717,0.08153,0.91843,-0.75,1.1,0.18,0.41062,-0.1518,0.08883,0.89468,-0.76,1.08,0.19,0.41062,-0.1518,0.08883,0.89468,-0.7,1.07,0.09,-0.34786,-0.1545,-0.10715,0.9185,-0.71,1.12,0.13,-0.03059,-0.18259,-0.05901,0.98094,-0.73,1.12,0.17,0.4228,-0.191,0.01818,0.88568,-0.73,1.1,0.19,0.65444,-0.15991,0.00318,0.739,-0.74,1.08,0.19,0.65444,-0.15991,0.00318,0.739,-0.68,1.07,0.1,-0.34786,-0.1545,-0.10715,0.9185,-0.69,1.11,0.14,-0.12434,-0.14897,-0.14452,0.97029,-0.7,1.12,0.17,0.43126,-0.22419,-0.07784,0.87046,-0.71,1.1,0.19,0.71668,-0.25318,-0.02322,0.64941,-0.72,1.08,0.18,0.71668,-0.25318,-0.02322,0.64941,-0.68,1.07,0.1,-0.27289,-0.09463,-0.33988,0.89502,-0.68,1.1,0.14,-0.20165,-0.13054,-0.23775,0.94115,-0.68,1.11,0.17,0.36157,-0.24189,-0.205,0.87677,-0.69,1.1,0.18,0.67065,-0.34327,-0.10595,0.64897,-0.71,1.08,0.18,0.67065,-0.34327,-0.10595,0.64897,-0.81,1.08,0.19
-0.79,1.47,-0.16,-0.79,1.47,-0.16,-0.85,1.1,0.11,0.33067,-0.08528,-0.14012,-0.92938,-0.86,1.06,0.06,0.33067,-0.08528,-0.14012,-0.92938,-0.82,1.08,0.09,0.47637,-0.21587,0.48903,-0.69808,-0.8,1.09,0.1,0.24411,-0.06595,0.45363,-0.85457,-0.79,1.1,0.13,0.12053,-0.03376,0.53591,-0.83495,-0.78,1.11,0.15,0.12053,-0.03376,0.53591,-0.83495,-0.83,1.08,0.09,0.33067,-0.08528,-0.14012,-0.92938,-0.83,1.12,0.13,0.03999,-0.14712,-0.04555,-0.98726,-0.82,1.12,0.17,-0.33795,-0.15744,-0.01229,-0.92782,-0.81,1.11,0.19,-0.49775,-0.13023,0.00729,-0.85746,-0.81,1.09,0.2,-0.49775,-0.13023,0.00729,-0.85746,-0.85,1.08,0.09,0.33067,-0.08528,-0.14012,-0.92938,-0.85,1.12,0.13,0.15038,-0.09686,-0.13754,-0.97421,-0.84,1.13,0.17,-0.26228,-0.14717,-0.09837,-0.94862,-0.83,1.12,0.2,-0.4663,-0.1561,-0.12707,-0.86142,-0.83,1.1,0.21,-0.4663,-0.1561,-0.12707,-0.86142,-0.87,1.07,0.1,0.33067,-0.08528,-0.14012,-0.92938,-0.87,1.11,0.14,0.19207,-0.07211,-0.19822,-0.95845,-0.86,1.12,0.17,-0.28234,-0.17742,-0.17791,-0.92583,-0.85,1.11,0.19,-0.53559,-0.24327,-0.14392,-0.79577,-0.84,1.09,0.2,-0.53559,-0.24327,-0.14392,-0.79577,-0.87,1.07,0.1,0.26576,-0.02315,-0.37291,-0.88869,-0.88,1.09,0.14,0.20427,-0.07291,-0.27363,-0.93706,-0.88,1.1,0.16,-0.24773,-0.18315,-0.28471,-0.90776,-0.87,1.1,0.18,-0.49039,-0.3016,-0.22778,-0.78528,-0.86,1.08,0.19,-0.49039,-0.3016,-0.22778,-0.78528,-0.71,1.1,0.11,-0.34809,-0.15396,-0.11711,0.91729,-0.69,1.06,0.07,-0.34809,-0.15396,-0.11711,0.91729,-0.73,1.07,0.09,-0.42124,-0.21778,0.59469,0.6492,-0.75,1.08,0.11,-0.20346,-0.02814,0.56147,0.8016,-0.76,1.09,0.14,-0.09338,0.00388,0.63316,0.76836,-0.76,1.09,0.16,-0.09338,0.00388,0.63316,0.76836,-0.72,1.08,0.09,-0.34809,-0.15396,-0.11711,0.91729,-0.73,1.12,0.13,0.06413,-0.21319,0.03905,0.97412,-0.75,1.11,0.16,0.33586,-0.1926,0.07071,0.9193,-0.75,1.1,0.18,0.4118,-0.15779,0.07912,0.89401,-0.76,1.08,0.19,0.4118,-0.15779,0.07912,0.89401,-0.7,1.07,0.09,-0.34809,-0.15396,-0.11711,0.91729,-0.71,1.12,0.13,-0.03646,-0.18368,-0.0706,0.97977,-0.72,1.12,0.17,0.4098,-0.1974,0.0068,0.89053,-0.73,1.1,0.19,0.63837,-0.1704,-0.00691,0.7506,-0.74,1.08,0.19,0.63837,-0.1704,-0.00691,0.7506,-0.68,1.07,0.1,-0.34809,-0.15396,-0.11711,0.91729,-0.69,1.11,0.14,-0.12881,-0.14939,-0.15533,0.96797,-0.7,1.12,0.17,0.41573,-0.22969,-0.08896,0.8755,-0.71,1.1,0.19,0.69752,-0.26297,-0.03324,0.66574,-0.72,1.08,0.19,0.69752,-0.26297,-0.03324,0.66574,-0.68,1.07,0.1,-0.27186,-0.09451,-0.34931,0.89171,-0.68,1.1,0.14,-0.20522,-0.13054,-0.24768,0.93782,-0.68,1.11,0.17,0.34799,-0.24568,-0.21513,0.87878,-0.69,1.1,0.18,0.65165,-0.34997,-0.11638,0.66282,-0.71,1.08,0.18,0.65165,-0.34997,-0.11638,0.66282,-0.81,1.08,0.19
-0.79,1.47,-0.16,-0.79,1.47,-0.16,-0.85,1.1,0.11,0.35874,-0.0693,-0.14088,-0.92014,-0.86,1.06,0.06,0.35874,-0.0693,-0.14088,-0.92014,-0.82,1.08,0.09,0.47364,-0.18747,0.51114,-0.69228,-0.8,1.09,0.1,0.2445,-0.03121,0.46681,-0.84931,-0.79,1.11,0.13,0.10851,0.00865,0.54347,-0.83234,-0.79,1.11,0.15,0.10851,0.00865,0.54347,-0.83234,-0.84,1.08,0.09,0.35874,-0.0693,-0.14088,-0.92014,-0.83,1.12,0.13,0.09559,-0.11721,-0.06315,-0.98648,-0.82,1.13,0.16,-0.32333,-0.1393,-0.03399,-0.93536,-0.82,1.12,0.18,-0.50302,-0.11681,-0.01485,-0.85622,-0.81,1.1,0.19,-0.50302,-0.11681,-0.01485,-0.85622,-0.85,1.08,0.09,0.35874,-0.0693,-0.14088,-0.92014,-0.85,1.12,0.13,0.17895,-0.08253,-0.14117,-0.97017,-0.85,1.14,0.17,-0.23043,-0.1355,-0.10802,-0.95754,-0.84,1.13,0.19,-0.42767,-0.14793,-0.13986,-0.88071,-0.83,1.11,0.21,-0.42767,-0.14793,-0.13986,-0.88071,-0.87,1.08,0.09,0.35874,-0.0693,-0.14088,-0.92014,-0.87,1.11,0.13,0.20607,-0.0655,-0.19908,-0.95583,-0.87,1.13,0.17,-0.25585,-0.17016,-0.18352,-0.93376,-0.86,1.12,0.19,-0.50367,-0.2375,-0.15257,-0.81648,-0.85,1.1,0.2,-0.50367,-0.2375,-0.15257,-0.81648,-0.88,1.07,0.1,0.29631,-0.0148,-0.37595,-0.87786,-0.88,1.09,0.13,0.23712,-0.06452,-0.27559,-0.92933,-0.89,1.11,0.16,-0.21834,-0.18032,-0.28973,-0.91426,-0.88,1.1,0.18,-0.4551,-0.29832,-0.23489,-0.80543,-0.86,1.09,0.19,-0.4551,-0.29832,-0.23489,-0.80543,-0.7,1.1,0.11,-0.3485,-0.14589,-0.12039,0.91803,-0.69,1.06,0.07,-0.3485,-0.14589,-0.12039,0.91803,-0.73,1.07,0.09,-0.42631,-0.22151,0.58533,0.65313,-0.75,1.08,0.11,-0.20613,-0.03467,0.55328,0.80635,-0.76,1.09,0.14,-0.09949,-0.00584,0.62645,0.77306,-0.77,1.1,0.16,-0.09949,-0.00584,0.62645,0.77306,-0.72,1.08,0.09,-0.3485,-0.14589,-0.12039,0.91803,-0.73,1.12,0.13,0.02237,-0.20423,0.01844,0.97849,-0.74,1.12,0.16,0.29817,-0.19069,0.04864,0.934,-0.75,1.1,0.18,0.38398,-0.15755,0.05737,0.90799,-0.76,1.09,0.2,0.38398,-0.15755,0.05737,0.90799,-0.7,1.08,0.09,-0.3485,-0.14589,-0.12039,0.91803,-0.71,1.12,0.13,-0.06414,-0.16957,-0.08521,0.97973,-0.72,1.13,0.17,0.35454,-0.19123,-0.01888,0.91508,-0.73,1.11,0.19,0.56719,-0.17567,-0.03716,0.80378,-0.74,1.09,0.2,0.56719,-0.17567,-0.03716,0.80378,-0.68,1.08,0.1,-0.3485,-0.14589,-0.12039,0.91803,-0.69,1.11,0.14,-0.1457,-0.13477,-0.16545,0.96604,-0.7,1.12,0.17,0.36539,-0.21965,-0.11273,0.89752,-0.71,1.11,0.19,0.63418,-0.26318,-0.06454,0.72415,-0.72,1.09,0.19,0.63418,-0.26318,-0.06454,0.72415,-0.68,1.07,0.1,-0.27346,-0.08674,-0.35284,0.89062,-0.68,1.1,0.14,-0.21639,-0.11676,-0.25408,0.93541,-0.68,1.11,0.17,0.30823,-0.23174,-0.234,0.89249,-0.69,1.1,0.18,0.59255,-0.34068,-0.14902,0.71457,-0.7,1.09,0.18,0.59255,-0.34068,-0.14902,0.71457,-0.81,1.08,0.19
-0.79,1.46,-0.16,-0.79,1.46,-0.16,-0.85,1.1,0.11,0.3331,-0.04506,-0.10677,-0.93574,-0.86,1.06,0.06,0.3331,-0.04506,-0.10677,-0.93574,-0.82,1.08,0.09,0.43644,-0.19714,0.53315,-0.69743,-0.8,1.09,0.11,0.2076,-0.03039,0.49177,-0.84507,-0.79,1.1,0.14,0.06542,0.01415,0.56527,-0.82219,-0.79,1.1,0.16,0.06542,0.01415,0.56527,-0.82219,-0.84,1.08,0.09,0.3331,-0.04506,-0.10677,-0.93574,-0.83,1.12,0.13,0.13976,-0.06647,-0.05518,-0.98641,-0.83,1.13,0.17,-0.2914,-0.09144,-0.04657,-0.95108,-0.82,1.12,0.19,-0.49614,-0.07372,-0.03522,-0.86439,-0.82,1.1,0.2,-0.49614,-0.07372,-0.03522,-0.86439,-0.85,1.08,0.09,0.3331,-0.04506,-0.10677,-0.93574,-0.85,1.12,0.13,0.16124,-0.04503,-0.11538,-0.97911,-0.85,1.13,0.17,-0.23316,-0.08881,-0.10127,-0.96306,-0.85,1.12,0.2,-0.4156,-0.09935,-0.14334,-0.89267,-0.84,1.1,0.21,-0.4156,-0.09935,-0.14334,-0.89267,-0.87,1.07,0.09,0.3331,-0.04506,-0.10677,-0.93574,-0.87,1.11,0.13,0.16473,-0.03363,-0.16967,-0.97105,-0.87,1.12,0.17,-0.28575,-0.12457,-0.17464,-0.93399,-0.86,1.11,0.19,-0.52473,-0.18973,-0.15876,-0.81453,-0.85,1.09,0.2,-0.52473,-0.18973,-0.15876,-0.81453,-0.88,1.07,0.1,0.281,0.01678,-0.34302,-0.89616,-0.89,1.09,0.13,0.21492,-0.03008,-0.24586,-0.9447,-0.89,1.1,0.16,-0.25314,-0.1376,-0.27834,-0.91625,-0.88,1.1,0.18,-0.49057,-0.25458,-0.2375,-0.79883,-0.87,1.08,0.19,-0.49057,-0.25458,-0.2375,-0.79883,-0.71,1.1,0.11,-0.34768,-0.15047,-0.11599,0.91816,-0.69,1.06,0.07,-0.34768,-0.15047,-0.11599,0.91816,-0.73,1.07,0.09,-0.45082,-0.24393,0.56493,0.64662,-0.75,1.08,0.1,-0.22627,-0.06275,0.54084,0.80769,-0.77,1.09,0.13,-0.12201,-0.0332,0.61802,0.77593,-0.77,1.1,0.16,-0.12201,-0.0332,0.61802,0.77593,-0.72,1.08,0.09,-0.34768,-0.15047,-0.11599,0.91816,-0.73,1.12,0.13,-0.11247,-0.19516,-0.01784,0.97414,-0.74,1.13,0.16,0.21725,-0.19474,0.02169,0.95625,-0.75,1.12,0.18,0.34675,-0.16373,0.03662,0.92283,-0.76,1.1,0.2,0.34675,-0.16373,0.03662,0.92283,-0.7,1.08,0.09,-0.34768,-0.15047,-0.11599,0.91816,-0.71,1.12,0.13,-0.13563,-0.15348,-0.10048,0.97363,-0.72,1.13,0.17,0.26332,-0.18291,-0.04388,0.94619,-0.73,1.12,0.19,0.45796,-0.17896,-0.06743,0.86816,-0.74,1.1,0.21,0.45796,-0.17896,-0.06743,0.86816,-0.68,1.08,0.1,-0.34768,-0.15047,-0.11599,0.91816,-0.69,1.11,0.14,-0.18225,-0.12237,-0.17063,0.96057,-0.7,1.13,0.17,0.29396,-0.20827,-0.13025,0.92371,-0.71,1.11,0.19,0.54231,-0.25841,-0.09112,0.79424,-0.72,1.09,0.2,0.54231,-0.25841,-0.09112,0.79424,-0.68,1.07,0.1,-0.27232,-0.09091,-0.34841,0.89229,-0.68,1.1,0.14,-0.24972,-0.09952,-0.25569,0.92863,-0.68,1.11,0.17,0.25305,-0.21495,-0.24846,0.90996,-0.69,1.11,0.18,0.50505,-0.32284,-0.18143,0.7796,-0.7,1.09,0.19,0.50505,-0.32284,-0.18143,0.7796,-0.81,1.08,0.19
-0.79,1.46,-0.16,-0.79,1.46,-0.16,-0.85,1.1,0.11,0.32175,-0.04753,-0.08684,-0.94164,-0.86,1.06,0.06,0.32175,-0.04753,-0.08684,-0.94164,-0.82,1.08,0.09,0.4362,-0.21225,0.53354,-0.69283,-0.8,1.09,0.11,0.21173,-0.04729,0.49661,-0.84042,-0.79,1.1,0.14,0.069,0.00025,0.57205,-0.81731,-0.79,1.1,0.16,0.069,0.00025,0.57205,-0.81731,-0.83,1.08,0.09,0.32175,-0.04753,-0.08684,-0.94164,-0.83,1.12,0.13,0.20526,-0.06201,-0.04294,-0.9758,-0.83,1.13,0.17,-0.21272,-0.08328,-0.03811,-0.97281,-0.82,1.12,0.19,-0.425,-0.06482,-0.03075,-0.90235,-0.82,1.11,0.2,-0.425,-0.06482,-0.03075,-0.90235,-0.85,1.08,0.09,0.32175,-0.04753,-0.08684,-0.94164,-0.85,1.12,0.13,0.14956,-0.03669,-0.09858,-0.98314,-0.85,1.13,0.17,-0.24282,-0.07421,-0.0893,-0.9631,-0.84,1.12,0.2,-0.42656,-0.08241,-0.13446,-0.8906,-0.84,1.1,0.21,-0.42656,-0.08241,-0.13446,-0.8906,-0.87,1.08,0.09,0.32175,-0.04753,-0.08684,-0.94164,-0.87,1.11,0.13,0.10199,-0.03076,-0.15175,-0.98266,-0.87,1.12,0.17,-0.34847,-0.11178,-0.16102,-0.9166,-0.86,1.1,0.19,-0.58651,-0.17295,-0.14981,-0.77695,-0.85,1.08,0.2,-0.58651,-0.17295,-0.14981,-0.77695,-0.88,1.07,0.09,0.2722,0.01794,-0.3233,-0.90613,-0.89,1.09,0.13,0.17898,-0.02625,-0.2295,-0.95635,-0.89,1.1,0.16,-0.30701,-0.12852,-0.2642,-0.90522,-0.88,1.09,0.18,-0.54963,-0.24401,-0.22645,-0.76622,-0.87,1.08,0.18,-0.54963,-0.24401,-0.22645,-0.76622,-0.71,1.1,0.11,-0.32357,-0.16759,-0.11094,0.92461,-0.69,1.06,0.07,-0.32357,-0.16759,-0.11094,0.92461,-0.73,1.07,0.09,-0.4479,-0.27822,0.55556,0.6429,-0.76,1.08,0.1,-0.22284,-0.09891,0.54293,0.80361,-0.77,1.09,0.13,-0.12042,-0.0678,0.62314,0.76981,-0.78,1.09,0.15,-0.12042,-0.0678,0.62314,0.76981,-0.72,1.08,0.09,-0.32357,-0.16759,-0.11094,0.92461,-0.73,1.12,0.13,-0.15941,-0.18503,-0.04083,0.96886,-0.75,1.13,0.16,0.23433,-0.19371,0.00983,0.95261,-0.76,1.12,0.18,0.40367,-0.16316,0.03332,0.89962,-0.76,1.1,0.2,0.40367,-0.16316,0.03332,0.89962,-0.7,1.07,0.09,-0.32357,-0.16759,-0.11094,0.92461,-0.71,1.12,0.14,-0.11337,-0.15786,-0.09779,0.97605,-0.73,1.13,0.17,0.28031,-0.18539,-0.04058,0.94096,-0.74,1.11,0.2,0.44904,-0.17907,-0.06618,0.87288,-0.74,1.1,0.21,0.44904,-0.17907,-0.06618,0.87288,-0.69,1.07,0.1,-0.32357,-0.16759,-0.11094,0.92461,-0.7,1.11,0.14,-0.147,-0.13022,-0.16399,0.96672,-0.7,1.12,0.18,0.30777,-0.20809,-0.12565,0.91989,-0.72,1.11,0.19,0.52485,-0.25477,-0.09419,0.80669,-0.73,1.09,0.2,0.52485,-0.25477,-0.09419,0.80669,-0.68,1.07,0.1,-0.24604,-0.10149,-0.34116,0.90154,-0.68,1.09,0.14,-0.2425,-0.08646,-0.25472,0.93211,-0.68,1.11,0.17,0.26421,-0.20364,-0.25345,0.90801,-0.69,1.1,0.18,0.47399,-0.30463,-0.20405,0.80056,-0.71,1.09,0.19,0.47399,-0.30463,-0.20405,0.80056,-0.81,1.08,0.19
-0.79,1.46,-0.16,-0.79,1.46,-0.16,-0.85,1.1,0.11,0.32242,-0.04982,-0.086,-0.94136,-0.86,1.06,0.06,0.32242,-0.04982,-0.086,-0.94136,-0.82,1.08,0.09,0.44593,-0.20318,0.52572,-0.69533,-0.8,1.09,0.1,0.22042,-0.04158,0.48588,-0.84475,-0.79,1.1,0.13,0.07414,0.00676,0.56116,-0.82435,-0.79,1.11,0.16,0.07414,0.00676,0.56116,-0.82435,-0.83,1.08,0.09,0.32242,-0.04982,-0.086,-0.94136,-0.83,1.12,0.13,0.17303,-0.06358,-0.03942,-0.98207,-0.83,1.13,0.17,-0.24389,-0.08244,-0.03462,-0.96567,-0.82,1.12,0.19,-0.45483,-0.06289,-0.02663,-0.88796,-0.82,1.1,0.2,-0.45483,-0.06289,-0.02663,-0.88796,-0.85,1.08,0.09,0.32242,-0.04982,-0.086,-0.94136,-0.85,1.12,0.13,0.14009,-0.03749,-0.09809,-0.98456,-0.85,1.13,0.17,-0.26447,-0.07577,-0.08761,-0.95741,-0.84,1.12,0.2,-0.45601,-0.08316,-0.13236,-0.87614,-0.84,1.1,0.21,-0.45601,-0.08316,-0.13236,-0.87614,-0.87,1.08,0.09,0.32242,-0.04982,-0.086,-0.94136,-0.87,1.11,0.13,0.09946,-0.03024,-0.15198,-0.9829,-0.87,1.12,0.17,-0.35032,-0.11124,-0.16155,-0.91586,-0.86,1.1,0.19,-0.5908,-0.17289,-0.15012,-0.77365,-0.85,1.08,0.2,-0.5908,-0.17289,-0.15012,-0.77365,-0.88,1.07,0.09,0.27249,0.01556,-0.32249,-0.90637,-0.89,1.1,0.13,0.17632,-0.02602,-0.22968,-0.95681,-0.89,1.11,0.16,-0.29288,-0.1236,-0.266,-0.91005,-0.88,1.1,0.18,-0.53013,-0.23814,-0.23087,-0.78035,-0.87,1.08,0.18,-0.53013,-0.23814,-0.23087,-0.78035,-0.71,1.09,0.12,-0.31121,-0.16933,-0.10721,0.92897,-0.69,1.06,0.07,-0.31121,-0.16933,-0.10721,0.92897,-0.73,1.07,0.09,-0.43632,-0.28313,0.55895,0.64579,-0.76,1.08,0.1,-0.21622,-0.10533,0.54682,0.80196,-0.77,1.08,0.13,-0.11146,-0.07191,0.62718,0.76749,-0.78,1.09,0.16,-0.11146,-0.07191,0.62718,0.76749,-0.72,1.07,0.09,-0.31121,-0.16933,-0.10721,0.92897,-0.74,1.11,0.13,-0.12821,-0.17319,-0.04019,0.97568,-0.75,1.12,0.17,0.29595,-0.18151,0.01149,0.93773,-0.76,1.11,0.18,0.47162,-0.14986,0.03641,0.86821,-0.76,1.09,0.2,0.47162,-0.14986,0.03641,0.86821,-0.7,1.07,0.09,-0.31121,-0.16933,-0.10721,0.92897,-0.71,1.11,0.14,-0.08485,-0.15667,-0.09259,0.97963,-0.73,1.12,0.18,0.33084,-0.18272,-0.03189,0.92528,-0.74,1.11,0.2,0.50217,-0.17187,-0.05686,0.84561,-0.74,1.09,0.21,0.50217,-0.17187,-0.05686,0.84561,-0.69,1.07,0.1,-0.31121,-0.16933,-0.10721,0.92897,-0.7,1.1,0.14,-0.11051,-0.13187,-0.15696,0.9725,-0.7,1.11,0.18,0.35213,-0.20606,-0.11748,0.90539,-0.72,1.1,0.19,0.56832,-0.24987,-0.08694,0.77912,-0.73,1.08,0.2,0.56832,-0.24987,-0.08694,0.77912,-0.68,1.07,0.1,-0.23415,-0.09994,-0.33669,0.90655,-0.68,1.09,0.14,-0.22925,-0.08182,-0.25094,0.9369,-0.68,1.11,0.17,0.29056,-0.20003,-0.25039,0.90159,-0.69,1.1,0.19,0.50101,-0.30079,-0.20226,0.78588,-0.71,1.08,0.19,0.50101,-0.30079,-0.20226,0.78588,-0.81,1.08,0.19
-0.79,1.46,-0.16,-0.79,1.46,-0.16,-0.85,1.1,0.11,0.32855,-0.05619,-0.09427,-0.93809,-0.86,1.06,0.06,0.32855,-0.05619,-0.09427,-0.93809,-0.82,1.08,0.09,0.45501,-0.19594,0.52038,-0.69554,-0.8,1.09,0.1,0.22451,-0.0342,0.47877,-0.84806,-0.79,1.1,0.13,0.07268,0.0163,0.55305,-0.82982,-0.79,1.11,0.16,0.07268,0.0163,0.55305,-0.82982,-0.84,1.08,0.09,0.32855,-0.05619,-0.09427,-0.93809,-0.83,1.12,0.13,0.11549,-0.07355,-0.03979,-0.98978,-0.82,1.13,0.17,-0.31728,-0.09082,-0.02962,-0.94351,-0.82,1.11,0.19,-0.52392,-0.06925,-0.01766,-0.84876,-0.82,1.1,0.2,-0.52392,-0.06925,-0.01766,-0.84876,-0.85,1.08,0.09,0.32855,-0.05619,-0.09427,-0.93809,-0.85,1.12,0.13,0.14423,-0.04617,-0.10484,-0.98289,-0.85,1.13,0.17,-0.26285,-0.08672,-0.09007,-0.9567,-0.84,1.12,0.2,-0.45494,-0.09446,-0.1325,-0.87553,-0.84,1.1,0.21,-0.45494,-0.09446,-0.1325,-0.87553,-0.87,1.08,0.09,0.32855,-0.05619,-0.09427,-0.93809,-0.87,1.11,0.13,0.13779,-0.03431,-0.1599,-0.97687,-0.87,1.12,0.17,-0.30891,-0.11915,-0.16656,-0.92878,-0.86,1.11,0.19,-0.55083,-0.18247,-0.15229,-0.80006,-0.85,1.09,0.2,-0.55083,-0.18247,-0.15229,-0.80006,-0.88,1.07,0.09,0.27601,0.00751,-0.33056,-0.90249,-0.89,1.1,0.13,0.19815,-0.02954,-0.23694,-0.95064,-0.89,1.11,0.16,-0.25069,-0.12606,-0.2727,-0.92027,-0.88,1.1,0.18,-0.47948,-0.23944,-0.2378,-0.81007,-0.87,1.09,0.19,-0.47948,-0.23944,-0.2378,-0.81007,-0.71,1.09,0.12,-0.32215,-0.16459,-0.11331,0.92536,-0.69,1.06,0.07,-0.32215,-0.16459,-0.11331,0.92536,-0.73,1.07,0.09,-0.4369,-0.26733,0.5638,0.64791,-0.76,1.08,0.1,-0.22445,-0.09366,0.54513,0.8023,-0.77,1.09,0.13,-0.11866,-0.05984,0.62475,0.76943,-0.77,1.09,0.16,-0.11866,-0.05984,0.62475,0.76943,-0.72,1.08,0.09,-0.32215,-0.16459,-0.11331,0.92536,-0.73,1.11,0.13,-0.12697,-0.17023,-0.04451,0.97618,-0.75,1.12,0.16,0.29844,-0.18059,0.00655,0.93716,-0.75,1.11,0.18,0.47237,-0.1499,0.03113,0.868,-0.76,1.09,0.19,0.47237,-0.1499,0.03113,0.868,-0.7,1.07,0.09,-0.32215,-0.16459,-0.11331,0.92536,-0.71,1.12,0.14,-0.08679,-0.15457,-0.09854,0.97922,-0.72,1.12,0.18,0.33835,-0.18367,-0.0363,0.92221,-0.73,1.11,0.19,0.51097,-0.17315,-0.06068,0.83979,-0.74,1.09,0.21,0.51097,-0.17315,-0.06068,0.83979,-0.68,1.07,0.1,-0.32215,-0.16459,-0.11331,0.92536,-0.69,1.11,0.14,-0.11539,-0.13039,-0.16357,0.97105,-0.7,1.12,0.18,0.35553,-0.20905,-0.12213,0.90276,-0.72,1.1,0.19,0.57338,-0.25394,-0.09013,0.77371,-0.73,1.08,0.2,0.57338,-0.25394,-0.09013,0.77371,-0.68,1.07,0.1,-0.24493,-0.09824,-0.34347,0.90132,-0.68,1.09,0.14,-0.23977,-0.07962,-0.25811,0.9325,-0.68,1.11,0.17,0.2941,-0.20665,-0.25481,0.8977,-0.69,1.1,0.18,0.50986,-0.30966,-0.2027,0.77657,-0.7,1.09,0.19,0.50986,-0.30966,-0.2027,0.77657,-0.81,1.08,0.19
-0.79,1.46,-0.16,-0.79,1.46,-0.16,-0.85,1.1,0.11,0.32707,-0.06527,-0.10635,-0.93673,-0.86,1.06,0.06,0.32707,-0.06527,-0.10635,-0.93673,-0.82,1.08,0.09,0.45513,-0.19804,0.51636,-0.69786,-0.8,1.09,0.1,0.21802,-0.03412,0.47603,-0.85129,-0.79,1.1,0.13,0.06966,0.01287,0.55066,-0.83172,-0.79,1.11,0.15,0.06966,0.01287,0.55066,-0.83172,-0.83,1.08,0.09,0.32707,-0.06527,-0.10635,-0.93673,-0.83,1.12,0.13,0.11763,-0.09369,-0.04507,-0.9876,-0.82,1.13,0.17,-0.29695,-0.11081,-0.02792,-0.94803,-0.82,1.12,0.19,-0.49969,-0.08844,-0.01274,-0.86158,-0.81,1.1,0.2,-0.49969,-0.08844,-0.01274,-0.86158,-0.85,1.08,0.09,0.32707,-0.06527,-0.10635,-0.93673,-0.85,1.12,0.13,0.16633,-0.05842,-0.11456,-0.97765,-0.85,1.13,0.17,-0.21634,-0.09974,-0.09648,-0.96641,-0.84,1.12,0.2,-0.40401,-0.11059,-0.13657,-0.89772,-0.83,1.11,0.21,-0.40401,-0.11059,-0.13657,-0.89772,-0.87,1.08,0.09,0.32707,-0.06527,-0.10635,-0.93673,-0.87,1.11,0.13,0.22184,-0.03232,-0.17317,-0.95904,-0.87,1.13,0.17,-0.19933,-0.12171,-0.18038,-0.95547,-0.86,1.12,0.19,-0.43727,-0.18918,-0.16429,-0.86372,-0.85,1.1,0.2,-0.43727,-0.18918,-0.16429,-0.86372,-0.88,1.07,0.09,0.27103,-0.00138,-0.3416,-0.89992,-0.88,1.1,0.13,0.24802,-0.02015,-0.2482,-0.9362,-0.89,1.11,0.16,-0.17401,-0.11908,-0.28907,-0.9338,-0.88,1.1,0.18,-0.39268,-0.23332,-0.25549,-0.85211,-0.87,1.09,0.19,-0.39268,-0.23332,-0.25549,-0.85211,-0.71,1.1,0.11,-0.33239,-0.16373,-0.12357,0.92057,-0.69,1.06,0.07,-0.33239,-0.16373,-0.12357,0.92057,-0.73,1.07,0.09,-0.43419,-0.25131,0.57053,0.65024,-0.75,1.08,0.11,-0.2309,-0.08186,0.5453,0.80164,-0.77,1.09,0.13,-0.12482,-0.0481,0.624,0.76989,-0.77,1.09,0.16,-0.12482,-0.0481,0.624,0.76989,-0.72,1.08,0.09,-0.33239,-0.16373,-0.12357,0.92057,-0.73,1.12,0.13,-0.10353,-0.17434,-0.04681,0.97811,-0.74,1.13,0.16,0.32668,-0.18466,0.00725,0.92689,-0.75,1.11,0.18,0.49825,-0.15351,0.0334,0.85268,-0.76,1.09,0.19,0.49825,-0.15351,0.0334,0.85268,-0.7,1.07,0.09,-0.33239,-0.16373,-0.12357,0.92057,-0.71,1.12,0.14,-0.09468,-0.15769,-0.10804,0.97698,-0.72,1.13,0.17,0.32906,-0.19056,-0.0438,0.92385,-0.73,1.11,0.19,0.50272,-0.18186,-0.06679,0.84246,-0.74,1.09,0.2,0.50272,-0.18186,-0.06679,0.84246,-0.68,1.07,0.1,-0.33239,-0.16373,-0.12357,0.92057,-0.69,1.11,0.14,-0.12895,-0.13277,-0.17431,0.96714,-0.7,1.12,0.18,0.34695,-0.2174,-0.12903,0.90317,-0.71,1.1,0.19,0.56739,-0.26406,-0.09383,0.7743,-0.73,1.09,0.2,0.56739,-0.26406,-0.09383,0.7743,-0.68,1.07,0.1,-0.25367,-0.10038,-0.35386,0.89463,-0.68,1.09,0.14,-0.25337,-0.0802,-0.26909,0.92572,-0.68,1.11,0.17,0.29389,-0.2181,-0.26066,0.89337,-0.69,1.1,0.18,0.52222,-0.32524,-0.20011,0.76254,-0.7,1.09,0.19,0.52222,-0.32524,-0.20011,0.76254,-0.81,1.08,0.19
-0.79,1.46,-0.16,-0.79,1.46,-0.16,-0.85,1.1,0.11,0.28518,-0.08409,-0.11212,-0.94817,-0.86,1.06,0.06,0.28518,-0.08409,-0.11212,-0.94817,-0.82,1.08,0.08,0.43254,-0.23927,0.50483,-0.70768,-0.8,1.09,0.1,0.19105,-0.07521,0.47793,-0.85407,-0.79,1.1,0.13,0.07912,-0.05177,0.55865,-0.824,-0.78,1.1,0.15,0.07912,-0.05177,0.55865,-0.824,-0.83,1.08,0.09,0.28518,-0.08409,-0.11212,-0.94817,-0.83,1.11,0.13,0.12138,-0.1543,-0.03477,-0.97992,-0.81,1.12,0.17,-0.15466,-0.16119,-0.01707,-0.97458,-0.81,1.12,0.19,-0.31651,-0.13672,-0.00327,-0.93868,-0.8,1.1,0.21,-0.31651,-0.13672,-0.00327,-0.93868,-0.85,1.08,0.09,0.28518,-0.08409,-0.11212,-0.94817,-0.85,1.11,0.13,0.22623,-0.06822,-0.123,-0.96386,-0.84,1.13,0.17,-0.11378,-0.10837,-0.10506,-0.98197,-0.84,1.13,0.2,-0.29369,-0.12553,-0.14394,-0.93662,-0.83,1.12,0.22,-0.29369,-0.12553,-0.14394,-0.93662,-0.87,1.08,0.09,0.28518,-0.08409,-0.11212,-0.94817,-0.86,1.1,0.14,0.27502,-0.03017,-0.17991,-0.94398,-0.87,1.12,0.17,-0.1192,-0.11974,-0.18882,-0.96737,-0.86,1.12,0.19,-0.35004,-0.18915,-0.17247,-0.90108,-0.85,1.11,0.21,-0.35004,-0.18915,-0.17247,-0.90108,-0.87,1.07,0.09,0.22556,-0.00943,-0.34332,-0.91168,-0.88,1.09,0.13,0.26708,-0.00062,-0.25113,-0.93038,-0.88,1.1,0.16,-0.11413,-0.09197,-0.30219,-0.94191,-0.88,1.1,0.18,-0.32788,-0.20833,-0.27385,-0.87983,-0.87,1.09,0.19,-0.32788,-0.20833,-0.27385,-0.87983,-0.7,1.1,0.11,-0.34261,-0.15686,-0.12811,0.91739,-0.69,1.06,0.07,-0.34261,-0.15686,-0.12811,0.91739,-0.73,1.07,0.09,-0.42198,-0.23538,0.58528,0.65113,-0.75,1.08,0.11,-0.22581,-0.06491,0.5545,0.79832,-0.76,1.09,0.14,-0.12284,-0.03428,0.63104,0.7652,-0.77,1.1,0.16,-0.12284,-0.03428,0.63104,0.7652,-0.72,1.08,0.09,-0.34261,-0.15686,-0.12811,0.91739,-0.73,1.12,0.13,-0.10149,-0.17074,-0.04935,0.97883,-0.74,1.13,0.16,0.33476,-0.18241,0.0046,0.92447,-0.75,1.11,0.18,0.50813,-0.15166,0.03108,0.84725,-0.76,1.09,0.19,0.50813,-0.15166,0.03108,0.84725,-0.7,1.08,0.09,-0.34261,-0.15686,-0.12811,0.91739,-0.71,1.12,0.13,-0.1026,-0.15511,-0.11248,0.9761,-0.72,1.13,0.17,0.3125,-0.18974,-0.05071,0.92939,-0.73,1.11,0.19,0.48297,-0.18322,-0.07445,0.85301,-0.74,1.1,0.2,0.48297,-0.18322,-0.07445,0.85301,-0.68,1.08,0.1,-0.34261,-0.15686,-0.12811,0.91739,-0.69,1.11,0.14,-0.14723,-0.12905,-0.18035,0.96392,-0.7,1.12,0.17,0.3286,-0.21762,-0.13583,0.90897,-0.71,1.11,0.19,0.55131,-0.26653,-0.09981,0.78426,-0.72,1.09,0.2,0.55131,-0.26653,-0.09981,0.78426,-0.68,1.07,0.1,-0.26441,-0.09638,-0.35915,0.88984,-0.68,1.1,0.14,-0.27076,-0.07446,-0.2747,0.91961,-0.68,1.11,0.17,0.28691,-0.22094,-0.266,0.89337,-0.69,1.1,0.18,0.52789,-0.33235,-0.19927,0.75575,-0.7,1.09,0.19,0.52789,-0.33235,-0.19927,0.75575,-0.81,1.08,0.19
-0.79,1.46,-0.16,-0.79,1.46,-0.16,-0.85,1.09,0.11,0.24787,-0.10428,-0.09988,-0.95797,-0.86,1.06,0.06,0.24787,-0.10428,-0.09988,-0.95797,-0.82,1.07,0.08,0.42215,-0.27092,0.49209,-0.71151,-0.8,1.08,0.1,0.17818,-0.10883,0.47559,-0.85453,-0.78,1.09,0.13,0.0811,-0.09433,0.55899,-0.81979,-0.78,1.09,0.15,0.0811,-0.09433,0.55899,-0.81979,-0.83,1.08,0.09,0.24787,-0.10428,-0.09988,-0.95797,-0.82,1.11,0.13,0.0786,-0.18555,-0.01548,-0.97936,-0.81,1.11,0.17,-0.15756,-0.18509,0.00249,-0.97,-0.8,1.11,0.19,-0.28933,-0.15745,0.01457,-0.94408,-0.79,1.09,0.21,-0.28933,-0.15745,0.01457,-0.94408,-0.85,1.07,0.09,0.24787,-0.10428,-0.09988,-0.95797,-0.84,1.11,0.14,0.21243,-0.08483,-0.11088,-0.96715,-0.84,1.13,0.17,-0.11563,-0.1186,-0.08956,-0.98211,-0.83,1.12,0.2,-0.28712,-0.13173,-0.1273,-0.94022,-0.82,1.11,0.22,-0.28712,-0.13173,-0.1273,-0.94022,-0.87,1.07,0.09,0.24787,-0.10428,-0.09988,-0.95797,-0.86,1.1,0.14,0.27331,-0.04246,-0.16746,-0.94629,-0.86,1.12,0.17,-0.12248,-0.12611,-0.17264,-0.96917,-0.85,1.11,0.19,-0.35204,-0.19103,-0.15565,-0.90297,-0.84,1.1,0.21,-0.35204,-0.19103,-0.15565,-0.90297,-0.87,1.07,0.09,0.18679,-0.01965,-0.3279,-0.92585,-0.88,1.08,0.14,0.26629,-0.00402,-0.23468,-0.93488,-0.88,1.1,0.16,-0.11335,-0.08778,-0.28617,-0.94739,-0.88,1.1,0.18,-0.33417,-0.20192,-0.25845,-0.88361,-0.86,1.09,0.2,-0.33417,-0.20192,-0.25845,-0.88361,-0.7,1.1,0.11,-0.34904,-0.14916,-0.13123,0.91581,-0.69,1.06,0.07,-0.34904,-0.14916,-0.13123,0.91581,-0.73,1.07,0.09,-0.41691,-0.22298,0.59017,0.65434,-0.75,1.08,0.11,-0.22066,-0.0507,0.55572,0.79995,-0.76,1.09,0.14,-0.11753,-0.02151,0.63079,0.7667,-0.77,1.1,0.16,-0.11753,-0.02151,0.63079,0.7667,-0.71,1.08,0.09,-0.34904,-0.14916,-0.13123,0.91581,-0.73,1.12,0.13,-0.12977,-0.1627,-0.05876,0.97634,-0.74,1.13,0.16,0.30934,-0.17994,-0.00689,0.93375,-0.75,1.12,0.18,0.48911,-0.15162,0.01939,0.85872,-0.75,1.1,0.19,0.48911,-0.15162,0.01939,0.85872,-0.7,1.08,0.09,-0.34904,-0.14916,-0.13123,0.91581,-0.71,1.12,0.13,-0.12773,-0.14729,-0.11989,0.97346,-0.72,1.13,0.17,0.27668,-0.18524,-0.06294,0.94084,-0.73,1.12,0.19,0.44359,-0.18292,-0.08834,0.87291,-0.74,1.1,0.21,0.44359,-0.18292,-0.08834,0.87291,-0.68,1.08,0.1,-0.34904,-0.14916,-0.13123,0.91581,-0.69,1.11,0.14,-0.16743,-0.12231,-0.18585,0.96045,-0.7,1.13,0.17,0.3065,-0.21473,-0.14394,0.9161,-0.71,1.11,0.19,0.53045,-0.26632,-0.10813,0.7975,-0.72,1.1,0.2,0.53045,-0.26632,-0.10813,0.7975,-0.68,1.07,0.1,-0.27181,-0.09053,-0.3629,0.88669,-0.67,1.1,0.14,-0.29091,-0.06665,-0.27828,0.91296,-0.67,1.11,0.16,0.26728,-0.21849,-0.27273,0.89802,-0.68,1.11,0.18,0.51315,-0.3329,-0.2044,0.76425,-0.7,1.09,0.19,0.51315,-0.3329,-0.2044,0.76425,-0.81,1.08,0.19
-0.79,1.46,-0.16,-0.79,1.46,-0.16,-0.84,1.09,0.11,0.21818,-0.12703,-0.08726,-0.96366,-0.86,1.06,0.06,0.21818,-0.12703,-0.08726,-0.96366,-0.82,1.07,0.08,0.42267,-0.29355,0.47417,-0.71438,-0.79,1.08,0.1,0.17532,-0.13576,0.46535,-0.8569,-0.78,1.09,0.13,0.07809,-0.1206,0.55155,-0.82167,-0.77,1.09,0.15,0.07809,-0.1206,0.55155,-0.82167,-0.83,1.07,0.09,0.21818,-0.12703,-0.08726,-0.96366,-0.82,1.1,0.14,0.02341,-0.20371,0.00362,-0.97875,-0.8,1.1,0.17,-0.22114,-0.19656,0.02737,-0.95484,-0.79,1.09,0.19,-0.35051,-0.16472,0.04264,-0.92097,-0.79,1.08,0.21,-0.35051,-0.16472,0.04264,-0.92097,-0.85,1.07,0.09,0.21818,-0.12703,-0.08726,-0.96366,-0.84,1.1,0.14,0.17575,-0.10733,-0.096,-0.97385,-0.83,1.12,0.18,-0.15898,-0.13498,-0.06739,-0.97569,-0.82,1.11,0.2,-0.33325,-0.14171,-0.10244,-0.92648,-0.82,1.1,0.22,-0.33325,-0.14171,-0.10244,-0.92648,-0.87,1.07,0.09,0.21818,-0.12703,-0.08726,-0.96366,-0.86,1.09,0.14,0.24091,-0.06864,-0.15314,-0.95593,-0.85,1.11,0.17,-0.18258,-0.14705,-0.14666,-0.961,-0.85,1.1,0.2,-0.42161,-0.20508,-0.12512,-0.87437,-0.83,1.09,0.21,-0.42161,-0.20508,-0.12512,-0.87437,-0.87,1.07,0.1,0.15502,-0.03449,-0.31228,-0.93662,-0.87,1.08,0.14,0.2413,-0.03492,-0.21926,-0.94471,-0.87,1.09,0.17,-0.18369,-0.11957,-0.25719,-0.94118,-0.87,1.09,0.18,-0.45425,-0.23743,-0.21399,-0.83156,-0.86,1.08,0.19,-0.45425,-0.23743,-0.21399,-0.83156,-0.7,1.1,0.11,-0.34329,-0.15489,-0.14775,0.91451,-0.69,1.06,0.06,-0.34329,-0.15489,-0.14775,0.91451,-0.73,1.08,0.09,-0.42356,-0.2266,0.57454,0.66269,-0.75,1.09,0.11,-0.22084,-0.05681,0.54125,0.80935,-0.76,1.1,0.14,-0.11663,-0.0283,0.61773,0.77718,-0.77,1.1,0.16,-0.11663,-0.0283,0.61773,0.77718,-0.71,1.08,0.09,-0.34329,-0.15489,-0.14775,0.91451,-0.73,1.12,0.13,-0.20413,-0.16175,-0.0922,0.96107,-0.74,1.14,0.16,0.23356,-0.1953,-0.0371,0.9518,-0.75,1.13,0.18,0.4246,-0.17359,-0.00808,0.88855,-0.75,1.11,0.19,0.4246,-0.17359,-0.00808,0.88855,-0.7,1.08,0.09,-0.34329,-0.15489,-0.14775,0.91451,-0.71,1.12,0.13,-0.16708,-0.14885,-0.14258,0.96416,-0.72,1.14,0.17,0.22384,-0.19515,-0.08561,0.95104,-0.73,1.13,0.19,0.38458,-0.19904,-0.11032,0.8946,-0.74,1.11,0.21,0.38458,-0.19904,-0.11032,0.8946,-0.68,1.08,0.1,-0.34329,-0.15489,-0.14775,0.91451,-0.69,1.11,0.14,-0.17175,-0.12863,-0.20195,0.9556,-0.7,1.13,0.17,0.2943,-0.22698,-0.15629,0.91512,-0.71,1.11,0.19,0.51208,-0.28091,-0.11818,0.80305,-0.72,1.1,0.2,0.51208,-0.28091,-0.11818,0.80305,-0.68,1.07,0.1,-0.26277,-0.09538,-0.37771,0.88272,-0.67,1.1,0.14,-0.30702,-0.06557,-0.29377,0.90285,-0.67,1.11,0.16,0.24588,-0.22674,-0.28616,0.89791,-0.68,1.11,0.18,0.48737,-0.34362,-0.21554,0.77327,-0.7,1.1,0.19,0.48737,-0.34362,-0.21554,0.77327,-0.81,1.08,0.19
-0.79,1.46,-0.16,-0.79,1.46,-0.16,-0.85,1.09,0.12,0.22609,-0.11839,-0.08574,-0.96308,-0.86,1.06,0.06,0.22609,-0.11839,-0.08574,-0.96308,-0.82,1.07,0.09,0.42771,-0.27975,0.47455,-0.71666,-0.8,1.08,0.1,0.17932,-0.12222,0.46131,-0.86029,-0.78,1.09,0.13,0.07932,-0.10644,0.5468,-0.82667,-0.78,1.09,0.15,0.07932,-0.10644,0.5468,-0.82667,-0.83,1.07,0.09,0.22609,-0.11839,-0.08574,-0.96308,-0.82,1.1,0.14,0.01659,-0.19053,0.00535,-0.98153,-0.81,1.1,0.17,-0.24609,-0.18267,0.02925,-0.95143,-0.8,1.09,0.19,-0.38105,-0.15011,0.0445,-0.9112,-0.79,1.08,0.21,-0.38105,-0.15011,0.0445,-0.9112,-0.85,1.07,0.09,0.22609,-0.11839,-0.08574,-0.96308,-0.84,1.1,0.14,0.1741,-0.10053,-0.09378,-0.97508,-0.83,1.12,0.18,-0.16868,-0.12834,-0.06655,-0.97501,-0.83,1.11,0.2,-0.34781,-0.13486,-0.10253,-0.92213,-0.82,1.1,0.22,-0.34781,-0.13486,-0.10253,-0.92213,-0.87,1.07,0.1,0.22609,-0.11839,-0.08574,-0.96308,-0.86,1.1,0.14,0.24247,-0.06534,-0.15076,-0.95614,-0.86,1.11,0.18,-0.20407,-0.14647,-0.14293,-0.95733,-0.85,1.1,0.2,-0.45582,-0.2045,-0.11999,-0.85791,-0.84,1.09,0.21,-0.45582,-0.2045,-0.11999,-0.85791,-0.87,1.07,0.1,0.16468,-0.02782,-0.31195,-0.9353,-0.88,1.08,0.14,0.24821,-0.03667,-0.21748,-0.94327,-0.88,1.1,0.17,-0.2096,-0.12941,-0.25203,-0.93585,-0.87,1.09,0.18,-0.50239,-0.25049,-0.20085,-0.80282,-0.86,1.08,0.19,-0.50239,-0.25049,-0.20085,-0.80282,-0.7,1.1,0.11,-0.3149,-0.15909,-0.15122,0.9234,-0.69,1.06,0.06,-0.3149,-0.15909,-0.15122,0.9234,-0.73,1.07,0.09,-0.41091,-0.24662,0.56434,0.67219,-0.75,1.08,0.11,-0.20223,-0.07618,0.53734,0.81521,-0.76,1.09,0.14,-0.09986,-0.05004,0.61524,0.78039,-0.77,1.09,0.16,-0.09986,-0.05004,0.61524,0.78039,-0.72,1.08,0.09,-0.3149,-0.15909,-0.15122,0.9234,-0.73,1.12,0.13,-0.18769,-0.1556,-0.10215,0.96443,-0.74,1.13,0.16,0.24462,-0.19336,-0.04992,0.94883,-0.75,1.12,0.18,0.43348,-0.17409,-0.02107,0.88393,-0.76,1.11,0.19,0.43348,-0.17409,-0.02107,0.88393,-0.7,1.08,0.09,-0.3149,-0.15909,-0.15122,0.9234,-0.71,1.12,0.14,-0.14116,-0.14942,-0.14637,0.96764,-0.72,1.13,0.17,0.24724,-0.19665,-0.0893,0.94458,-0.73,1.12,0.2,0.39724,-0.19891,-0.11466,0.88853,-0.74,1.1,0.21,0.39724,-0.19891,-0.11466,0.88853,-0.68,1.07,0.1,-0.3149,-0.15909,-0.15122,0.9234,-0.69,1.11,0.14,-0.13822,-0.13153,-0.20265,0.96048,-0.7,1.12,0.17,0.32334,-0.22806,-0.15689,0.90489,-0.71,1.11,0.19,0.5305,-0.28063,-0.12113,0.79066,-0.73,1.09,0.2,0.5305,-0.28063,-0.12113,0.79066,-0.68,1.07,0.1,-0.23376,-0.09238,-0.37884,0.89068,-0.68,1.09,0.14,-0.28374,-0.06427,-0.29432,0.91035,-0.68,1.11,0.17,0.26573,-0.2229,-0.28832,0.89251,-0.69,1.1,0.18,0.49416,-0.33771,-0.22375,0.76922,-0.7,1.09,0.19,0.49416,-0.33771,-0.22375,0.76922,-0.81,1.08,0.19
-0.79,1.46,-0.16,-0.79,1.46,-0.16,-0.85,1.09,0.11,0.28612,-0.09022,-0.14208,-0.9433,-0.86,1.06,0.06,0.28612,-0.09022,-0.14208,-0.9433,-0.83,1.08,0.09,0.47045,-0.21384,0.45124,-0.72755,-0.8,1.09,0.1,0.21403,-0.06678,0.41715,-0.88075,-0.79,1.1,0.13,0.09807,-0.04754,0.50079,-0.85868,-0.79,1.11,0.15,0.09807,-0.04754,0.50079,-0.85868,-0.84,1.08,0.09,0.28612,-0.09022,-0.14208,-0.9433,-0.83,1.11,0.13,0.06941,-0.1643,-0.05412,-0.98248,-0.82,1.12,0.17,-0.24184,-0.17586,-0.02632,-0.95388,-0.81,1.11,0.19,-0.39736,-0.15166,-0.00802,-0.90501,-0.8,1.09,0.2,-0.39736,-0.15166,-0.00802,-0.90501,-0.85,1.08,0.09,0.28612,-0.09022,-0.14208,-0.9433,-0.85,1.11,0.14,0.19832,-0.08586,-0.14822,-0.96505,-0.85,1.13,0.18,-0.14972,-0.13427,-0.12161,-0.97199,-0.84,1.12,0.2,-0.33217,-0.15215,-0.15497,-0.91787,-0.83,1.11,0.22,-0.33217,-0.15215,-0.15497,-0.91787,-0.87,1.07,0.09,0.28612,-0.09022,-0.14208,-0.9433,-0.87,1.1,0.14,0.26224,-0.05358,-0.20543,-0.94136,-0.87,1.12,0.17,-0.18986,-0.16285,-0.19465,-0.94844,-0.86,1.11,0.19,-0.44771,-0.23574,-0.16287,-0.84703,-0.85,1.1,0.21,-0.44771,-0.23574,-0.16287,-0.84703,-0.88,1.07,0.1,0.22108,-0.01679,-0.37134,-0.90164,-0.88,1.09,0.14,0.28887,-0.02788,-0.27501,-0.9166,-0.89,1.1,0.16,-0.19058,-0.16008,-0.30255,-0.92006,-0.88,1.1,0.18,-0.48966,-0.29909,-0.23289,-0.7852,-0.86,1.08,0.19,-0.48966,-0.29909,-0.23289,-0.7852,-0.7,1.1,0.12,-0.30616,-0.1593,-0.15252,0.92608,-0.69,1.06,0.07,-0.30616,-0.1593,-0.15252,0.92608,-0.73,1.07,0.09,-0.40789,-0.25117,0.55976,0.67618,-0.75,1.08,0.11,-0.19636,-0.08057,0.53431,0.81821,-0.76,1.09,0.14,-0.0985,-0.05856,0.61264,0.78201,-0.77,1.09,0.16,-0.0985,-0.05856,0.61264,0.78201,-0.72,1.08,0.09,-0.30616,-0.1593,-0.15252,0.92608,-0.73,1.12,0.13,-0.1658,-0.14263,-0.10758,0.96984,-0.74,1.13,0.16,0.27281,-0.18383,-0.05933,0.94248,-0.75,1.12,0.18,0.46143,-0.16637,-0.03112,0.87088,-0.75,1.1,0.2,0.46143,-0.16637,-0.03112,0.87088,-0.7,1.08,0.09,-0.30616,-0.1593,-0.15252,0.92608,-0.71,1.12,0.14,-0.10157,-0.14903,-0.14506,0.97285,-0.72,1.13,0.18,0.29987,-0.19658,-0.08539,0.92959,-0.73,1.11,0.2,0.44935,-0.1953,-0.10995,0.86478,-0.74,1.09,0.21,0.44935,-0.1953,-0.10995,0.86478,-0.68,1.07,0.1,-0.30616,-0.1593,-0.15252,0.92608,-0.69,1.1,0.14,-0.08361,-0.14008,-0.19687,0.96676,-0.7,1.11,0.18,0.37621,-0.23097,-0.14851,0.88491,-0.71,1.1,0.19,0.57733,-0.28001,-0.11353,0.75855,-0.73,1.08,0.2,0.57733,-0.28001,-0.11353,0.75855,-0.68,1.07,0.1,-0.22503,-0.09042,-0.37942,0.89287,-0.68,1.09,0.14,-0.25603,-0.07429,-0.29328,0.91811,-0.68,1.11,0.17,0.28668,-0.2262,-0.28375,0.88664,-0.69,1.1,0.18,0.50326,-0.33691,-0.22314,0.76383,-0.7,1.09,0.19,0.50326,-0.33691,-0.22314,0.76383,-0.81,1.08,0.19
-0.79,1.46,-0.16,-0.79,1.46,-0.16,-0.85,1.1,0.11,0.31092,-0.08438,-0.1726,-0.93082,-0.86,1.06,0.06,0.31092,-0.08438,-0.1726,-0.93082,-0.83,1.08,0.08,0.48861,-0.18836,0.4379,-0.73077,-0.8,1.1,0.1,0.22644,-0.04586,0.39611,-0.88866,-0.8,1.11,0.13,0.09883,-0.0232,0.47836,-0.87227,-0.79,1.11,0.15,0.09883,-0.0232,0.47836,-0.87227,-0.84,1.08,0.09,0.31092,-0.08438,-0.1726,-0.93082,-0.83,1.12,0.13,0.09172,-0.15921,-0.08598,-0.97921,-0.82,1.13,0.17,-0.24267,-0.18282,-0.05359,-0.95122,-0.81,1.12,0.19,-0.40811,-0.16345,-0.03176,-0.89762,-0.81,1.1,0.2,-0.40811,-0.16345,-0.03176,-0.89762,-0.85,1.08,0.09,0.31092,-0.08438,-0.1726,-0.93082,-0.85,1.12,0.13,0.20667,-0.08883,-0.17691,-0.95818,-0.85,1.13,0.17,-0.14306,-0.14765,-0.14687,-0.96755,-0.84,1.13,0.2,-0.32573,-0.17032,-0.17696,-0.913,-0.83,1.11,0.22,-0.32573,-0.17032,-0.17696,-0.913,-0.87,1.07,0.09,0.31092,-0.08438,-0.1726,-0.93082,-0.87,1.1,0.14,0.26432,-0.05858,-0.2343,-0.9337,-0.87,1.12,0.17,-0.18809,-0.18113,-0.21718,-0.94056,-0.86,1.12,0.19,-0.44564,-0.25981,-0.17859,-0.83786,-0.85,1.1,0.2,-0.44564,-0.25981,-0.17859,-0.83786,-0.88,1.07,0.1,0.24225,-0.01858,-0.40188,-0.88287,-0.88,1.09,0.14,0.29557,-0.03563,-0.30519,-0.90456,-0.89,1.1,0.16,-0.18993,-0.18533,-0.32298,-0.90844,-0.88,1.1,0.18,-0.48716,-0.33028,-0.24183,-0.77144,-0.86,1.09,0.19,-0.48716,-0.33028,-0.24183,-0.77144,-0.71,1.09,0.12,-0.30521,-0.15968,-0.1525,0.92633,-0.69,1.06,0.07,-0.30521,-0.15968,-0.1525,0.92633,-0.73,1.07,0.09,-0.40812,-0.25137,0.55898,0.6766,-0.75,1.08,0.11,-0.19621,-0.08084,0.53362,0.81867,-0.76,1.09,0.14,-0.10229,-0.06194,0.61203,0.78174,-0.77,1.09,0.16,-0.10229,-0.06194,0.61203,0.78174,-0.72,1.08,0.09,-0.30521,-0.15968,-0.1525,0.92633,-0.73,1.12,0.13,-0.15106,-0.14008,-0.10707,0.97267,-0.74,1.13,0.17,0.29216,-0.18126,-0.05915,0.93717,-0.75,1.11,0.18,0.48,-0.16364,-0.03079,0.86132,-0.75,1.1,0.2,0.48,-0.16364,-0.03079,0.86132,-0.7,1.07,0.1,-0.30521,-0.15968,-0.1525,0.92633,-0.71,1.11,0.14,-0.07544,-0.15081,-0.14213,0.97538,-0.72,1.12,0.18,0.33609,-0.19767,-0.07965,0.9174,-0.73,1.11,0.2,0.48485,-0.19342,-0.10344,0.84665,-0.74,1.09,0.21,0.48485,-0.19342,-0.10344,0.84665,-0.68,1.07,0.1,-0.30521,-0.15968,-0.1525,0.92633,-0.69,1.1,0.14,-0.05841,-0.14483,-0.19315,0.96866,-0.7,1.11,0.18,0.40061,-0.23258,-0.14319,0.87459,-0.72,1.09,0.19,0.59919,-0.27965,-0.1084,0.7423,-0.73,1.07,0.2,0.59919,-0.27965,-0.1084,0.7423,-0.68,1.07,0.1,-0.22403,-0.09056,-0.37932,0.89316,-0.68,1.09,0.14,-0.23755,-0.08258,-0.29202,0.92275,-0.68,1.1,0.17,0.30199,-0.22995,-0.27907,0.88207,-0.69,1.1,0.18,0.51333,-0.33814,-0.21977,0.75753,-0.71,1.08,0.19,0.51333,-0.33814,-0.21977,0.75753,-0.81,1.08,0.19
-0.79,1.46,-0.16,-0.79,1.46,-0.16,-0.85,1.1,0.11,0.33391,-0.09221,-0.17332,-0.92193,-0.86,1.06,0.06,0.33391,-0.09221,-0.17332,-0.92193,-0.83,1.08,0.08,0.49003,-0.18056,0.46165,-0.71704,-0.8,1.1,0.1,0.22979,-0.02951,0.41741,-0.87869,-0.8,1.11,0.13,0.09326,0.00071,0.49616,-0.86321,-0.79,1.11,0.15,0.09326,0.00071,0.49616,-0.86321,-0.84,1.08,0.08,0.33391,-0.09221,-0.17332,-0.92193,-0.83,1.12,0.13,0.11098,-0.15731,-0.08829,-0.97731,-0.82,1.13,0.16,-0.24877,-0.18372,-0.05147,-0.94959,-0.81,1.12,0.18,-0.42098,-0.16421,-0.02787,-0.89165,-0.81,1.1,0.19,-0.42098,-0.16421,-0.02787,-0.89165,-0.85,1.08,0.09,0.33391,-0.09221,-0.17332,-0.92193,-0.85,1.12,0.13,0.20235,-0.10405,-0.17316,-0.95825,-0.85,1.14,0.17,-0.16736,-0.16336,-0.13472,-0.96289,-0.84,1.13,0.19,-0.35243,-0.18236,-0.16178,-0.90353,-0.83,1.12,0.21,-0.35243,-0.18236,-0.16178,-0.90353,-0.87,1.07,0.09,0.33391,-0.09221,-0.17332,-0.92193,-0.87,1.11,0.13,0.25854,-0.07722,-0.23228,-0.93447,-0.87,1.13,0.17,-0.19565,-0.19685,-0.20678,-0.9382,-0.86,1.12,0.19,-0.45086,-0.27139,-0.16479,-0.83422,-0.84,1.1,0.2,-0.45086,-0.27139,-0.16479,-0.83422,-0.88,1.07,0.1,0.26295,-0.03218,-0.40383,-0.87564,-0.88,1.09,0.13,0.29147,-0.06263,-0.30502,-0.90448,-0.89,1.11,0.16,-0.18708,-0.20568,-0.31118,-0.90877,-0.88,1.1,0.18,-0.47103,-0.3414,-0.22889,-0.7805,-0.86,1.09,0.18,-0.47103,-0.3414,-0.22889,-0.7805,-0.71,1.09,0.12,-0.30477,-0.15943,-0.11381,0.93206,-0.69,1.06,0.07,-0.30477,-0.15943,-0.11381,0.93206,-0.73,1.07,0.09,-0.40585,-0.25003,0.57927,0.66123,-0.75,1.08,0.11,-0.20553,-0.07844,0.55289,0.80369,-0.77,1.08,0.14,-0.12438,-0.06664,0.63028,0.76344,-0.77,1.09,0.16,-0.12438,-0.06664,0.63028,0.76344,-0.72,1.07,0.09,-0.30477,-0.15943,-0.11381,0.93206,-0.73,1.11,0.13,-0.11416,-0.15113,-0.05456,0.98038,-0.74,1.12,0.17,0.29871,-0.167,-0.01301,0.93953,-0.75,1.11,0.19,0.47378,-0.14018,0.00942,0.86936,-0.76,1.09,0.2,0.47378,-0.14018,0.00942,0.86936,-0.7,1.07,0.1,-0.30477,-0.15943,-0.11381,0.93206,-0.71,1.11,0.14,-0.08381,-0.1425,-0.10484,0.98065,-0.72,1.12,0.18,0.32398,-0.17446,-0.05041,0.92847,-0.73,1.11,0.2,0.47548,-0.16684,-0.07859,0.86018,-0.74,1.09,0.21,0.47548,-0.16684,-0.07859,0.86018,-0.68,1.07,0.1,-0.30477,-0.15943,-0.11381,0.93206,-0.69,1.1,0.14,-0.09171,-0.1284,-0.16154,0.97417,-0.7,1.11,0.18,0.37252,-0.20474,-0.12281,0.89679,-0.72,1.1,0.2,0.5779,-0.24885,-0.09477,0.77144,-0.73,1.08,0.2,0.5779,-0.24885,-0.09477,0.77144,-0.68,1.07,0.11,-0.22898,-0.08871,-0.343,0.90667,-0.68,1.09,0.15,-0.25541,-0.0726,-0.25589,0.92952,-0.68,1.11,0.17,0.28757,-0.2032,-0.25503,0.90054,-0.69,1.1,0.19,0.50867,-0.3075,-0.20204,0.77839,-0.7,1.08,0.19,0.50867,-0.3075,-0.20204,0.77839,-0.81,1.08,0.19
-0.79,1.46,-0.16,-0.79,1.46,-0.16,-0.85,1.1,0.11,0.32803,-0.10044,-0.15592,-0.92628,-0.86,1.06,0.06,0.32803,-0.10044,-0.15592,-0.92628,-0.82,1.07,0.08,0.47249,-0.19355,0.48758,-0.70821,-0.8,1.09,0.1,0.21371,-0.03089,0.4477,-0.86772,-0.79,1.1,0.13,0.07543,0.00385,0.52441,-0.84811,-0.79,1.11,0.15,0.07543,0.00385,0.52441,-0.84811,-0.84,1.08,0.08,0.32803,-0.10044,-0.15592,-0.92628,-0.83,1.12,0.13,0.10039,-0.15349,-0.074,-0.98025,-0.82,1.13,0.16,-0.27197,-0.17529,-0.03729,-0.94547,-0.81,1.11,0.18,-0.44644,-0.15315,-0.01411,-0.8815,-0.8,1.1,0.19,-0.44644,-0.15315,-0.01411,-0.8815,-0.85,1.07,0.09,0.32803,-0.10044,-0.15592,-0.92628,-0.85,1.12,0.13,0.17993,-0.11339,-0.15227,-0.96518,-0.84,1.13,0.17,-0.21089,-0.16632,-0.10854,-0.95712,-0.83,1.12,0.19,-0.39864,-0.17814,-0.13512,-0.88944,-0.82,1.11,0.21,-0.39864,-0.17814,-0.13512,-0.88944,-0.87,1.07,0.09,0.32803,-0.10044,-0.15592,-0.92628,-0.87,1.1,0.13,0.2404,-0.08739,-0.21281,-0.94302,-0.86,1.12,0.17,-0.21739,-0.1966,-0.18523,-0.93797,-0.85,1.11,0.19,-0.46769,-0.26406,-0.14592,-0.83081,-0.84,1.1,0.2,-0.46769,-0.26406,-0.14592,-0.83081,-0.88,1.07,0.1,0.25791,-0.038,-0.38691,-0.8845,-0.88,1.09,0.13,0.2722,-0.08134,-0.28524,-0.91538,-0.88,1.11,0.16,-0.18689,-0.20391,-0.2896,-0.91631,-0.87,1.1,0.18,-0.44592,-0.32594,-0.2195,-0.8042,-0.86,1.09,0.19,-0.44592,-0.32594,-0.2195,-0.8042,-0.71,1.09,0.12,-0.27519,-0.15141,-0.0723,0.94664,-0.69,1.06,0.07,-0.27519,-0.15141,-0.0723,0.94664,-0.73,1.06,0.1,-0.4006,-0.25437,0.57736,0.66443,-0.75,1.07,0.11,-0.21782,-0.09577,0.54891,0.8013,-0.77,1.08,0.14,-0.15331,-0.09501,0.62751,0.75743,-0.78,1.08,0.16,-0.15331,-0.09501,0.62751,0.75743,-0.72,1.07,0.1,-0.27519,-0.15141,-0.0723,0.94664,-0.74,1.1,0.14,-0.06305,-0.1853,0.01393,0.98056,-0.75,1.11,0.17,0.26307,-0.1739,0.04772,0.94777,-0.76,1.1,0.19,0.40503,-0.13811,0.06343,0.90159,-0.76,1.08,0.21,0.40503,-0.13811,0.06343,0.90159,-0.7,1.07,0.1,-0.27519,-0.15141,-0.0723,0.94664,-0.71,1.11,0.14,-0.11981,-0.12813,-0.07006,0.982,-0.72,1.12,0.18,0.27583,-0.14724,-0.02688,0.94948,-0.73,1.1,0.21,0.43886,-0.13943,-0.06008,0.88564,-0.74,1.09,0.22,0.43886,-0.13943,-0.06008,0.88564,-0.69,1.07,0.1,-0.27519,-0.15141,-0.0723,0.94664,-0.7,1.1,0.15,-0.1852,-0.09245,-0.13541,0.96893,-0.7,1.11,0.18,0.29138,-0.16521,-0.11407,0.9353,-0.71,1.1,0.2,0.51442,-0.21124,-0.09298,0.8259,-0.72,1.08,0.21,0.51442,-0.21124,-0.09298,0.8259,-0.68,1.07,0.11,-0.20757,-0.07201,-0.30182,0.9277,-0.68,1.09,0.15,-0.29474,-0.02976,-0.21496,0.93061,-0.68,1.1,0.17,0.24314,-0.14649,-0.24481,0.92709,-0.68,1.1,0.19,0.49302,-0.25561,-0.20042,0.80711,-0.7,1.08,0.2,0.49302,-0.25561,-0.20042,0.80711,-0.81,1.08,0.19
-0.79,1.46,-0.16,-0.79,1.46,-0.16,-0.85,1.1,0.11,0.32576,-0.09735,-0.16003,-0.92671,-0.86,1.06,0.06,0.32576,-0.09735,-0.16003,-0.92671,-0.82,1.08,0.08,0.46551,-0.18996,0.48969,-0.71233,-0.8,1.09,0.1,0.20525,-0.02562,0.44853,-0.8695,-0.79,1.1,0.13,0.06583,0.00874,0.5242,-0.849,-0.79,1.11,0.15,0.06583,0.00874,0.5242,-0.849,-0.84,1.08,0.08,0.32576,-0.09735,-0.16003,-0.92671,-0.83,1.12,0.13,0.08889,-0.14607,-0.08102,-0.98194,-0.82,1.13,0.16,-0.28745,-0.17091,-0.04582,-0.94131,-0.81,1.11,0.18,-0.45984,-0.15022,-0.02311,-0.8749,-0.81,1.1,0.19,-0.45984,-0.15022,-0.02311,-0.8749,-0.85,1.07,0.09,0.32576,-0.09735,-0.16003,-0.92671,-0.85,1.12,0.13,0.16915,-0.11269,-0.15556,-0.96669,-0.84,1.13,0.17,-0.22756,-0.16753,-0.1108,-0.95282,-0.83,1.12,0.19,-0.41314,-0.17858,-0.13707,-0.8824,-0.82,1.1,0.21,-0.41314,-0.17858,-0.13707,-0.8824,-0.87,1.07,0.09,0.32576,-0.09735,-0.16003,-0.92671,-0.87,1.1,0.13,0.23467,-0.08607,-0.21643,-0.94376,-0.87,1.12,0.17,-0.2225,-0.1968,-0.18919,-0.93593,-0.85,1.11,0.19,-0.46263,-0.26395,-0.15198,-0.83259,-0.84,1.1,0.2,-0.46263,-0.26395,-0.15198,-0.83259,-0.88,1.07,0.09,0.25577,-0.03456,-0.39072,-0.88359,-0.88,1.09,0.13,0.26533,-0.08367,-0.28797,-0.91634,-0.88,1.1,0.16,-0.17566,-0.20116,-0.29406,-0.91772,-0.87,1.1,0.18,-0.41458,-0.3195,-0.23124,-0.82011,-0.86,1.09,0.19,-0.41458,-0.3195,-0.23124,-0.82011,-0.71,1.09,0.12,-0.25115,-0.1463,-0.05861,0.95503,-0.69,1.06,0.07,-0.25115,-0.1463,-0.05861,0.95503,-0.73,1.06,0.1,-0.40223,-0.2527,0.56082,0.67811,-0.75,1.07,0.11,-0.23107,-0.10873,0.52826,0.80977,-0.77,1.08,0.14,-0.18439,-0.12069,0.60802,0.76272,-0.78,1.08,0.16,-0.18439,-0.12069,0.60802,0.76272,-0.72,1.07,0.1,-0.25115,-0.1463,-0.05861,0.95503,-0.74,1.1,0.14,-0.01991,-0.20907,0.04491,0.97667,-0.75,1.1,0.18,0.2641,-0.18856,0.07686,0.94276,-0.76,1.09,0.2,0.38492,-0.15016,0.09081,0.90611,-0.76,1.07,0.21,0.38492,-0.15016,0.09081,0.90611,-0.7,1.07,0.1,-0.25115,-0.1463,-0.05861,0.95503,-0.72,1.1,0.15,-0.13333,-0.1298,-0.05724,0.98087,-0.73,1.11,0.19,0.25838,-0.14387,-0.0151,0.95515,-0.73,1.1,0.21,0.43659,-0.13533,-0.04852,0.8881,-0.74,1.08,0.22,0.43659,-0.13533,-0.04852,0.8881,-0.69,1.07,0.11,-0.25115,-0.1463,-0.05861,0.95503,-0.7,1.1,0.15,-0.21057,-0.08169,-0.12437,0.96619,-0.7,1.11,0.18,0.28486,-0.15344,-0.10648,0.9402,-0.71,1.1,0.2,0.52496,-0.19908,-0.08595,0.82304,-0.72,1.08,0.21,0.52496,-0.19908,-0.08595,0.82304,-0.68,1.07,0.11,-0.18712,-0.06067,-0.28703,0.93751,-0.68,1.08,0.15,-0.30234,-0.01115,-0.1979,0.93236,-0.68,1.1,0.17,0.22832,-0.12048,-0.24098,0.93556,-0.68,1.09,0.19,0.50994,-0.23616,-0.19696,0.80337,-0.7,1.08,0.2,0.50994,-0.23616,-0.19696,0.80337,-0.81,1.08,0.19
-0.79,1.46,-0.16,-0.79,1.46,-0.16,-0.85,1.1,0.11,0.32903,-0.09465,-0.16702,-0.9246,-0.86,1.06,0.06,0.32903,-0.09465,-0.16702,-0.9246,-0.83,1.08,0.08,0.4626,-0.18066,0.49094,-0.71579,-0.8,1.09,0.1,0.20295,-0.01652,0.44639,-0.87136,-0.8,1.1,0.13,0.06189,0.01765,0.52081,-0.85124,-0.79,1.11,0.15,0.06189,0.01765,0.52081,-0.85124,-0.84,1.08,0.08,0.32903,-0.09465,-0.16702,-0.9246,-0.83,1.12,0.13,0.07931,-0.13754,-0.09166,-0.98305,-0.82,1.13,0.16,-0.29726,-0.16677,-0.05879,-0.93828,-0.81,1.11,0.18,-0.46554,-0.14825,-0.03703,-0.87174,-0.81,1.1,0.19,-0.46554,-0.14825,-0.03703,-0.87174,-0.85,1.08,0.09,0.32903,-0.09465,-0.16702,-0.9246,-0.85,1.12,0.13,0.16194,-0.11193,-0.16216,-0.96693,-0.85,1.13,0.17,-0.23518,-0.16946,-0.11701,-0.94989,-0.84,1.12,0.19,-0.41418,-0.18047,-0.1433,-0.88054,-0.82,1.11,0.21,-0.41418,-0.18047,-0.1433,-0.88054,-0.87,1.07,0.09,0.32903,-0.09465,-0.16702,-0.9246,-0.87,1.11,0.13,0.23424,-0.08478,-0.22338,-0.94236,-0.87,1.12,0.17,-0.21868,-0.1981,-0.19655,-0.93504,-0.85,1.12,0.19,-0.4459,-0.26536,-0.16158,-0.83943,-0.84,1.1,0.2,-0.4459,-0.26536,-0.16158,-0.83943,-0.88,1.07,0.09,0.25855,-0.03304,-0.39755,-0.87978,-0.88,1.09,0.13,0.26245,-0.0842,-0.29457,-0.91502,-0.88,1.11,0.16,-0.16229,-0.19941,-0.30228,-0.91789,-0.87,1.1,0.18,-0.3785,-0.31402,-0.24656,-0.83507,-0.86,1.09,0.19,-0.3785,-0.31402,-0.24656,-0.83507,-0.71,1.08,0.13,-0.21878,-0.14163,-0.04622,0.96434,-0.69,1.06,0.07,-0.21878,-0.14163,-0.04622,0.96434,-0.73,1.06,0.1,-0.39541,-0.2527,0.54468,0.69507,-0.75,1.07,0.11,-0.23293,-0.11987,0.50881,0.82005,-0.77,1.08,0.14,-0.20823,-0.1476,0.58799,0.76755,-0.78,1.08,0.16,-0.20823,-0.1476,0.58799,0.76755,-0.72,1.07,0.1,-0.21878,-0.14163,-0.04622,0.96434,-0.74,1.09,0.15,0.02928,-0.2307,0.07088,0.97,-0.75,1.09,0.18,0.28002,-0.20396,0.10146,0.93257,-0.76,1.08,0.2,0.39021,-0.1633,0.11594,0.89868,-0.77,1.06,0.21,0.39021,-0.1633,0.11594,0.89868,-0.7,1.07,0.1,-0.21878,-0.14163,-0.04622,0.96434,-0.72,1.1,0.15,-0.11107,-0.13618,-0.04205,0.98354,-0.73,1.11,0.19,0.29416,-0.14354,0.00345,0.94491,-0.73,1.09,0.21,0.49951,-0.12876,-0.02851,0.85621,-0.74,1.07,0.22,0.49951,-0.12876,-0.02851,0.85621,-0.69,1.07,0.11,-0.21878,-0.14163,-0.04622,0.96434,-0.7,1.09,0.15,-0.2034,-0.08301,-0.11001,0.96935,-0.7,1.11,0.19,0.32244,-0.15006,-0.0895,0.93033,-0.71,1.09,0.21,0.58883,-0.19129,-0.06662,0.78247,-0.72,1.07,0.21,0.58883,-0.19129,-0.06662,0.78247,-0.68,1.06,0.11,-0.15832,-0.0479,-0.2725,0.94783,-0.68,1.08,0.15,-0.28324,-0.00503,-0.18066,0.94187,-0.68,1.1,0.18,0.24992,-0.10498,-0.22981,0.93472,-0.68,1.09,0.19,0.57022,-0.226,-0.18317,0.76826,-0.69,1.07,0.2,0.57022,-0.226,-0.18317,0.76826,-0.81,1.08,0.19
-0.79,1.46,-0.16,-0.79,1.46,-0.16,-0.85,1.1,0.11,0.33166,-0.08362,-0.16807,-0.92453,-0.86,1.06,0.06,0.33166,-0.08362,-0.16807,-0.92453,-0.83,1.08,0.08,0.45652,-0.16776,0.49447,-0.72039,-0.8,1.09,0.1,0.19896,-0.00367,0.44517,-0.87306,-0.8,1.1,0.13,0.05712,0.02957,0.51784,-0.85305,-0.8,1.11,0.15,0.05712,0.02957,0.51784,-0.85305,-0.84,1.08,0.08,0.33166,-0.08362,-0.16807,-0.92453,-0.83,1.12,0.13,0.07534,-0.12401,-0.09696,-0.98466,-0.82,1.13,0.16,-0.30178,-0.15615,-0.06871,-0.93799,-0.82,1.11,0.18,-0.4676,-0.13936,-0.04902,-0.87151,-0.81,1.1,0.19,-0.4676,-0.13936,-0.04902,-0.87151,-0.85,1.08,0.09,0.33166,-0.08362,-0.16807,-0.92453,-0.85,1.12,0.13,0.15396,-0.1009,-0.16509,-0.96895,-0.85,1.13,0.17,-0.24359,-0.16044,-0.12402,-0.94844,-0.84,1.12,0.19,-0.42181,-0.17242,-0.15179,-0.8771,-0.83,1.1,0.21,-0.42181,-0.17242,-0.15179,-0.8771,-0.87,1.07,0.09,0.33166,-0.08362,-0.16807,-0.92453,-0.87,1.11,0.13,0.22541,-0.07474,-0.22531,-0.9449,-0.87,1.12,0.17,-0.22804,-0.18986,-0.20289,-0.93316,-0.86,1.11,0.19,-0.4559,-0.25907,-0.16964,-0.83442,-0.84,1.1,0.2,-0.4559,-0.25907,-0.16964,-0.83442,-0.88,1.07,0.09,0.26323,-0.02294,-0.39912,-0.878,-0.88,1.09,0.13,0.25451,-0.07537,-0.29655,-0.91739,-0.88,1.1,0.16,-0.17545,-0.19346,-0.30689,-0.91521,-0.88,1.1,0.18,-0.39634,-0.31104,-0.25122,-0.82647,-0.86,1.09,0.19,-0.39634,-0.31104,-0.25122,-0.82647,-0.7,1.09,0.12,-0.28781,-0.13647,-0.13168,0.93872,-0.69,1.06,0.07,-0.28781,-0.13647,-0.13168,0.93872,-0.73,1.07,0.1,-0.44197,-0.19662,0.51328,0.70891,-0.75,1.08,0.11,-0.25946,-0.06503,0.4651,0.84388,-0.76,1.1,0.14,-0.21646,-0.08184,0.54827,0.80364,-0.77,1.1,0.16,-0.21646,-0.08184,0.54827,0.80364,-0.72,1.08,0.1,-0.28781,-0.13647,-0.13168,0.93872,-0.73,1.11,0.14,0.0258,-0.2238,0.00214,0.97429,-0.74,1.11,0.17,0.37309,-0.21026,0.05543,0.90196,-0.75,1.09,0.19,0.49335,-0.17318,0.07673,0.84896,-0.76,1.07,0.2,0.49335,-0.17318,0.07673,0.84896,-0.7,1.07,0.1,-0.28781,-0.13647,-0.13168,0.93872,-0.71,1.11,0.14,-0.05602,-0.15586,-0.10857,0.9802,-0.72,1.12,0.18,0.39986,-0.19019,-0.03797,0.89582,-0.73,1.1,0.2,0.61129,-0.1759,-0.0545,0.76969,-0.74,1.08,0.21,0.61129,-0.1759,-0.0545,0.76969,-0.68,1.07,0.1,-0.28781,-0.13647,-0.13168,0.93872,-0.69,1.1,0.15,-0.11672,-0.11894,-0.17964,0.96952,-0.7,1.11,0.18,0.43813,-0.21835,-0.12309,0.86326,-0.71,1.09,0.2,0.69665,-0.26302,-0.07471,0.66327,-0.72,1.07,0.2,0.69665,-0.26302,-0.07471,0.66327,-0.68,1.07,0.11,-0.21469,-0.06236,-0.35971,0.90588,-0.67,1.09,0.15,-0.21707,-0.06356,-0.27016,0.93587,-0.67,1.1,0.17,0.36257,-0.21135,-0.26432,0.86834,-0.69,1.09,0.19,0.65065,-0.33524,-0.17943,0.65732,-0.7,1.07,0.19,0.65065,-0.33524,-0.17943,0.65732,-0.81,1.08,0.19
-0.79,1.46,-0.16,-0.79,1.46,-0.16,-0.85,1.1,0.11,0.33543,-0.07697,-0.15406,-0.92619,-0.86,1.06,0.06,0.33543,-0.07697,-0.15406,-0.92619,-0.83,1.07,0.09,0.4516,-0.16028,0.50733,-0.71623,-0.8,1.09,0.1,0.20053,0.00579,0.45511,-0.86754,-0.8,1.1,0.13,0.06268,0.03785,0.52661,-0.84695,-0.8,1.11,0.16,0.06268,0.03785,0.52661,-0.84695,-0.84,1.08,0.09,0.33543,-0.07697,-0.15406,-0.92619,-0.83,1.12,0.13,0.07525,-0.11329,-0.08517,-0.98704,-0.83,1.12,0.16,-0.30997,-0.1423,-0.06071,-0.93808,-0.82,1.11,0.18,-0.47694,-0.12428,-0.04315,-0.86903,-0.81,1.09,0.19,-0.47694,-0.12428,-0.04315,-0.86903,-0.85,1.07,0.09,0.33543,-0.07697,-0.15406,-0.92619,-0.85,1.12,0.13,0.14535,-0.09316,-0.15168,-0.97324,-0.85,1.13,0.17,-0.25345,-0.14796,-0.11478,-0.94905,-0.84,1.12,0.19,-0.4325,-0.15807,-0.14499,-0.87575,-0.83,1.1,0.21,-0.4325,-0.15807,-0.14499,-0.87575,-0.87,1.07,0.09,0.33543,-0.07697,-0.15406,-0.92619,-0.87,1.1,0.13,0.21397,-0.06876,-0.21174,-0.95113,-0.87,1.12,0.17,-0.23905,-0.17761,-0.19424,-0.93465,-0.86,1.11,0.19,-0.46808,-0.24505,-0.16453,-0.83294,-0.85,1.1,0.2,-0.46808,-0.24505,-0.16453,-0.83294,-0.88,1.07,0.09,0.2702,-0.0168,-0.38656,-0.88164,-0.89,1.09,0.13,0.24116,-0.0717,-0.28386,-0.92527,-0.89,1.1,0.16,-0.19358,-0.1846,-0.29681,-0.91671,-0.88,1.1,0.18,-0.41776,-0.30077,-0.24374,-0.82195,-0.86,1.09,0.19,-0.41776,-0.30077,-0.24374,-0.82195,-0.7,1.1,0.11,-0.35537,-0.17748,-0.14009,0.90697,-0.69,1.06,0.06,-0.35537,-0.17748,-0.14009,0.90697,-0.73,1.07,0.09,-0.46828,-0.19144,0.55551,0.65991,-0.75,1.09,0.1,-0.2855,-0.04496,0.50908,0.81074,-0.76,1.1,0.13,-0.21523,-0.03936,0.58985,0.77731,-0.77,1.11,0.15,-0.21523,-0.03936,0.58985,0.77731,-0.71,1.08,0.09,-0.35537,-0.17748,-0.14009,0.90697,-0.73,1.12,0.12,0.04023,-0.24074,0.02244,0.9695,-0.75,1.12,0.16,0.4453,-0.21263,0.0953,0.86453,-0.75,1.1,0.17,0.57351,-0.16783,0.12229,0.79244,-0.76,1.08,0.18,0.57351,-0.16783,0.12229,0.79244,-0.7,1.08,0.09,-0.35537,-0.17748,-0.14009,0.90697,-0.71,1.12,0.13,-0.0461,-0.20752,-0.08947,0.97304,-0.73,1.13,0.17,0.42325,-0.22716,0.00708,0.87705,-0.74,1.11,0.18,0.64439,-0.19841,0.00089,0.73851,-0.74,1.08,0.19,0.64439,-0.19841,0.00089,0.73851,-0.68,1.08,0.1,-0.35537,-0.17748,-0.14009,0.90697,-0.69,1.11,0.13,-0.10693,-0.18139,-0.16797,0.96304,-0.7,1.12,0.17,0.45328,-0.26411,-0.07667,0.84788,-0.72,1.1,0.18,0.72182,-0.28946,-0.01105,0.62854,-0.73,1.08,0.18,0.72182,-0.28946,-0.01105,0.62854,-0.68,1.07,0.1,-0.271,-0.12066,-0.37001,0.88039,-0.68,1.1,0.14,-0.22307,-0.13617,-0.27522,0.92518,-0.68,1.11,0.16,0.39006,-0.28198,-0.21747,0.84915,-0.69,1.1,0.18,0.68141,-0.38335,-0.10483,0.61459,-0.71,1.09,0.17,0.68141,-0.38335,-0.10483,0.61459,-0.81,1.08,0.19
-0.79,1.46,-0.16,-0.79,1.46,-0.16,-0.85,1.09,0.11,0.33596,-0.07374,-0.1401,-0.92848,-0.86,1.06,0.06,0.33596,-0.07374,-0.1401,-0.92848,-0.83,1.07,0.09,0.44701,-0.16016,0.51841,-0.71119,-0.8,1.09,0.1,0.20074,0.0083,0.46594,-0.8617,-0.8,1.1,0.14,0.0698,0.03767,0.53743,-0.83957,-0.8,1.1,0.16,0.0698,0.03767,0.53743,-0.83957,-0.84,1.08,0.09,0.33596,-0.07374,-0.1401,-0.92848,-0.83,1.12,0.13,0.07498,-0.10706,-0.07209,-0.9888,-0.82,1.12,0.17,-0.31635,-0.13186,-0.05026,-0.93809,-0.82,1.11,0.18,-0.48486,-0.11214,-0.0343,-0.86669,-0.81,1.09,0.2,-0.48486,-0.11214,-0.0343,-0.86669,-0.85,1.07,0.09,0.33596,-0.07374,-0.1401,-0.92848,-0.85,1.12,0.13,0.14196,-0.08822,-0.13805,-0.97622,-0.85,1.13,0.17,-0.25274,-0.13743,-0.10497,-0.95196,-0.84,1.12,0.19,-0.43046,-0.14585,-0.13757,-0.88006,-0.83,1.1,0.21,-0.43046,-0.14585,-0.13757,-0.88006,-0.87,1.07,0.09,0.33596,-0.07374,-0.1401,-0.92848,-0.87,1.1,0.13,0.2086,-0.06506,-0.19801,-0.95554,-0.87,1.12,0.17,-0.23481,-0.16583,-0.18563,-0.93963,-0.86,1.11,0.19,-0.46288,-0.23133,-0.15967,-0.84067,-0.85,1.09,0.2,-0.46288,-0.23133,-0.15967,-0.84067,-0.88,1.07,0.1,0.27329,-0.0132,-0.37365,-0.8863,-0.89,1.09,0.13,0.23167,-0.06902,-0.27095,-0.93175,-0.89,1.1,0.16,-0.20173,-0.17499,-0.28702,-0.91995,-0.88,1.1,0.18,-0.42403,-0.2883,-0.23815,-0.82484,-0.86,1.09,0.19,-0.42403,-0.2883,-0.23815,-0.82484,-0.71,1.1,0.11,-0.35075,-0.18493,-0.11023,0.91138,-0.68,1.06,0.06,-0.35075,-0.18493,-0.11023,0.91138,-0.73,1.07,0.09,-0.44002,-0.21297,0.59665,0.63642,-0.75,1.08,0.1,-0.26707,-0.05532,0.55712,0.78436,-0.76,1.09,0.13,-0.20063,-0.0505,0.63506,0.74424,-0.77,1.1,0.15,-0.20063,-0.0505,0.63506,0.74424,-0.71,1.08,0.09,-0.35075,-0.18493,-0.11023,0.91138,-0.73,1.12,0.12,0.05063,-0.2392,0.05756,0.96794,-0.75,1.11,0.16,0.43959,-0.19848,0.12322,0.86729,-0.76,1.09,0.17,0.56908,-0.14933,0.14788,0.79498,-0.76,1.07,0.18,0.56908,-0.14933,0.14788,0.79498,-0.7,1.08,0.09,-0.35075,-0.18493,-0.11023,0.91138,-0.71,1.12,0.13,-0.06117,-0.20446,-0.06268,0.97495,-0.73,1.13,0.17,0.38726,-0.21269,0.02363,0.89679,-0.74,1.11,0.18,0.60938,-0.1833,0.01169,0.77132,-0.74,1.08,0.19,0.60938,-0.1833,0.01169,0.77132,-0.68,1.08,0.1,-0.35075,-0.18493,-0.11023,0.91138,-0.69,1.11,0.13,-0.1282,-0.1757,-0.14322,0.9655,-0.71,1.12,0.17,0.4175,-0.24535,-0.06419,0.87257,-0.72,1.1,0.18,0.69238,-0.26931,-0.00673,0.66935,-0.73,1.08,0.18,0.69238,-0.26931,-0.00673,0.66935,-0.68,1.07,0.1,-0.2691,-0.12575,-0.34124,0.89181,-0.68,1.1,0.14,-0.23874,-0.12759,-0.24948,0.92978,-0.68,1.11,0.16,0.37032,-0.25907,-0.2049,0.86819,-0.69,1.1,0.18,0.66915,-0.35796,-0.10247,0.64312,-0.71,1.09,0.17,0.66915,-0.35796,-0.10247,0.64312,-0.81,1.08,0.19
-0.79,1.46,-0.16,-0.79,1.46,-0.16,-0.85,1.09,0.11,0.33029,-0.07202,-0.13309,-0.93167,-0.86,1.06,0.06,0.33029,-0.07202,-0.13309,-0.93167,-0.83,1.07,0.09,0.44184,-0.16323,0.52177,-0.71126,-0.8,1.09,0.11,0.19959,0.00473,0.47006,-0.85976,-0.8,1.1,0.14,0.07748,0.02918,0.54277,-0.83579,-0.8,1.1,0.16,0.07748,0.02918,0.54277,-0.83579,-0.84,1.08,0.09,0.33029,-0.07202,-0.13309,-0.93167,-0.83,1.11,0.13,0.06941,-0.10394,-0.06575,-0.98998,-0.82,1.12,0.17,-0.32485,-0.12653,-0.04527,-0.93617,-0.82,1.11,0.18,-0.49475,-0.10599,-0.02983,-0.86203,-0.81,1.09,0.2,-0.49475,-0.10599,-0.02983,-0.86203,-0.85,1.07,0.09,0.33029,-0.07202,-0.13309,-0.93167,-0.85,1.11,0.13,0.13083,-0.08576,-0.13097,-0.97897,-0.85,1.13,0.17,-0.25695,-0.13152,-0.10042,-0.95215,-0.84,1.11,0.2,-0.43087,-0.1386,-0.13445,-0.88151,-0.83,1.1,0.21,-0.43087,-0.1386,-0.13445,-0.88151,-0.87,1.07,0.09,0.33029,-0.07202,-0.13309,-0.93167,-0.87,1.1,0.13,0.19572,-0.06326,-0.19075,-0.95985,-0.87,1.12,0.17,-0.23361,-0.15781,-0.1824,-0.94194,-0.86,1.11,0.19,-0.45576,-0.2219,-0.15978,-0.84706,-0.85,1.09,0.2,-0.45576,-0.2219,-0.15978,-0.84706,-0.88,1.07,0.1,0.26909,-0.00978,-0.36677,-0.89049,-0.89,1.09,0.13,0.21691,-0.0668,-0.26465,-0.93725,-0.89,1.1,0.16,-0.20562,-0.16572,-0.28393,-0.92176,-0.88,1.09,0.18,-0.41625,-0.27546,-0.24127,-0.83225,-0.86,1.08,0.19,-0.41625,-0.27546,-0.24127,-0.83225,-0.7,1.1,0.11,-0.32574,-0.17178,-0.09996,0.92433,-0.69,1.06,0.06,-0.32574,-0.17178,-0.09996,0.92433,-0.72,1.07,0.09,-0.40199,-0.22675,0.61224,0.64198,-0.75,1.08,0.11,-0.23397,-0.0652,0.57621,0.78038,-0.76,1.09,0.14,-0.17647,-0.06945,0.65227,0.73387,-0.77,1.09,0.16,-0.17647,-0.06945,0.65227,0.73387,-0.71,1.07,0.09,-0.32574,-0.17178,-0.09996,0.92433,-0.73,1.11,0.13,0.07878,-0.23499,0.06965,0.96629,-0.75,1.11,0.16,0.44264,-0.19237,0.12763,0.86647,-0.75,1.09,0.17,0.56916,-0.14303,0.15084,0.79552,-0.76,1.07,0.18,0.56916,-0.14303,0.15084,0.79552,-0.7,1.07,0.09,-0.32574,-0.17178,-0.09996,0.92433,-0.71,1.12,0.13,-0.04895,-0.18992,-0.05811,0.97886,-0.73,1.12,0.17,0.37393,-0.19804,0.01548,0.90594,-0.74,1.1,0.19,0.58959,-0.17269,-0.00123,0.78902,-0.74,1.08,0.2,0.58959,-0.17269,-0.00123,0.78902,-0.68,1.07,0.1,-0.32574,-0.17178,-0.09996,0.92433,-0.69,1.11,0.14,-0.13277,-0.15319,-0.14114,0.96901,-0.7,1.12,0.17,0.39459,-0.224,-0.07928,0.8876,-0.72,1.1,0.19,0.66676,-0.25555,-0.03017,0.69944,-0.72,1.08,0.19,0.66676,-0.25555,-0.03017,0.69944,-0.68,1.07,0.1,-0.24881,-0.10584,-0.33071,0.90417,-0.68,1.09,0.14,-0.23617,-0.09454,-0.24308,0.93605,-0.68,1.11,0.17,0.35977,-0.22535,-0.22262,0.87762,-0.69,1.1,0.18,0.65449,-0.33304,-0.13496,0.66522,-0.7,1.08,0.18,0.65449,-0.33304,-0.13496,0.66522,-0.81,1.08,0.19
-0.79,1.46,-0.16,-0.79,1.46,-0.16,-0.85,1.09,0.11,0.3281,-0.06717,-0.13206,-0.93295,-0.86,1.06,0.06,0.3281,-0.06717,-0.13206,-0.93295,-0.83,1.07,0.09,0.43751,-0.16039,0.5229,-0.71375,-0.8,1.09,0.11,0.19602,0.00763,0.47014,-0.86052,-0.8,1.1,0.14,0.07551,0.03052,0.54263,-0.83601,-0.8,1.1,0.16,0.07551,0.03052,0.54263,-0.83601,-0.84,1.08,0.09,0.3281,-0.06717,-0.13206,-0.93295,-0.83,1.11,0.13,0.06778,-0.09887,-0.06629,-0.99057,-0.83,1.12,0.17,-0.32717,-0.12207,-0.04767,-0.93584,-0.82,1.11,0.19,-0.49744,-0.10205,-0.03288,-0.86085,-0.81,1.09,0.2,-0.49744,-0.10205,-0.03288,-0.86085,-0.85,1.07,0.09,0.3281,-0.06717,-0.13206,-0.93295,-0.85,1.11,0.13,0.12181,-0.08184,-0.13022,-0.98056,-0.85,1.12,0.17,-0.2655,-0.12746,-0.10131,-0.95026,-0.84,1.11,0.2,-0.43624,-0.134,-0.13612,-0.87932,-0.83,1.09,0.21,-0.43624,-0.134,-0.13612,-0.87932,-0.87,1.07,0.09,0.3281,-0.06717,-0.13206,-0.93295,-0.87,1.1,0.13,0.18867,-0.05899,-0.19004,-0.96167,-0.87,1.12,0.17,-0.23688,-0.15267,-0.18426,-0.94161,-0.86,1.11,0.19,-0.45359,-0.21657,-0.16384,-0.84883,-0.85,1.09,0.2,-0.45359,-0.21657,-0.16384,-0.84883,-0.88,1.07,0.1,0.26809,-0.00444,-0.36581,-0.89123,-0.89,1.09,0.13,0.20886,-0.06252,-0.26434,-0.93946,-0.89,1.1,0.16,-0.20705,-0.15916,-0.28624,-0.92188,-0.88,1.09,0.18,-0.40822,-0.2672,-0.24775,-0.83701,-0.86,1.08,0.19,-0.40822,-0.2672,-0.24775,-0.83701,-0.71,1.09,0.12,-0.29628,-0.15639,-0.10196,0.93668,-0.69,1.06,0.07,-0.29628,-0.15639,-0.10196,0.93668,-0.73,1.07,0.09,-0.39639,-0.2478,0.58644,0.66148,-0.75,1.08,0.11,-0.22431,-0.09325,0.55474,0.79577,-0.77,1.09,0.14,-0.17351,-0.1028,0.63246,0.74788,-0.78,1.09,0.16,-0.17351,-0.1028,0.63246,0.74788,-0.72,1.08,0.09,-0.29628,-0.15639,-0.10196,0.93668,-0.73,1.11,0.14,-0.03556,-0.23352,0.02251,0.97144,-0.75,1.12,0.17,0.29438,-0.21544,0.07329,0.9282,-0.76,1.1,0.19,0.43136,-0.17539,0.09565,0.87978,-0.76,1.08,0.2,0.43136,-0.17539,0.09565,0.87978,-0.7,1.08,0.1,-0.29628,-0.15639,-0.10196,0.93668,-0.71,1.11,0.14,-0.05886,-0.17171,-0.07234,0.98072,-0.73,1.12,0.18,0.35601,-0.18768,-0.00708,0.91541,-0.74,1.1,0.2,0.5714,-0.16932,-0.02623,0.80259,-0.74,1.08,0.21,0.5714,-0.16932,-0.02623,0.80259,-0.68,1.08,0.1,-0.29628,-0.15639,-0.10196,0.93668,-0.7,1.11,0.14,-0.11853,-0.13085,-0.14858,0.97301,-0.7,1.12,0.18,0.39441,-0.20692,-0.10043,0.88969,-0.72,1.1,0.2,0.66165,-0.24643,-0.05703,0.70586,-0.73,1.08,0.2,0.66165,-0.24643,-0.05703,0.70586,-0.68,1.07,0.11,-0.22297,-0.08315,-0.33135,0.91301,-0.68,1.09,0.15,-0.21211,-0.06923,-0.24467,0.94359,-0.68,1.1,0.17,0.35592,-0.19713,-0.24354,0.88043,-0.69,1.09,0.19,0.64654,-0.31409,-0.16669,0.67494,-0.7,1.08,0.19,0.64654,-0.31409,-0.16669,0.67494,-0.81,1.08,0.19
-0.79,1.46,-0.16,-0.79,1.46,-0.16,-0.85,1.09,0.11,0.32888,-0.06321,-0.13849,-0.93202,-0.86,1.06,0.06,0.32888,-0.06321,-0.13849,-0.93202,-0.83,1.07,0.09,0.4366,-0.15471,0.51954,-0.718,-0.8,1.09,0.11,0.19165,0.01355,0.46501,-0.86421,-0.8,1.1,0.14,0.06899,0.03629,0.53677,-0.84012,-0.8,1.1,0.16,0.06899,0.03629,0.53677,-0.84012,-0.84,1.08,0.09,0.32888,-0.06321,-0.13849,-0.93202,-0.83,1.11,0.13,0.06856,-0.09632,-0.07385,-0.99024,-0.83,1.12,0.17,-0.32594,-0.12268,-0.05565,-0.93574,-0.82,1.11,0.19,-0.49463,-0.10404,-0.04088,-0.86188,-0.82,1.09,0.2,-0.49463,-0.10404,-0.04088,-0.86188,-0.85,1.07,0.09,0.32888,-0.06321,-0.13849,-0.93202,-0.86,1.11,0.13,0.11621,-0.08115,-0.13627,-0.98048,-0.85,1.12,0.17,-0.27344,-0.1294,-0.10679,-0.94715,-0.84,1.11,0.2,-0.44242,-0.13624,-0.1411,-0.8751,-0.83,1.09,0.21,-0.44242,-0.13624,-0.1411,-0.8751,-0.87,1.07,0.09,0.32888,-0.06321,-0.13849,-0.93202,-0.87,1.1,0.13,0.18629,-0.05735,-0.1964,-0.96095,-0.87,1.12,0.17,-0.23939,-0.15394,-0.1906,-0.9395,-0.86,1.11,0.19,-0.45315,-0.21887,-0.17012,-0.84724,-0.85,1.09,0.2,-0.45315,-0.21887,-0.17012,-0.84724,-0.88,1.07,0.1,0.26878,-0.00101,-0.37203,-0.88846,-0.89,1.09,0.13,0.20834,-0.0605,-0.27077,-0.93788,-0.89,1.1,0.16,-0.20428,-0.15917,-0.29312,-0.92033,-0.88,1.09,0.18,-0.39974,-0.26737,-0.25567,-0.83866,-0.86,1.08,0.19,-0.39974,-0.26737,-0.25567,-0.83866,-0.71,1.09,0.12,-0.25487,-0.14711,-0.0636,0.9536,-0.69,1.06,0.07,-0.25487,-0.14711,-0.0636,0.9536,-0.73,1.07,0.1,-0.40268,-0.29502,0.55355,0.66663,-0.76,1.08,0.11,-0.22597,-0.14882,0.53354,0.80133,-0.78,1.08,0.14,-0.18644,-0.16339,0.61295,0.75022,-0.79,1.09,0.16,-0.18644,-0.16339,0.61295,0.75022,-0.72,1.08,0.1,-0.25487,-0.14711,-0.0636,0.9536,-0.74,1.11,0.14,-0.14188,-0.22029,0.01305,0.96497,-0.76,1.12,0.18,0.12975,-0.21228,0.04669,0.96743,-0.77,1.11,0.2,0.26754,-0.17858,0.0628,0.94477,-0.77,1.1,0.22,0.26754,-0.17858,0.0628,0.94477,-0.71,1.08,0.1,-0.25487,-0.14711,-0.0636,0.9536,-0.72,1.11,0.15,-0.13101,-0.13304,-0.06084,0.98053,-0.73,1.12,0.19,0.28727,-0.14863,-0.01302,0.94616,-0.74,1.11,0.21,0.51788,-0.13753,-0.04192,0.84328,-0.74,1.09,0.22,0.51788,-0.13753,-0.04192,0.84328,-0.69,1.08,0.11,-0.25487,-0.14711,-0.0636,0.9536,-0.7,1.1,0.15,-0.16605,-0.08921,-0.12486,0.9741,-0.71,1.12,0.19,0.35186,-0.16097,-0.1006,0.91661,-0.72,1.1,0.2,0.63432,-0.2048,-0.07033,0.74213,-0.73,1.08,0.21,0.63432,-0.2048,-0.07033,0.74213,-0.68,1.07,0.11,-0.18988,-0.06251,-0.29207,0.93527,-0.68,1.09,0.15,-0.23625,-0.03179,-0.20464,0.94937,-0.68,1.1,0.18,0.31394,-0.14063,-0.23434,0.90926,-0.69,1.09,0.19,0.62524,-0.26081,-0.17528,0.71437,-0.7,1.08,0.2,0.62524,-0.26081,-0.17528,0.71437,-0.81,1.08,0.19
-0.79,1.46,-0.16,-0.79,1.46,-0.16,-0.85,1.09,0.11,0.32462,-0.06182,-0.14018,-0.93335,-0.86,1.06,0.06,0.32462,-0.06182,-0.14018,-0.93335,-0.83,1.07,0.09,0.43107,-0.1555,0.52,-0.72084,-0.8,1.09,0.11,0.18276,0.015,0.46582,-0.86567,-0.8,1.1,0.14,0.05699,0.03888,0.53671,-0.84094,-0.8,1.1,0.16,0.05699,0.03888,0.53671,-0.84094,-0.84,1.08,0.09,0.32462,-0.06182,-0.14018,-0.93335,-0.83,1.11,0.13,0.06232,-0.09519,-0.07598,-0.9906,-0.83,1.12,0.17,-0.33073,-0.12225,-0.05822,-0.93396,-0.82,1.11,0.19,-0.49657,-0.10388,-0.04371,-0.86065,-0.82,1.09,0.2,-0.49657,-0.10388,-0.04371,-0.86065,-0.85,1.07,0.09,0.32462,-0.06182,-0.14018,-0.93335,-0.86,1.11,0.13,0.10678,-0.08041,-0.13795,-0.98138,-0.85,1.12,0.17,-0.2845,-0.12947,-0.10836,-0.94369,-0.84,1.11,0.2,-0.45178,-0.1358,-0.14255,-0.87013,-0.83,1.09,0.21,-0.45178,-0.1358,-0.14255,-0.87013,-0.87,1.07,0.09,0.32462,-0.06182,-0.14018,-0.93335,-0.87,1.1,0.13,0.17808,-0.05613,-0.19813,-0.96223,-0.87,1.12,0.17,-0.24808,-0.1534,-0.19271,-0.9369,-0.86,1.11,0.19,-0.46007,-0.21851,-0.17266,-0.84307,-0.85,1.09,0.2,-0.46007,-0.21851,-0.17266,-0.84307,-0.88,1.07,0.1,0.26469,0.00137,-0.37336,-0.88912,-0.89,1.09,0.13,0.20214,-0.05822,-0.27283,-0.93878,-0.89,1.1,0.16,-0.21014,-0.15747,-0.29585,-0.91843,-0.88,1.09,0.18,-0.40315,-0.26578,-0.25946,-0.83637,-0.86,1.08,0.19,-0.40315,-0.26578,-0.25946,-0.83637,-0.72,1.08,0.13,-0.19653,-0.13834,-0.00561,0.97067,-0.7,1.06,0.07,-0.19653,-0.13834,-0.00561,0.97067,-0.74,1.06,0.1,-0.38355,-0.31869,0.53758,0.67996,-0.76,1.07,0.11,-0.21122,-0.17992,0.52099,0.8072,-0.78,1.07,0.14,-0.17782,-0.1984,0.60034,0.75406,-0.79,1.08,0.16,-0.17782,-0.1984,0.60034,0.75406,-0.73,1.07,0.1,-0.19653,-0.13834,-0.00561,0.97067,-0.74,1.09,0.15,-0.04902,-0.20851,0.0729,0.97407,-0.76,1.09,0.19,0.20888,-0.18363,0.09846,0.95549,-0.77,1.08,0.21,0.33616,-0.14257,0.11094,0.92432,-0.77,1.07,0.22,0.33616,-0.14257,0.11094,0.92432,-0.71,1.07,0.1,-0.19653,-0.13834,-0.00561,0.97067,-0.72,1.1,0.16,-0.1217,-0.11075,-0.01039,0.98632,-0.73,1.11,0.2,0.29454,-0.10746,0.02326,0.94929,-0.74,1.09,0.22,0.5269,-0.08828,-0.01708,0.84516,-0.74,1.07,0.23,0.5269,-0.08828,-0.01708,0.84516,-0.69,1.07,0.11,-0.19653,-0.13834,-0.00561,0.97067,-0.7,1.09,0.16,-0.20526,-0.0597,-0.07229,0.97421,-0.71,1.11,0.19,0.31586,-0.11046,-0.06987,0.93976,-0.71,1.09,0.21,0.60782,-0.1484,-0.0574,0.77797,-0.72,1.07,0.22,0.60782,-0.1484,-0.0574,0.77797,-0.69,1.07,0.11,-0.14305,-0.03848,-0.23144,0.96151,-0.69,1.08,0.15,-0.25985,-0.00047,-0.13813,0.95572,-0.68,1.1,0.18,0.27362,-0.07654,-0.19675,0.93838,-0.69,1.09,0.2,0.60384,-0.18906,-0.16249,0.75712,-0.7,1.07,0.2,0.60384,-0.18906,-0.16249,0.75712,-0.81,1.08,0.19
-0.79,1.46,-0.16,-0.79,1.46,-0.16,-0.85,1.09,0.11,0.32238,-0.06009,-0.14103,-0.93411,-0.86,1.06,0.06,0.32238,-0.06009,-0.14103,-0.93411,-0.83,1.07,0.09,0.42531,-0.1552,0.5226,-0.72243,-0.81,1.09,0.11,0.17502,0.01772,0.46837,-0.86584,-0.8,1.1,0.14,0.04665,0.04271,0.53823,-0.84042,-0.8,1.1,0.16,0.04665,0.04271,0.53823,-0.84042,-0.84,1.08,0.09,0.32238,-0.06009,-0.14103,-0.93411,-0.83,1.11,0.13,0.05234,-0.09362,-0.07683,-0.99126,-0.83,1.12,0.17,-0.34068,-0.12091,-0.0596,-0.93047,-0.82,1.1,0.19,-0.50405,-0.10261,-0.04526,-0.85636,-0.82,1.09,0.2,-0.50405,-0.10261,-0.04526,-0.85636,-0.85,1.07,0.09,0.32238,-0.06009,-0.14103,-0.93411,-0.86,1.11,0.13,0.09846,-0.07896,-0.13905,-0.98221,-0.85,1.12,0.18,-0.29629,-0.1289,-0.10944,-0.94001,-0.84,1.11,0.2,-0.4634,-0.13477,-0.14354,-0.864,-0.83,1.09,0.21,-0.4634,-0.13477,-0.14354,-0.864,-0.87,1.07,0.09,0.32238,-0.06009,-0.14103,-0.93411,-0.87,1.1,0.14,0.17194,-0.05397,-0.19943,-0.9632,-0.87,1.11,0.17,-0.25852,-0.15268,-0.19428,-0.93387,-0.86,1.1,0.19,-0.47073,-0.21815,-0.17438,-0.83691,-0.85,1.09,0.2,-0.47073,-0.21815,-0.17438,-0.83691,-0.88,1.07,0.1,0.26274,0.0036,-0.37406,-0.8894,-0.89,1.09,0.13,0.19811,-0.05372,-0.27488,-0.93931,-0.89,1.1,0.16,-0.22043,-0.15601,-0.29868,-0.91535,-0.88,1.09,0.18,-0.41582,-0.26591,-0.2621,-0.82927,-0.86,1.08,0.19,-0.41582,-0.26591,-0.2621,-0.82927,-0.72,1.08,0.14,-0.14573,-0.12728,-0.01114,0.98104,-0.7,1.07,0.08,-0.14573,-0.12728,-0.01114,0.98104,-0.74,1.06,0.1,-0.3687,-0.31153,0.49736,0.72086,-0.76,1.07,0.12,-0.20587,-0.19111,0.47192,0.8357,-0.78,1.08,0.15,-0.19576,-0.22605,0.54992,0.77985,-0.79,1.08,0.17,-0.19576,-0.22605,0.54992,0.77985,-0.73,1.07,0.11,-0.14573,-0.12728,-0.01114,0.98104,-0.74,1.09,0.16,0.08257,-0.21707,0.08835,0.96864,-0.76,1.08,0.19,0.34007,-0.1838,0.11684,0.91483,-0.77,1.06,0.21,0.46474,-0.13835,0.13378,0.86428,-0.77,1.05,0.22,0.46474,-0.13835,0.13378,0.86428,-0.71,1.07,0.11,-0.14573,-0.12728,-0.01114,0.98104,-0.72,1.09,0.16,-0.09388,-0.10161,-0.01737,0.99023,-0.73,1.1,0.2,0.3185,-0.10167,0.01278,0.94237,-0.74,1.08,0.22,0.55467,-0.08341,-0.02841,0.82739,-0.74,1.06,0.23,0.55467,-0.08341,-0.02841,0.82739,-0.69,1.07,0.11,-0.14573,-0.12728,-0.01114,0.98104,-0.7,1.09,0.16,-0.20287,-0.0439,-0.07602,0.97526,-0.71,1.1,0.2,0.31749,-0.09861,-0.08115,0.93962,-0.71,1.09,0.22,0.60984,-0.14094,-0.07188,0.77657,-0.72,1.06,0.22,0.60984,-0.14094,-0.07188,0.77657,-0.69,1.07,0.12,-0.09519,-0.01591,-0.23201,0.96791,-0.69,1.08,0.16,-0.23695,0.01959,-0.13394,0.96205,-0.68,1.09,0.19,0.26729,-0.04978,-0.20396,0.94047,-0.69,1.08,0.2,0.59429,-0.16639,-0.17986,0.76602,-0.7,1.06,0.21,0.59429,-0.16639,-0.17986,0.76602,-0.81,1.08,0.19
-0.79,1.46,-0.16,-0.79,1.46,-0.16,-0.85,1.09,0.11,0.31992,-0.06041,-0.14043,-0.93503,-0.86,1.06,0.06,0.31992,-0.06041,-0.14043,-0.93503,-0.83,1.07,0.09,0.41885,-0.15728,0.52722,-0.72241,-0.8,1.09,0.11,0.16861,0.01796,0.47367,-0.86422,-0.8,1.1,0.14,0.03897,0.04396,0.54282,-0.83779,-0.8,1.1,0.16,0.03897,0.04396,0.54282,-0.83779,-0.84,1.08,0.09,0.31992,-0.06041,-0.14043,-0.93503,-0.83,1.11,0.13,0.03679,-0.09273,-0.0759,-0.99211,-0.83,1.12,0.17,-0.35799,-0.1195,-0.05881,-0.92418,-0.82,1.1,0.19,-0.51936,-0.10089,-0.04431,-0.84742,-0.82,1.08,0.2,-0.51936,-0.10089,-0.04431,-0.84742,-0.85,1.07,0.09,0.31992,-0.06041,-0.14043,-0.93503,-0.86,1.11,0.13,0.08668,-0.07881,-0.13847,-0.98341,-0.85,1.12,0.18,-0.31327,-0.12904,-0.10821,-0.93461,-0.84,1.11,0.2,-0.48262,-0.13402,-0.1419,-0.8538,-0.83,1.09,0.21,-0.48262,-0.13402,-0.1419,-0.8538,-0.87,1.07,0.09,0.31992,-0.06041,-0.14043,-0.93503,-0.87,1.1,0.13,0.16551,-0.0531,-0.19923,-0.96441,-0.87,1.11,0.17,-0.27278,-0.15317,-0.19347,-0.92989,-0.86,1.1,0.19,-0.48774,-0.21874,-0.17309,-0.82723,-0.85,1.09,0.2,-0.48774,-0.21874,-0.17309,-0.82723,-0.88,1.07,0.1,0.26036,0.00394,-0.37332,-0.89041,-0.89,1.09,0.13,0.19398,-0.05162,-0.27505,-0.94024,-0.89,1.1,0.16,-0.23618,-0.15755,-0.29821,-0.9113,-0.88,1.09,0.18,-0.44092,-0.27024,-0.25904,-0.81575,-0.86,1.08,0.19,-0.44092,-0.27024,-0.25904,-0.81575,-0.71,1.09,0.13,-0.22771,-0.08178,-0.09269,0.96585,-0.7,1.07,0.07,-0.22771,-0.08178,-0.09269,0.96585,-0.73,1.08,0.1,-0.42064,-0.208,0.473,0.7457,-0.76,1.09,0.12,-0.25835,-0.09855,0.42163,0.86358,-0.77,1.1,0.15,-0.2628,-0.14243,0.5042,0.8102,-0.78,1.11,0.17,-0.2628,-0.14243,0.5042,0.8102,-0.72,1.08,0.11,-0.22771,-0.08178,-0.09269,0.96585,-0.73,1.11,0.16,-0.00345,-0.18037,0.00416,0.98358,-0.74,1.11,0.19,0.32636,-0.17061,0.03784,0.92895,-0.75,1.09,0.21,0.48039,-0.13489,0.05772,0.8647,-0.76,1.08,0.22,0.48039,-0.13489,0.05772,0.8647,-0.71,1.08,0.11,-0.22771,-0.08178,-0.09269,0.96585,-0.71,1.11,0.16,-0.13244,-0.07165,-0.09859,0.98367,-0.71,1.12,0.2,0.29021,-0.10862,-0.07237,0.94802,-0.72,1.11,0.22,0.53029,-0.11393,-0.10877,0.83305,-0.73,1.09,0.23,0.53029,-0.11393,-0.10877,0.83305,-0.69,1.08,0.11,-0.22771,-0.08178,-0.09269,0.96585,-0.69,1.1,0.16,-0.2239,-0.01843,-0.15825,0.9615,-0.69,1.12,0.19,0.2955,-0.11968,-0.16348,0.93361,-0.7,1.1,0.21,0.58414,-0.18819,-0.14195,0.77667,-0.71,1.08,0.22,0.58414,-0.18819,-0.14195,0.77667,-0.68,1.07,0.11,-0.1728,0.00754,-0.32015,0.93144,-0.68,1.09,0.15,-0.28919,0.04855,-0.22221,0.92986,-0.67,1.1,0.18,0.21561,-0.07561,-0.29288,0.92845,-0.67,1.09,0.2,0.53351,-0.22208,-0.25097,0.77657,-0.69,1.08,0.21,0.53351,-0.22208,-0.25097,0.77657,-0.81,1.08,0.19
-0.79,1.46,-0.16,-0.79,1.46,-0.16,-0.85,1.09,0.11,0.32131,-0.06055,-0.14129,-0.93441,-0.86,1.06,0.06,0.32131,-0.06055,-0.14129,-0.93441,-0.83,1.07,0.09,0.41316,-0.15662,0.53327,-0.72138,-0.8,1.09,0.11,0.16491,0.02037,0.47941,-0.86172,-0.8,1.1,0.14,0.03505,0.0469,0.54782,-0.83455,-0.8,1.1,0.16,0.03505,0.0469,0.54782,-0.83455,-0.84,1.08,0.09,0.32131,-0.06055,-0.14129,-0.93441,-0.83,1.12,0.13,0.02497,-0.09281,-0.07586,-0.99248,-0.83,1.12,0.17,-0.37664,-0.11975,-0.05779,-0.91677,-0.82,1.1,0.19,-0.53721,-0.10086,-0.04259,-0.83631,-0.82,1.08,0.19,-0.53721,-0.10086,-0.04259,-0.83631,-0.85,1.07,0.09,0.32131,-0.06055,-0.14129,-0.93441,-0.86,1.11,0.13,0.06892,-0.08152,-0.13783,-0.98469,-0.85,1.12,0.17,-0.34024,-0.13219,-0.10515,-0.92504,-0.84,1.1,0.19,-0.51645,-0.13577,-0.13739,-0.83425,-0.83,1.08,0.21,-0.51645,-0.13577,-0.13739,-0.83425,-0.87,1.07,0.09,0.32131,-0.06055,-0.14129,-0.93441,-0.87,1.1,0.13,0.15335,-0.05533,-0.19964,-0.96621,-0.87,1.11,0.17,-0.2991,-0.15778,-0.19096,-0.92151,-0.86,1.1,0.19,-0.52178,-0.22357,-0.16814,-0.80591,-0.85,1.08,0.2,-0.52178,-0.22357,-0.16814,-0.80591,-0.88,1.07,0.1,0.26157,0.00342,-0.37422,-0.88968,-0.89,1.09,0.13,0.19198,-0.05118,-0.27655,-0.94024,-0.89,1.1,0.16,-0.25634,-0.16341,-0.29732,-0.90509,-0.88,1.09,0.18,-0.47424,-0.27984,-0.25313,-0.79543,-0.86,1.08,0.19,-0.47424,-0.27984,-0.25313,-0.79543,-0.71,1.09,0.13,-0.25031,-0.09144,-0.08828,0.95979,-0.7,1.07,0.07,-0.25031,-0.09144,-0.08828,0.95979,-0.73,1.07,0.1,-0.42736,-0.20151,0.49541,0.72892,-0.76,1.09,0.12,-0.26481,-0.086,0.444,0.85167,-0.77,1.1,0.15,-0.25976,-0.12512,0.52671,0.79965,-0.78,1.11,0.17,-0.25976,-0.12512,0.52671,0.79965,-0.72,1.08,0.1,-0.25031,-0.09144,-0.08828,0.95979,-0.73,1.11,0.15,-0.04111,-0.16005,-0.00352,0.98625,-0.74,1.11,0.19,0.34756,-0.15327,0.03331,0.92445,-0.75,1.1,0.2,0.52526,-0.11707,0.05488,0.84106,-0.75,1.08,0.21,0.52526,-0.11707,0.05488,0.84106,-0.71,1.08,0.1,-0.25031,-0.09144,-0.08828,0.95979,-0.71,1.11,0.15,-0.11805,-0.08948,-0.0886,0.98499,-0.72,1.12,0.19,0.30253,-0.12039,-0.05609,0.94384,-0.72,1.11,0.22,0.53034,-0.11968,-0.09043,0.83441,-0.73,1.09,0.23,0.53034,-0.11968,-0.09043,0.83441,-0.69,1.08,0.11,-0.25031,-0.09144,-0.08828,0.95979,-0.69,1.1,0.15,-0.21218,-0.04533,-0.15158,0.96434,-0.69,1.12,0.19,0.29732,-0.13734,-0.1457,0.93355,-0.7,1.1,0.21,0.5718,-0.19752,-0.122,0.78686,-0.71,1.08,0.22,0.5718,-0.19752,-0.122,0.78686,-0.68,1.07,0.11,-0.19341,-0.00725,-0.31763,0.92825,-0.68,1.09,0.15,-0.30648,0.02416,-0.22137,0.92546,-0.67,1.1,0.18,0.20569,-0.09917,-0.2796,0.93257,-0.68,1.1,0.19,0.5126,-0.23551,-0.23289,0.79218,-0.69,1.08,0.2,0.5126,-0.23551,-0.23289,0.79218,-0.81,1.08,0.19
-0.79,1.46,-0.16,-0.79,1.46,-0.16,-0.85,1.09,0.11,0.32643,-0.06078,-0.14452,-0.93213,-0.86,1.06,0.06,0.32643,-0.06078,-0.14452,-0.93213,-0.83,1.07,0.09,0.40987,-0.15409,0.53865,-0.71981,-0.8,1.09,0.11,0.16581,0.02291,0.4838,-0.85902,-0.8,1.1,0.14,0.03682,0.0495,0.55182,-0.83168,-0.8,1.1,0.16,0.03682,0.0495,0.55182,-0.83168,-0.84,1.08,0.09,0.32643,-0.06078,-0.14452,-0.93213,-0.83,1.12,0.13,0.0178,-0.09398,-0.07788,-0.99236,-0.83,1.12,0.17,-0.39057,-0.12192,-0.05819,-0.9106,-0.82,1.1,0.18,-0.55109,-0.10306,-0.042,-0.82699,-0.82,1.08,0.19,-0.55109,-0.10306,-0.042,-0.82699,-0.85,1.07,0.09,0.32643,-0.06078,-0.14452,-0.93213,-0.86,1.11,0.13,0.05145,-0.08605,-0.13878,-0.98523,-0.85,1.12,0.17,-0.36764,-0.13774,-0.10254,-0.91398,-0.84,1.1,0.19,-0.55262,-0.14001,-0.1325,-0.81083,-0.83,1.08,0.2,-0.55262,-0.14001,-0.1325,-0.81083,-0.87,1.07,0.09,0.32643,-0.06078,-0.14452,-0.93213,-0.87,1.1,0.13,0.13926,-0.06019,-0.20171,-0.96762,-0.87,1.11,0.17,-0.32575,-0.16513,-0.18877,-0.91158,-0.86,1.1,0.19,-0.5568,-0.23113,-0.1623,-0.78116,-0.85,1.08,0.2,-0.5568,-0.23113,-0.1623,-0.78116,-0.88,1.07,0.09,0.26606,0.00175,-0.37758,-0.88693,-0.89,1.09,0.13,0.1923,-0.05251,-0.28027,-0.93899,-0.89,1.1,0.16,-0.27148,-0.1713,-0.29773,-0.89906,-0.88,1.09,0.18,-0.50215,-0.29156,-0.24736,-0.77566,-0.86,1.08,0.18,-0.50215,-0.29156,-0.24736,-0.77566,-0.71,1.09,0.13,-0.25282,-0.09862,-0.08427,0.95878,-0.7,1.06,0.07,-0.25282,-0.09862,-0.08427,0.95878,-0.73,1.07,0.1,-0.42573,-0.21104,0.50423,0.72108,-0.76,1.08,0.12,-0.26019,-0.09111,0.45616,0.84612,-0.77,1.09,0.15,-0.24384,-0.12349,0.53877,0.79688,-0.78,1.1,0.17,-0.24384,-0.12349,0.53877,0.79688,-0.72,1.08,0.1,-0.25282,-0.09862,-0.08427,0.95878,-0.73,1.11,0.15,-0.0578,-0.14731,-0.00922,0.98736,-0.75,1.11,0.19,0.34785,-0.14377,0.02559,0.92611,-0.75,1.1,0.2,0.53541,-0.10885,0.04687,0.83624,-0.75,1.08,0.21,0.53541,-0.10885,0.04687,0.83624,-0.71,1.07,0.11,-0.25282,-0.09862,-0.08427,0.95878,-0.71,1.11,0.15,-0.10107,-0.10157,-0.08016,0.98643,-0.72,1.12,0.2,0.3025,-0.12692,-0.04558,0.94356,-0.73,1.1,0.22,0.50796,-0.12266,-0.07976,0.84886,-0.73,1.08,0.23,0.50796,-0.12266,-0.07976,0.84886,-0.69,1.07,0.11,-0.25282,-0.09862,-0.08427,0.95878,-0.69,1.1,0.16,-0.2012,-0.06179,-0.14481,0.96681,-0.7,1.11,0.19,0.28621,-0.14472,-0.13493,0.93751,-0.71,1.1,0.21,0.54251,-0.19978,-0.11271,0.80813,-0.72,1.08,0.22,0.54251,-0.19978,-0.11271,0.80813,-0.68,1.07,0.11,-0.19494,-0.0148,-0.31375,0.92916,-0.68,1.09,0.15,-0.31304,0.01212,-0.21772,0.92437,-0.67,1.1,0.18,0.19995,-0.1081,-0.27043,0.93552,-0.68,1.1,0.2,0.49157,-0.23646,-0.22513,0.80732,-0.69,1.08,0.21,0.49157,-0.23646,-0.22513,0.80732,-0.81,1.08,0.19
-0.79,1.46,-0.16,-0.79,1.46,-0.16,-0.85,1.1,0.11,0.33464,-0.05993,-0.14894,-0.92857,-0.86,1.06,0.06,0.33464,-0.05993,-0.14894,-0.92857,-0.83,1.07,0.09,0.4126,-0.14886,0.53974,-0.71853,-0.81,1.09,0.11,0.17226,0.02621,0.48304,-0.85809,-0.8,1.1,0.14,0.04482,0.05207,0.5512,-0.83154,-0.8,1.1,0.16,0.04482,0.05207,0.5512,-0.83154,-0.84,1.08,0.09,0.33464,-0.05993,-0.14894,-0.92857,-0.83,1.12,0.13,0.01706,-0.09541,-0.08092,-0.992,-0.83,1.12,0.17,-0.39429,-0.12467,-0.05993,-0.90852,-0.82,1.1,0.18,-0.55524,-0.10611,-0.04298,-0.82377,-0.82,1.08,0.19,-0.55524,-0.10611,-0.04298,-0.82377,-0.85,1.07,0.09,0.33464,-0.05993,-0.14894,-0.92857,-0.86,1.12,0.13,0.05089,-0.08837,-0.14222,-0.98457,-0.85,1.12,0.17,-0.37281,-0.14184,-0.10393,-0.91109,-0.84,1.1,0.19,-0.56407,-0.14459,-0.13235,-0.80212,-0.83,1.08,0.2,-0.56407,-0.14459,-0.13235,-0.80212,-0.87,1.07,0.09,0.33464,-0.05993,-0.14894,-0.92857,-0.87,1.1,0.13,0.13972,-0.06268,-0.20573,-0.96655,-0.87,1.12,0.17,-0.32996,-0.17021,-0.1903,-0.90881,-0.86,1.1,0.19,-0.56645,-0.23723,-0.16106,-0.77261,-0.85,1.08,0.2,-0.56645,-0.23723,-0.16106,-0.77261,-0.88,1.07,0.09,0.27363,0.00029,-0.38229,-0.8826,-0.89,1.09,0.13,0.19798,-0.05356,-0.2851,-0.9363,-0.89,1.1,0.16,-0.27219,-0.17709,-0.30041,-0.89683,-0.88,1.09,0.18,-0.50999,-0.30004,-0.24564,-0.76782,-0.86,1.08,0.18,-0.50999,-0.30004,-0.24564,-0.76782,-0.71,1.09,0.13,-0.24752,-0.09903,-0.07612,0.9608,-0.7,1.06,0.07,-0.24752,-0.09903,-0.07612,0.9608,-0.73,1.07,0.1,-0.41678,-0.21872,0.51313,0.71774,-0.76,1.08,0.12,-0.25069,-0.09521,0.46747,0.84235,-0.77,1.09,0.15,-0.23253,-0.12721,0.54923,0.79253,-0.78,1.1,0.17,-0.23253,-0.12721,0.54923,0.79253,-0.72,1.07,0.1,-0.24752,-0.09903,-0.07612,0.9608,-0.73,1.1,0.15,-0.05361,-0.14799,-0.00093,0.98753,-0.75,1.11,0.19,0.35105,-0.14098,0.03332,0.92508,-0.75,1.09,0.21,0.53839,-0.10446,0.05397,0.83445,-0.75,1.07,0.21,0.53839,-0.10446,0.05397,0.83445,-0.71,1.07,0.11,-0.24752,-0.09903,-0.07612,0.9608,-0.71,1.11,0.16,-0.09452,-0.10396,-0.07064,0.98756,-0.72,1.11,0.2,0.30164,-0.12494,-0.03687,0.94448,-0.73,1.1,0.22,0.50181,-0.11876,-0.07199,0.85376,-0.73,1.08,0.23,0.50181,-0.11876,-0.07199,0.85376,-0.69,1.07,0.11,-0.24752,-0.09903,-0.07612,0.9608,-0.69,1.1,0.16,-0.1956,-0.0644,-0.13573,0.96911,-0.7,1.11,0.19,0.28559,-0.1416,-0.12676,0.93932,-0.71,1.1,0.21,0.53828,-0.19416,-0.1065,0.81315,-0.72,1.08,0.22,0.53828,-0.19416,-0.1065,0.81315,-0.68,1.07,0.11,-0.19083,-0.01366,-0.30553,0.93277,-0.68,1.08,0.15,-0.31349,0.01363,-0.20901,0.9262,-0.67,1.1,0.18,0.20175,-0.10281,-0.26376,0.93763,-0.68,1.1,0.2,0.49288,-0.229,-0.22105,0.80979,-0.69,1.08,0.21,0.49288,-0.229,-0.22105,0.80979,-0.81,1.08,0.19
-0.79,1.46,-0.16,-0.79,1.46,-0.16,-0.86,1.1,0.11,0.34534,-0.06009,-0.14846,-0.92471,-0.86,1.06,0.06,0.34534,-0.06009,-0.14846,-0.92471,-0.83,1.07,0.09,0.4148,-0.14396,0.54611,-0.71342,-0.81,1.09,0.11,0.18109,0.02984,0.48769,-0.85351,-0.8,1.1,0.14,0.05501,0.05615,0.55567,-0.82768,-0.8,1.1,0.16,0.05501,0.05615,0.55567,-0.82768,-0.84,1.08,0.09,0.34534,-0.06009,-0.14846,-0.92471,-0.83,1.12,0.13,0.01784,-0.09697,-0.07827,-0.99204,-0.83,1.12,0.17,-0.39647,-0.1252,-0.05648,-0.90772,-0.82,1.1,0.18,-0.55823,-0.10605,-0.03927,-0.82194,-0.82,1.09,0.19,-0.55823,-0.10605,-0.03927,-0.82194,-0.85,1.08,0.09,0.34534,-0.06009,-0.14846,-0.92471,-0.86,1.12,0.13,0.05689,-0.08957,-0.14118,-0.98428,-0.85,1.12,0.17,-0.37238,-0.14313,-0.10168,-0.91132,-0.84,1.11,0.19,-0.57194,-0.14614,-0.12921,-0.79677,-0.83,1.09,0.2,-0.57194,-0.14614,-0.12921,-0.79677,-0.87,1.07,0.09,0.34534,-0.06009,-0.14846,-0.92471,-0.87,1.11,0.13,0.14588,-0.06449,-0.20521,-0.96563,-0.87,1.12,0.17,-0.33102,-0.17316,-0.18773,-0.9084,-0.86,1.1,0.19,-0.5763,-0.24058,-0.15577,-0.76533,-0.85,1.09,0.19,-0.5763,-0.24058,-0.15577,-0.76533,-0.88,1.07,0.09,0.2841,-0.00261,-0.38253,-0.87918,-0.89,1.09,0.13,0.20692,-0.05457,-0.2854,-0.93421,-0.89,1.1,0.16,-0.27457,-0.18237,-0.29849,-0.89569,-0.88,1.1,0.18,-0.52534,-0.30818,-0.2377,-0.75666,-0.86,1.08,0.18,-0.52534,-0.30818,-0.2377,-0.75666,-0.71,1.09,0.13,-0.24251,-0.10154,-0.07279,0.96207,-0.7,1.06,0.07,-0.24251,-0.10154,-0.07279,0.96207,-0.73,1.07,0.1,-0.4092,-0.22583,0.51924,0.7155,-0.76,1.08,0.12,-0.24365,-0.10028,0.47553,0.83931,-0.77,1.09,0.15,-0.22507,-0.13244,0.55657,0.78869,-0.78,1.1,0.17,-0.22507,-0.13244,0.55657,0.78869,-0.72,1.07,0.1,-0.24251,-0.10154,-0.07279,0.96207,-0.74,1.1,0.15,-0.04589,-0.1555,0.0055,0.98675,-0.75,1.11,0.19,0.35597,-0.14516,0.04189,0.92221,-0.75,1.09,0.2,0.5415,-0.10679,0.06323,0.83149,-0.76,1.07,0.21,0.5415,-0.10679,0.06323,0.83149,-0.71,1.07,0.11,-0.24251,-0.10154,-0.07279,0.96207,-0.71,1.11,0.16,-0.08903,-0.11055,-0.06512,0.98773,-0.72,1.11,0.2,0.3075,-0.12878,-0.02913,0.94234,-0.73,1.1,0.22,0.50793,-0.12049,-0.06351,0.85056,-0.74,1.08,0.23,0.50793,-0.12049,-0.06351,0.85056,-0.69,1.07,0.11,-0.24251,-0.10154,-0.07279,0.96207,-0.7,1.1,0.16,-0.18972,-0.0683,-0.13162,0.97058,-0.7,1.11,0.19,0.29248,-0.14297,-0.12133,0.93771,-0.71,1.1,0.21,0.54555,-0.19383,-0.10094,0.80909,-0.72,1.08,0.22,0.54555,-0.19383,-0.10094,0.80909,-0.68,1.07,0.11,-0.18591,-0.01482,-0.30183,0.93494,-0.68,1.08,0.15,-0.31441,0.01748,-0.20526,0.92667,-0.67,1.1,0.18,0.20702,-0.09933,-0.26217,0.93731,-0.68,1.09,0.2,0.50005,-0.22573,-0.22045,0.80647,-0.69,1.08,0.21,0.50005,-0.22573,-0.22045,0.80647,-0.81,1.08,0.19
-0.79,1.46,-0.16,-0.79,1.46,-0.16,-0.85,1.1,0.11,0.34611,-0.06081,-0.13978,-0.92573,-0.86,1.06,0.06,0.34611,-0.06081,-0.13978,-0.92573,-0.83,1.08,0.09,0.40999,-0.14797,0.5558,-0.70789,-0.81,1.09,0.11,0.18419,0.0257,0.49853,-0.84669,-0.8,1.1,0.14,0.05888,0.05372,0.56652,-0.82019,-0.8,1.1,0.16,0.05888,0.05372,0.56652,-0.82019,-0.84,1.08,0.09,0.34611,-0.06081,-0.13978,-0.92573,-0.83,1.12,0.13,0.01712,-0.09553,-0.0691,-0.99288,-0.83,1.12,0.17,-0.40671,-0.12058,-0.04751,-0.90432,-0.82,1.1,0.18,-0.5696,-0.0999,-0.03069,-0.81525,-0.82,1.09,0.19,-0.5696,-0.0999,-0.03069,-0.81525,-0.85,1.08,0.09,0.34611,-0.06081,-0.13978,-0.92573,-0.86,1.12,0.13,0.05021,-0.08839,-0.13222,-0.98599,-0.85,1.12,0.17,-0.40148,-0.14039,-0.09074,-0.90048,-0.84,1.11,0.19,-0.61311,-0.14025,-0.11749,-0.76852,-0.83,1.08,0.19,-0.61311,-0.14025,-0.11749,-0.76852,-0.87,1.07,0.09,0.34611,-0.06081,-0.13978,-0.92573,-0.87,1.11,0.13,0.12236,-0.06836,-0.19483,-0.97077,-0.87,1.12,0.17,-0.37692,-0.1749,-0.17348,-0.89289,-0.86,1.1,0.19,-0.63329,-0.23897,-0.13854,-0.72294,-0.85,1.08,0.19,-0.63329,-0.23897,-0.13854,-0.72294,-0.88,1.07,0.09,0.28589,-0.00316,-0.37444,-0.88207,-0.89,1.09,0.13,0.18384,-0.06107,-0.27689,-0.94117,-0.89,1.1,0.16,-0.32273,-0.18949,-0.28408,-0.88274,-0.88,1.09,0.17,-0.58858,-0.31544,-0.21611,-0.7123,-0.86,1.08,0.18,-0.58858,-0.31544,-0.21611,-0.7123,-0.71,1.09,0.13,-0.24903,-0.11654,-0.08513,0.95768,-0.7,1.06,0.07,-0.24903,-0.11654,-0.08513,0.95768,-0.74,1.07,0.1,-0.42123,-0.22966,0.51213,0.71242,-0.76,1.08,0.12,-0.25721,-0.10781,0.46879,0.83813,-0.77,1.09,0.15,-0.23804,-0.13769,0.5507,0.78811,-0.79,1.1,0.17,-0.23804,-0.13769,0.5507,0.78811,-0.72,1.07,0.1,-0.24903,-0.11654,-0.08513,0.95768,-0.74,1.11,0.15,-0.04676,-0.18382,0.00378,0.98184,-0.75,1.11,0.18,0.34911,-0.17208,0.05083,0.91974,-0.76,1.09,0.2,0.53162,-0.13165,0.07694,0.83314,-0.76,1.07,0.21,0.53162,-0.13165,0.07694,0.83314,-0.71,1.07,0.1,-0.24903,-0.11654,-0.08513,0.95768,-0.72,1.11,0.15,-0.09529,-0.13019,-0.07376,0.98414,-0.73,1.12,0.19,0.30684,-0.1505,-0.02832,0.93936,-0.73,1.1,0.21,0.51339,-0.14156,-0.05755,0.84444,-0.74,1.08,0.23,0.51339,-0.14156,-0.05755,0.84444,-0.69,1.07,0.11,-0.24903,-0.11654,-0.08513,0.95768,-0.7,1.1,0.15,-0.18948,-0.08483,-0.14289,0.96772,-0.7,1.11,0.19,0.30059,-0.16387,-0.12201,0.93161,-0.71,1.1,0.21,0.55868,-0.21417,-0.09452,0.79566,-0.72,1.08,0.22,0.55868,-0.21417,-0.09452,0.79566,-0.68,1.07,0.11,-0.18746,-0.03152,-0.3135,0.93037,-0.68,1.09,0.15,-0.31634,0.01299,-0.21974,0.92275,-0.68,1.1,0.18,0.21712,-0.11448,-0.27099,0.93076,-0.68,1.1,0.19,0.51612,-0.24496,-0.22171,0.79023,-0.7,1.08,0.2,0.51612,-0.24496,-0.22171,0.79023,-0.81,1.08,0.19
-0.79,1.46,-0.16,-0.79,1.46,-0.16,-0.86,1.1,0.11,0.34449,-0.05258,-0.13872,-0.92699,-0.86,1.06,0.06,0.34449,-0.05258,-0.13872,-0.92699,-0.83,1.08,0.09,0.40357,-0.14421,0.55755,-0.71097,-0.81,1.09,0.11,0.18294,0.02718,0.49887,-0.84671,-0.8,1.1,0.14,0.0569,0.05554,0.56654,-0.82019,-0.8,1.11,0.16,0.0569,0.05554,0.56654,-0.82019,-0.84,1.08,0.09,0.34449,-0.05258,-0.13872,-0.92699,-0.84,1.12,0.13,0.01376,-0.08724,-0.07097,-0.99356,-0.83,1.12,0.17,-0.41555,-0.11412,-0.05201,-0.90088,-0.82,1.11,0.18,-0.57913,-0.09439,-0.03584,-0.80896,-0.82,1.09,0.19,-0.57913,-0.09439,-0.03584,-0.80896,-0.85,1.08,0.09,0.34449,-0.05258,-0.13872,-0.92699,-0.86,1.12,0.13,0.03571,-0.08188,-0.13255,-0.98714,-0.85,1.12,0.17,-0.4251,-0.13561,-0.09247,-0.89014,-0.84,1.1,0.19,-0.63968,-0.13486,-0.11935,-0.74725,-0.83,1.08,0.19,-0.63968,-0.13486,-0.11935,-0.74725,-0.87,1.07,0.09,0.34449,-0.05258,-0.13872,-0.92699,-0.87,1.11,0.13,0.09249,-0.06638,-0.19308,-0.97456,-0.87,1.12,0.17,-0.41248,-0.17257,-0.17217,-0.87774,-0.86,1.1,0.18,-0.66907,-0.23607,-0.13706,-0.69125,-0.85,1.08,0.19,-0.66907,-0.23607,-0.13706,-0.69125,-0.88,1.07,0.09,0.28616,0.00534,-0.37359,-0.88234,-0.89,1.09,0.13,0.1544,-0.06417,-0.27544,-0.94667,-0.89,1.1,0.16,-0.35351,-0.1898,-0.28078,-0.87188,-0.88,1.09,0.17,-0.61833,-0.31531,-0.21259,-0.68778,-0.86,1.08,0.18,-0.61833,-0.31531,-0.21259,-0.68778,-0.71,1.09,0.13,-0.24245,-0.13903,-0.08008,0.9568,-0.7,1.06,0.07,-0.24245,-0.13903,-0.08008,0.9568,-0.74,1.07,0.1,-0.43192,-0.24743,0.50442,0.70554,-0.76,1.08,0.11,-0.27421,-0.13205,0.46371,0.83207,-0.78,1.09,0.14,-0.26037,-0.16209,0.54575,0.7798,-0.79,1.1,0.16,-0.26037,-0.16209,0.54575,0.7798,-0.73,1.07,0.1,-0.24245,-0.13903,-0.08008,0.9568,-0.74,1.1,0.15,-0.03405,-0.23232,0.02798,0.97164,-0.76,1.11,0.18,0.33597,-0.20888,0.08731,0.91426,-0.77,1.09,0.2,0.51313,-0.16111,0.11903,0.83461,-0.77,1.07,0.21,0.51313,-0.16111,0.11903,0.83461,-0.71,1.07,0.1,-0.24245,-0.13903,-0.08008,0.9568,-0.72,1.11,0.15,-0.09761,-0.15355,-0.06568,0.98111,-0.73,1.12,0.19,0.30717,-0.16877,-0.01096,0.93651,-0.74,1.1,0.21,0.52825,-0.15526,-0.03528,0.83403,-0.75,1.08,0.22,0.52825,-0.15526,-0.03528,0.83403,-0.69,1.07,0.11,-0.24245,-0.13903,-0.08008,0.9568,-0.7,1.1,0.15,-0.1849,-0.1035,-0.1374,0.96758,-0.71,1.11,0.19,0.31278,-0.1782,-0.10704,0.9268,-0.72,1.1,0.21,0.58428,-0.2237,-0.07329,0.77666,-0.73,1.08,0.21,0.58428,-0.2237,-0.07329,0.77666,-0.68,1.07,0.11,-0.17716,-0.05197,-0.3071,0.9336,-0.68,1.09,0.15,-0.30898,0.00887,-0.21636,0.92609,-0.68,1.1,0.18,0.22766,-0.1162,-0.26593,0.92949,-0.69,1.1,0.19,0.54242,-0.24876,-0.21241,0.77381,-0.7,1.08,0.2,0.54242,-0.24876,-0.21241,0.77381,-0.81,1.08,0.19
-0.79,1.46,-0.16,-0.79,1.46,-0.16,-0.86,1.1,0.11,0.33987,-0.0394,-0.15501,-0.92677,-0.86,1.06,0.06,0.33987,-0.0394,-0.15501,-0.92677,-0.83,1.08,0.09,0.40054,-0.13487,0.5429,-0.7257,-0.81,1.09,0.11,0.17797,0.0313,0.48104,-0.85787,-0.8,1.1,0.14,0.05104,0.05678,0.54903,-0.83231,-0.8,1.11,0.17,0.05104,0.05678,0.54903,-0.83231,-0.84,1.08,0.09,0.33987,-0.0394,-0.15501,-0.92677,-0.84,1.12,0.13,-0.00095,-0.08065,-0.09028,-0.99265,-0.83,1.12,0.17,-0.41883,-0.11529,-0.07354,-0.89771,-0.83,1.11,0.18,-0.5778,-0.09919,-0.05728,-0.8081,-0.82,1.09,0.19,-0.5778,-0.09919,-0.05728,-0.8081,-0.86,1.08,0.09,0.33987,-0.0394,-0.15501,-0.92677,-0.86,1.12,0.13,0.01487,-0.07684,-0.15075,-0.98547,-0.85,1.12,0.17,-0.43666,-0.13851,-0.11189,-0.88183,-0.84,1.1,0.19,-0.64187,-0.14094,-0.13759,-0.74108,-0.84,1.08,0.19,-0.64187,-0.14094,-0.13759,-0.74108,-0.87,1.08,0.09,0.33987,-0.0394,-0.15501,-0.92677,-0.88,1.11,0.13,0.06981,-0.06124,-0.21071,-0.97313,-0.87,1.11,0.17,-0.41865,-0.17354,-0.19241,-0.8704,-0.86,1.1,0.19,-0.66424,-0.24193,-0.15805,-0.6894,-0.85,1.08,0.19,-0.66424,-0.24193,-0.15805,-0.6894,-0.88,1.07,0.09,0.28213,0.01872,-0.38891,-0.87681,-0.89,1.09,0.13,0.14159,-0.05905,-0.29204,-0.94402,-0.89,1.1,0.16,-0.33984,-0.18528,-0.3012,-0.87147,-0.88,1.09,0.17,-0.58688,-0.31292,-0.23964,-0.70726,-0.86,1.08,0.18,-0.58688,-0.31292,-0.23964,-0.70726,-0.71,1.09,0.12,-0.22881,-0.14336,-0.07278,0.9601,-0.69,1.06,0.07,-0.22881,-0.14336,-0.07278,0.9601,-0.73,1.07,0.1,-0.4324,-0.24877,0.496,0.71073,-0.76,1.08,0.11,-0.28717,-0.14303,0.452,0.83233,-0.77,1.09,0.14,-0.2967,-0.18595,0.5317,0.77116,-0.79,1.1,0.15,-0.2967,-0.18595,0.5317,0.77116,-0.72,1.07,0.1,-0.22881,-0.14336,-0.07278,0.9601,-0.74,1.1,0.15,0.02474,-0.28078,0.07202,0.95675,-0.76,1.1,0.18,0.34948,-0.24174,0.13641,0.89489,-0.77,1.08,0.19,0.50819,-0.18643,0.17089,0.82327,-0.77,1.06,0.2,0.50819,-0.18643,0.17089,0.82327,-0.71,1.07,0.1,-0.22881,-0.14336,-0.07278,0.9601,-0.72,1.11,0.15,-0.10008,-0.16081,-0.05881,0.98014,-0.73,1.11,0.19,0.2898,-0.17264,-0.00442,0.94138,-0.74,1.1,0.21,0.52836,-0.15825,-0.02678,0.83371,-0.75,1.08,0.22,0.52836,-0.15825,-0.02678,0.83371,-0.69,1.07,0.11,-0.22881,-0.14336,-0.07278,0.9601,-0.7,1.1,0.15,-0.18563,-0.09915,-0.13226,0.96862,-0.7,1.11,0.19,0.31256,-0.17195,-0.10471,0.92832,-0.71,1.1,0.21,0.60678,-0.2178,-0.06854,0.76137,-0.72,1.08,0.21,0.60678,-0.2178,-0.06854,0.76137,-0.68,1.07,0.11,-0.16402,-0.05274,-0.29872,0.93866,-0.68,1.09,0.15,-0.28926,0.0328,-0.20816,0.93377,-0.68,1.1,0.18,0.24659,-0.09,-0.27186,0.92584,-0.68,1.09,0.19,0.59112,-0.23499,-0.22005,0.73955,-0.7,1.08,0.2,0.59112,-0.23499,-0.22005,0.73955,-0.81,1.08,0.19
-0.79,1.46,-0.16,-0.79,1.46,-0.16,-0.86,1.1,0.11,0.33157,-0.04027,-0.16443,-0.92812,-0.86,1.06,0.06,0.33157,-0.04027,-0.16443,-0.92812,-0.83,1.08,0.09,0.39979,-0.13768,0.53258,-0.73319,-0.81,1.09,0.11,0.17289,0.02677,0.47156,-0.86431,-0.8,1.1,0.14,0.0449,0.05127,0.54024,-0.83874,-0.8,1.11,0.16,0.0449,0.05127,0.54024,-0.83874,-0.84,1.08,0.09,0.33157,-0.04027,-0.16443,-0.92812,-0.84,1.12,0.13,-0.01907,-0.08622,-0.09751,-0.99131,-0.83,1.12,0.17,-0.42024,-0.1216,-0.07984,-0.89568,-0.82,1.1,0.18,-0.57163,-0.10586,-0.06341,-0.81118,-0.82,1.08,0.19,-0.57163,-0.10586,-0.06341,-0.81118,-0.85,1.08,0.09,0.33157,-0.04027,-0.16443,-0.92812,-0.86,1.12,0.13,0.00618,-0.08149,-0.15862,-0.98395,-0.85,1.12,0.17,-0.43165,-0.14451,-0.11874,-0.88244,-0.84,1.1,0.19,-0.62666,-0.14757,-0.14387,-0.75155,-0.83,1.08,0.19,-0.62666,-0.14757,-0.14387,-0.75155,-0.87,1.08,0.09,0.33157,-0.04027,-0.16443,-0.92812,-0.88,1.11,0.13,0.0639,-0.06371,-0.21926,-0.97148,-0.87,1.11,0.17,-0.41058,-0.17693,-0.20089,-0.87164,-0.86,1.1,0.19,-0.64616,-0.24624,-0.16772,-0.70265,-0.85,1.08,0.19,-0.64616,-0.24624,-0.16772,-0.70265,-0.88,1.07,0.09,0.27256,0.01962,-0.39713,-0.87614,-0.89,1.09,0.13,0.13689,-0.05911,-0.30074,-0.94198,-0.89,1.1,0.16,-0.33034,-0.1849,-0.31069,-0.87187,-0.88,1.09,0.17,-0.56389,-0.3114,-0.25356,-0.72164,-0.86,1.08,0.18,-0.56389,-0.3114,-0.25356,-0.72164,-0.71,1.09,0.12,-0.23959,-0.14231,-0.07688,0.95731,-0.69,1.06,0.07,-0.23959,-0.14231,-0.07688,0.95731,-0.73,1.07,0.09,-0.43814,-0.23417,0.49949,0.70972,-0.75,1.08,0.11,-0.29836,-0.13093,0.4514,0.83071,-0.77,1.09,0.14,-0.31599,-0.1788,0.53077,0.76581,-0.79,1.1,0.15,-0.31599,-0.1788,0.53077,0.76581,-0.72,1.07,0.1,-0.23959,-0.14231,-0.07688,0.95731,-0.74,1.1,0.14,0.04885,-0.2911,0.08957,0.95124,-0.76,1.1,0.17,0.36441,-0.24609,0.15473,0.88471,-0.76,1.08,0.19,0.51068,-0.18953,0.18767,0.81736,-0.77,1.06,0.2,0.51068,-0.18953,0.18767,0.81736,-0.7,1.07,0.1,-0.23959,-0.14231,-0.07688,0.95731,-0.72,1.11,0.15,-0.05618,-0.17072,-0.05047,0.98242,-0.73,1.11,0.19,0.33643,-0.17793,0.00804,0.92471,-0.74,1.1,0.21,0.58558,-0.15606,-0.01127,0.79537,-0.74,1.07,0.21,0.58558,-0.15606,-0.01127,0.79537,-0.69,1.07,0.1,-0.23959,-0.14231,-0.07688,0.95731,-0.7,1.1,0.15,-0.1417,-0.10532,-0.13095,0.97554,-0.7,1.11,0.19,0.37051,-0.17657,-0.09873,0.90653,-0.71,1.09,0.2,0.67336,-0.21859,-0.05831,0.70385,-0.72,1.07,0.2,0.67336,-0.21859,-0.05831,0.70385,-0.68,1.07,0.11,-0.17415,-0.05442,-0.30364,0.93515,-0.68,1.09,0.15,-0.2729,0.03606,-0.21621,0.93674,-0.67,1.1,0.18,0.28265,-0.09617,-0.2792,0.91264,-0.68,1.09,0.19,0.63721,-0.24826,-0.22018,0.69559,-0.69,1.08,0.19,0.63721,-0.24826,-0.22018,0.69559,-0.81,1.08,0.19
-0.79,1.46,-0.17,-0.79,1.46,-0.17,-0.86,1.1,0.11,0.32412,-0.04536,-0.16719,-0.93002,-0.86,1.06,0.06,0.32412,-0.04536,-0.16719,-0.93002,-0.83,1.08,0.09,0.39927,-0.14516,0.52796,-0.73537,-0.81,1.09,0.11,0.16785,0.02014,0.46938,-0.86666,-0.8,1.1,0.14,0.0392,0.04463,0.53865,-0.84043,-0.8,1.11,0.16,0.0392,0.04463,0.53865,-0.84043,-0.84,1.08,0.09,0.32412,-0.04536,-0.16719,-0.93002,-0.84,1.12,0.13,-0.02926,-0.09374,-0.09697,-0.99043,-0.83,1.12,0.17,-0.42271,-0.12741,-0.07729,-0.89393,-0.82,1.1,0.18,-0.57084,-0.11088,-0.06028,-0.8113,-0.82,1.08,0.19,-0.57084,-0.11088,-0.06028,-0.8113,-0.85,1.08,0.09,0.32412,-0.04536,-0.16719,-0.93002,-0.86,1.12,0.13,0.00431,-0.08724,-0.15923,-0.98337,-0.85,1.12,0.17,-0.42452,-0.14877,-0.11817,-0.88526,-0.84,1.1,0.19,-0.61628,-0.1516,-0.14291,-0.75947,-0.83,1.08,0.19,-0.61628,-0.1516,-0.14291,-0.75947,-0.87,1.08,0.09,0.32412,-0.04536,-0.16719,-0.93002,-0.88,1.11,0.13,0.07105,-0.06587,-0.22125,-0.97039,-0.87,1.11,0.17,-0.40152,-0.17955,-0.20187,-0.8751,-0.86,1.1,0.19,-0.63537,-0.24878,-0.16853,-0.71134,-0.85,1.08,0.19,-0.63537,-0.24878,-0.16853,-0.71134,-0.88,1.07,0.09,0.26388,0.01645,-0.39905,-0.87798,-0.89,1.09,0.13,0.1439,-0.0578,-0.3028,-0.94036,-0.89,1.1,0.16,-0.32436,-0.18561,-0.31295,-0.87315,-0.88,1.09,0.17,-0.55905,-0.31298,-0.255,-0.72421,-0.86,1.08,0.18,-0.55905,-0.31298,-0.255,-0.72421,-0.71,1.09,0.12,-0.2753,-0.13899,-0.0954,0.94646,-0.69,1.06,0.07,-0.2753,-0.13899,-0.0954,0.94646,-0.73,1.07,0.09,-0.44848,-0.20352,0.51411,0.70223,-0.75,1.08,0.11,-0.30796,-0.09637,0.46083,0.82675,-0.77,1.1,0.14,-0.3161,-0.14,0.54257,0.76557,-0.78,1.11,0.15,-0.3161,-0.14,0.54257,0.76557,-0.72,1.08,0.1,-0.2753,-0.13899,-0.0954,0.94646,-0.73,1.11,0.14,0.03817,-0.28365,0.08359,0.95452,-0.75,1.1,0.17,0.35618,-0.24112,0.14685,0.89075,-0.76,1.09,0.19,0.49643,-0.18745,0.17697,0.82892,-0.76,1.07,0.2,0.49643,-0.18745,0.17697,0.82892,-0.7,1.07,0.1,-0.2753,-0.13899,-0.0954,0.94646,-0.71,1.11,0.14,-0.00969,-0.18348,-0.04899,0.98175,-0.73,1.11,0.18,0.38795,-0.18833,0.01623,0.90209,-0.74,1.09,0.2,0.63175,-0.15988,0.00061,0.7585,-0.74,1.07,0.21,0.63175,-0.15988,0.00061,0.7585,-0.68,1.07,0.1,-0.2753,-0.13899,-0.0954,0.94646,-0.69,1.1,0.15,-0.10732,-0.11796,-0.14197,0.97694,-0.7,1.11,0.18,0.40797,-0.19231,-0.10115,0.88676,-0.71,1.09,0.2,0.70355,-0.23277,-0.05498,0.66919,-0.72,1.07,0.2,0.70355,-0.23277,-0.05498,0.66919,-0.68,1.07,0.11,-0.20701,-0.06047,-0.32439,0.92101,-0.68,1.09,0.15,-0.28297,0.02812,-0.24174,0.92774,-0.67,1.1,0.17,0.29164,-0.12424,-0.29373,0.9018,-0.68,1.09,0.19,0.64137,-0.27977,-0.221,0.67936,-0.69,1.08,0.19,0.64137,-0.27977,-0.221,0.67936,-0.81,1.08,0.19
-0.79,1.46,-0.16,-0.79,1.46,-0.16,-0.86,1.1,0.11,0.3203,-0.04636,-0.17106,-0.93059,-0.86,1.06,0.06,0.3203,-0.04636,-0.17106,-0.93059,-0.83,1.08,0.09,0.39834,-0.14832,0.52416,-0.73796,-0.81,1.09,0.11,0.16136,0.01861,0.46677,-0.86934,-0.8,1.1,0.14,0.02946,0.04423,0.53569,-0.84274,-0.8,1.11,0.16,0.02946,0.04423,0.53569,-0.84274,-0.84,1.08,0.09,0.3203,-0.04636,-0.17106,-0.93059,-0.84,1.12,0.13,-0.03163,-0.09746,-0.09934,-0.98976,-0.83,1.12,0.17,-0.42263,-0.13152,-0.07829,-0.89328,-0.82,1.1,0.18,-0.57042,-0.11508,-0.06062,-0.81099,-0.82,1.08,0.19,-0.57042,-0.11508,-0.06062,-0.81099,-0.85,1.08,0.09,0.3203,-0.04636,-0.17106,-0.93059,-0.86,1.12,0.13,0.01016,-0.08927,-0.16243,-0.98262,-0.85,1.12,0.17,-0.41463,-0.15148,-0.12088,-0.88911,-0.84,1.1,0.19,-0.60641,-0.15537,-0.14523,-0.76618,-0.83,1.08,0.2,-0.60641,-0.15537,-0.14523,-0.76618,-0.87,1.07,0.09,0.3203,-0.04636,-0.17106,-0.93059,-0.88,1.11,0.13,0.08385,-0.06449,-0.22543,-0.9685,-0.87,1.11,0.17,-0.39002,-0.18101,-0.20582,-0.87907,-0.86,1.1,0.19,-0.62554,-0.25166,-0.17159,-0.71828,-0.85,1.08,0.19,-0.62554,-0.25166,-0.17159,-0.71828,-0.88,1.07,0.09,0.25942,0.01628,-0.40236,-0.87781,-0.89,1.09,0.13,0.15487,-0.0537,-0.30646,-0.93766,-0.89,1.1,0.16,-0.31559,-0.18542,-0.31771,-0.87469,-0.88,1.09,0.17,-0.55312,-0.31499,-0.25836,-0.7267,-0.86,1.08,0.18,-0.55312,-0.31499,-0.25836,-0.7267,-0.7,1.09,0.12,-0.31859,-0.13176,-0.11131,0.93207,-0.69,1.06,0.07,-0.31859,-0.13176,-0.11131,0.93207,-0.73,1.07,0.09,-0.44155,-0.18579,0.54853,0.68529,-0.75,1.08,0.11,-0.28999,-0.06122,0.49532,0.81659,-0.76,1.1,0.14,-0.2687,-0.08991,0.57728,0.76581,-0.77,1.1,0.16,-0.2687,-0.08991,0.57728,0.76581,-0.71,1.08,0.09,-0.31859,-0.13176,-0.11131,0.93207,-0.73,1.11,0.13,-0.00023,-0.2736,0.07286,0.95908,-0.75,1.11,0.17,0.31135,-0.23756,0.1308,0.91078,-0.76,1.1,0.18,0.44032,-0.18952,0.15546,0.86373,-0.76,1.08,0.19,0.44032,-0.18952,0.15546,0.86373,-0.7,1.07,0.09,-0.31859,-0.13176,-0.11131,0.93207,-0.71,1.12,0.14,0.01887,-0.1918,-0.04554,0.9802,-0.72,1.11,0.18,0.42184,-0.19396,0.02452,0.88534,-0.73,1.09,0.19,0.66647,-0.15986,0.01162,0.7281,-0.74,1.07,0.19,0.66647,-0.15986,0.01162,0.7281,-0.68,1.07,0.1,-0.31859,-0.13176,-0.11131,0.93207,-0.69,1.11,0.14,-0.09332,-0.12647,-0.15217,0.97578,-0.7,1.11,0.18,0.43774,-0.20616,-0.1019,0.86919,-0.71,1.1,0.19,0.73734,-0.24467,-0.04746,0.62786,-0.72,1.07,0.19,0.73734,-0.24467,-0.04746,0.62786,-0.67,1.07,0.1,-0.24844,-0.06474,-0.34302,0.90356,-0.67,1.09,0.14,-0.31127,0.025,-0.26475,0.91236,-0.67,1.11,0.17,0.29002,-0.15201,-0.30648,0.89378,-0.67,1.1,0.18,0.64793,-0.31329,-0.21534,0.66005,-0.69,1.08,0.18,0.64793,-0.31329,-0.21534,0.66005,-0.81,1.08,0.19
-0.79,1.46,-0.17,-0.79,1.46,-0.17,-0.86,1.1,0.11,0.33531,-0.05255,-0.17745,-0.92375,-0.86,1.06,0.06,0.33531,-0.05255,-0.17745,-0.92375,-0.83,1.08,0.09,0.41188,-0.1447,0.52254,-0.73237,-0.81,1.09,0.11,0.17338,0.02173,0.46414,-0.86835,-0.8,1.11,0.14,0.03614,0.05129,0.53249,-0.84411,-0.8,1.11,0.16,0.03614,0.05129,0.53249,-0.84411,-0.84,1.08,0.09,0.33531,-0.05255,-0.17745,-0.92375,-0.84,1.12,0.13,-0.00603,-0.10509,-0.10354,-0.98904,-0.83,1.12,0.16,-0.4033,-0.14122,-0.07834,-0.9007,-0.82,1.11,0.18,-0.55508,-0.12501,-0.05921,-0.82022,-0.82,1.09,0.19,-0.55508,-0.12501,-0.05921,-0.82022,-0.85,1.08,0.09,0.33531,-0.05255,-0.17745,-0.92375,-0.86,1.12,0.13,0.03829,-0.09675,-0.16696,-0.98046,-0.85,1.13,0.17,-0.39084,-0.16087,-0.12127,-0.89814,-0.84,1.11,0.19,-0.58864,-0.16651,-0.1436,-0.77791,-0.83,1.09,0.2,-0.58864,-0.16651,-0.1436,-0.77791,-0.87,1.08,0.09,0.33531,-0.05255,-0.17745,-0.92375,-0.88,1.11,0.13,0.11288,-0.07071,-0.23112,-0.96376,-0.87,1.12,0.17,-0.36474,-0.19083,-0.20681,-0.88757,-0.86,1.1,0.19,-0.60587,-0.26236,-0.16858,-0.7319,-0.85,1.08,0.19,-0.60587,-0.26236,-0.16858,-0.7319,-0.88,1.07,0.09,0.2719,0.0061,-0.40913,-0.87101,-0.89,1.09,0.13,0.1793,-0.05892,-0.31234,-0.93103,-0.89,1.1,0.16,-0.29458,-0.19581,-0.31984,-0.87897,-0.88,1.09,0.17,-0.53753,-0.32666,-0.25497,-0.7344,-0.86,1.08,0.18,-0.53753,-0.32666,-0.25497,-0.7344,-0.7,1.1,0.1,-0.39514,-0.14621,-0.1409,0.8959,-0.68,1.06,0.06,-0.39514,-0.14621,-0.1409,0.8959,-0.72,1.07,0.08,-0.47737,-0.158,0.56318,0.65574,-0.74,1.09,0.1,-0.31372,-0.02182,0.50618,0.80305,-0.76,1.1,0.13,-0.2372,-0.01032,0.58634,0.77449,-0.76,1.11,0.15,-0.2372,-0.01032,0.58634,0.77449,-0.71,1.08,0.08,-0.39514,-0.14621,-0.1409,0.8959,-0.72,1.12,0.12,-0.06768,-0.26089,0.04281,0.96204,-0.74,1.13,0.15,0.26038,-0.2355,0.10147,0.93083,-0.75,1.12,0.17,0.38255,-0.19352,0.12202,0.89516,-0.75,1.1,0.18,0.38255,-0.19352,0.12202,0.89516,-0.69,1.08,0.09,-0.39514,-0.14621,-0.1409,0.8959,-0.7,1.12,0.12,-0.04199,-0.21107,-0.06492,0.97441,-0.72,1.13,0.16,0.42695,-0.21862,0.03019,0.87693,-0.73,1.11,0.17,0.7001,-0.17762,0.029,0.69099,-0.73,1.08,0.17,0.7001,-0.17762,0.029,0.69099,-0.68,1.08,0.09,-0.39514,-0.14621,-0.1409,0.8959,-0.68,1.11,0.13,-0.12401,-0.16242,-0.17074,0.96389,-0.69,1.13,0.16,0.49936,-0.2557,-0.07254,0.82462,-0.71,1.1,0.17,0.8129,-0.27263,0.01182,0.51451,-0.71,1.08,0.16,0.8129,-0.27263,0.01182,0.51451,-0.67,1.07,0.1,-0.31606,-0.10019,-0.37466,0.86585,-0.67,1.1,0.13,-0.31504,-0.04898,-0.30055,0.8989,-0.67,1.12,0.16,0.37373,-0.25964,-0.26961,0.84866,-0.68,1.11,0.17,0.72715,-0.39479,-0.12276,0.54802,-0.69,1.09,0.16,0.72715,-0.39479,-0.12276,0.54802,-0.81,1.08,0.19
-0.79,1.46,-0.16,-0.79,1.46,-0.16,-0.86,1.1,0.11,0.35301,-0.07342,-0.19277,-0.9126,-0.86,1.06,0.06,0.35301,-0.07342,-0.19277,-0.9126,-0.83,1.08,0.09,0.4377,-0.14887,0.51286,-0.72334,-0.8,1.1,0.1,0.19687,0.01399,0.45609,-0.86777,-0.8,1.11,0.13,0.05751,0.04629,0.52623,-0.84713,-0.8,1.11,0.16,0.05751,0.04629,0.52623,-0.84713,-0.84,1.08,0.08,0.35301,-0.07342,-0.19277,-0.9126,-0.84,1.13,0.13,0.02475,-0.12778,-0.1126,-0.98508,-0.83,1.13,0.16,-0.38074,-0.16699,-0.07611,-0.90629,-0.82,1.11,0.18,-0.53796,-0.15055,-0.05246,-0.82776,-0.81,1.09,0.19,-0.53796,-0.15055,-0.05246,-0.82776,-0.85,1.08,0.09,0.35301,-0.07342,-0.19277,-0.9126,-0.86,1.12,0.13,0.0657,-0.12077,-0.17593,-0.97476,-0.85,1.13,0.17,-0.36499,-0.18689,-0.11865,-0.90431,-0.84,1.11,0.19,-0.56806,-0.19311,-0.13523,-0.7885,-0.83,1.09,0.19,-0.56806,-0.19311,-0.13523,-0.7885,-0.87,1.07,0.09,0.35301,-0.07342,-0.19277,-0.9126,-0.87,1.11,0.13,0.13952,-0.09421,-0.24219,-0.95551,-0.87,1.12,0.17,-0.33852,-0.21778,-0.20443,-0.89229,-0.85,1.11,0.18,-0.58307,-0.28807,-0.15763,-0.7431,-0.84,1.09,0.19,-0.58307,-0.28807,-0.15763,-0.7431,-0.88,1.07,0.09,0.28277,-0.01961,-0.42375,-0.86029,-0.89,1.09,0.13,0.20132,-0.08182,-0.32451,-0.92058,-0.89,1.11,0.16,-0.27118,-0.22314,-0.31951,-0.8801,-0.87,1.1,0.17,-0.51488,-0.3523,-0.24539,-0.742,-0.86,1.09,0.18,-0.51488,-0.3523,-0.24539,-0.742,-0.7,1.1,0.1,-0.41127,-0.15418,-0.15163,0.88549,-0.68,1.05,0.06,-0.41127,-0.15418,-0.15163,0.88549,-0.72,1.07,0.09,-0.46861,-0.15062,0.58019,0.64892,-0.74,1.09,0.1,-0.29076,0.00182,0.52304,0.80117,-0.75,1.1,0.13,-0.17982,0.03637,0.59658,0.7813,-0.76,1.11,0.15,-0.17982,0.03637,0.59658,0.7813,-0.71,1.08,0.08,-0.41127,-0.15418,-0.15163,0.88549,-0.72,1.12,0.11,-0.02301,-0.24232,0.02843,0.96951,-0.74,1.13,0.15,0.36224,-0.216,0.09547,0.90167,-0.74,1.11,0.16,0.48053,-0.17382,0.11665,0.85163,-0.75,1.09,0.17,0.48053,-0.17382,0.11665,0.85163,-0.69,1.07,0.09,-0.41127,-0.15418,-0.15163,0.88549,-0.7,1.12,0.12,-0.04279,-0.21601,-0.07507,0.97256,-0.72,1.13,0.16,0.47917,-0.22582,0.03764,0.84734,-0.72,1.11,0.17,0.76676,-0.17317,0.04438,0.61654,-0.73,1.08,0.17,0.76676,-0.17317,0.04438,0.61654,-0.68,1.07,0.09,-0.41127,-0.15418,-0.15163,0.88549,-0.68,1.11,0.13,-0.12082,-0.18097,-0.17283,0.96062,-0.69,1.12,0.16,0.54251,-0.27369,-0.04954,0.79267,-0.71,1.1,0.17,0.85559,-0.27295,0.04841,0.43717,-0.71,1.08,0.15,0.85559,-0.27295,0.04841,0.43717,-0.67,1.07,0.1,-0.32871,-0.11291,-0.38501,0.85497,-0.67,1.1,0.13,-0.27913,-0.10902,-0.29854,0.90613,-0.67,1.12,0.16,0.44062,-0.30688,-0.2188,0.81474,-0.68,1.1,0.16,0.78277,-0.41042,-0.04913,0.4652,-0.69,1.09,0.15,0.78277,-0.41042,-0.04913,0.4652,-0.81,1.08,0.19
-0.79,1.46,-0.16,-0.79,1.46,-0.16,-0.85,1.1,0.11,0.34222,-0.07768,-0.1863,-0.91769,-0.86,1.06,0.06,0.34222,-0.07768,-0.1863,-0.91769,-0.83,1.08,0.09,0.42795,-0.16366,0.51894,-0.72165,-0.8,1.09,0.1,0.18529,0.0037,0.46711,-0.86456,-0.8,1.1,0.14,0.04557,0.03758,0.53748,-0.84121,-0.8,1.11,0.16,0.04557,0.03758,0.53748,-0.84121,-0.84,1.08,0.09,0.34222,-0.07768,-0.1863,-0.91769,-0.83,1.12,0.13,0.01482,-0.12805,-0.10669,-0.9859,-0.83,1.12,0.16,-0.39435,-0.1649,-0.06989,-0.90134,-0.82,1.11,0.18,-0.55257,-0.14745,-0.04586,-0.81903,-0.81,1.09,0.19,-0.55257,-0.14745,-0.04586,-0.81903,-0.85,1.08,0.09,0.34222,-0.07768,-0.1863,-0.91769,-0.86,1.12,0.13,0.05477,-0.12209,-0.16891,-0.97651,-0.85,1.13,0.17,-0.37393,-0.18468,-0.11213,-0.90194,-0.84,1.11,0.19,-0.5736,-0.18867,-0.12966,-0.78649,-0.82,1.09,0.2,-0.5736,-0.18867,-0.12966,-0.78649,-0.87,1.07,0.09,0.34222,-0.07768,-0.1863,-0.91769,-0.87,1.11,0.13,0.1296,-0.09574,-0.235,-0.95855,-0.87,1.12,0.17,-0.34528,-0.21454,-0.19844,-0.89184,-0.85,1.1,0.19,-0.58595,-0.28257,-0.1541,-0.74369,-0.84,1.09,0.19,-0.58595,-0.28257,-0.1541,-0.74369,-0.88,1.07,0.09,0.27225,-0.02067,-0.41694,-0.86696,-0.89,1.09,0.13,0.19155,-0.08301,-0.31751,-0.92499,-0.88,1.1,0.16,-0.2758,-0.21803,-0.31416,-0.88187,-0.87,1.1,0.18,-0.51344,-0.34397,-0.24481,-0.74708,-0.86,1.08,0.18,-0.51344,-0.34397,-0.24481,-0.74708,-0.7,1.1,0.1,-0.42827,-0.15956,-0.15862,0.87519,-0.68,1.05,0.06,-0.42827,-0.15956,-0.15862,0.87519,-0.72,1.07,0.09,-0.46106,-0.1395,0.596,0.64246,-0.74,1.09,0.1,-0.2805,0.02146,0.53639,0.7957,-0.75,1.1,0.13,-0.16082,0.06212,0.6057,0.77679,-0.75,1.11,0.15,-0.16082,0.06212,0.6057,0.77679,-0.71,1.08,0.08,-0.42827,-0.15956,-0.15862,0.87519,-0.72,1.13,0.11,-0.02348,-0.23748,0.0181,0.97094,-0.74,1.13,0.14,0.39882,-0.21199,0.09287,0.88734,-0.74,1.11,0.16,0.52297,-0.16888,0.11648,0.8273,-0.75,1.09,0.17,0.52297,-0.16888,0.11648,0.8273,-0.69,1.08,0.09,-0.42827,-0.15956,-0.15862,0.87519,-0.7,1.13,0.12,-0.05132,-0.21912,-0.08239,0.97086,-0.72,1.13,0.16,0.47778,-0.23215,0.03494,0.84653,-0.73,1.11,0.17,0.76656,-0.17995,0.04439,0.61484,-0.73,1.09,0.16,0.76656,-0.17995,0.04439,0.61484,-0.68,1.07,0.09,-0.42827,-0.15956,-0.15862,0.87519,-0.68,1.12,0.12,-0.13341,-0.19155,-0.17605,0.9563,-0.69,1.13,0.16,0.52382,-0.28392,-0.04684,0.80175,-0.71,1.11,0.17,0.84102,-0.28214,0.05449,0.45838,-0.71,1.09,0.15,0.84102,-0.28214,0.05449,0.45838,-0.67,1.07,0.1,-0.34326,-0.12321,-0.39193,0.84462,-0.67,1.1,0.13,-0.28959,-0.12547,-0.30289,0.89925,-0.67,1.12,0.15,0.43252,-0.32322,-0.20899,0.81534,-0.68,1.11,0.16,0.77848,-0.41948,-0.03042,0.46592,-0.69,1.09,0.15,0.77848,-0.41948,-0.03042,0.46592,-0.81,1.08,0.19
-0.79,1.46,-0.16,-0.79,1.46,-0.16,-0.85,1.1,0.11,0.33666,-0.07924,-0.18671,-0.91952,-0.86,1.06,0.06,0.33666,-0.07924,-0.18671,-0.91952,-0.83,1.08,0.09,0.42352,-0.17048,0.51918,-0.72251,-0.8,1.09,0.1,0.17974,-0.00197,0.46963,-0.86437,-0.8,1.1,0.14,0.03965,0.0324,0.54034,-0.83989,-0.8,1.11,0.16,0.03965,0.0324,0.54034,-0.83989,-0.84,1.08,0.09,0.33666,-0.07924,-0.18671,-0.91952,-0.83,1.12,0.13,0.00715,-0.12728,-0.10838,-0.9859,-0.82,1.12,0.16,-0.40359,-0.16488,-0.07136,-0.89713,-0.82,1.11,0.18,-0.56216,-0.14772,-0.04678,-0.81239,-0.81,1.09,0.19,-0.56216,-0.14772,-0.04678,-0.81239,-0.85,1.08,0.09,0.33666,-0.07924,-0.18671,-0.91952,-0.86,1.12,0.13,0.04755,-0.12257,-0.1695,-0.97672,-0.85,1.12,0.17,-0.37799,-0.18497,-0.11299,-0.90008,-0.83,1.11,0.19,-0.57275,-0.18846,-0.13097,-0.78695,-0.82,1.09,0.2,-0.57275,-0.18846,-0.13097,-0.78695,-0.87,1.07,0.09,0.33666,-0.07924,-0.18671,-0.91952,-0.87,1.11,0.13,0.12357,-0.09643,-0.23523,-0.95922,-0.87,1.12,0.17,-0.34577,-0.21391,-0.19953,-0.89156,-0.85,1.1,0.19,-0.58088,-0.28148,-0.15693,-0.74748,-0.84,1.08,0.19,-0.58088,-0.28148,-0.15693,-0.74748,-0.88,1.07,0.09,0.26645,-0.02078,-0.41691,-0.86877,-0.89,1.09,0.13,0.18593,-0.08404,-0.31743,-0.92607,-0.88,1.1,0.16,-0.27621,-0.21672,-0.3146,-0.88191,-0.87,1.09,0.18,-0.50776,-0.34108,-0.24808,-0.7512,-0.86,1.08,0.18,-0.50776,-0.34108,-0.24808,-0.7512,-0.7,1.1,0.1,-0.4411,-0.16157,-0.15697,0.86873,-0.68,1.05,0.06,-0.4411,-0.16157,-0.15697,0.86873,-0.72,1.07,0.08,-0.45445,-0.13293,0.61065,0.63475,-0.74,1.09,0.1,-0.27121,0.03646,0.54969,0.78928,-0.75,1.1,0.13,-0.1412,0.08534,0.61445,0.77151,-0.75,1.11,0.15,-0.1412,0.08534,0.61445,0.77151,-0.71,1.08,0.08,-0.4411,-0.16157,-0.15697,0.86873,-0.72,1.13,0.11,-0.0283,-0.23009,0.0143,0.97265,-0.74,1.13,0.14,0.41267,-0.20531,0.09041,0.88283,-0.74,1.11,0.16,0.54901,-0.16084,0.11636,0.8119,-0.75,1.09,0.16,0.54901,-0.16084,0.11636,0.8119,-0.69,1.08,0.09,-0.4411,-0.16157,-0.15697,0.86873,-0.7,1.13,0.12,-0.05083,-0.21825,-0.08028,0.97126,-0.72,1.13,0.15,0.48107,-0.23016,0.03697,0.84512,-0.73,1.11,0.16,0.76799,-0.17729,0.04544,0.61376,-0.73,1.09,0.16,0.76799,-0.17729,0.04544,0.61376,-0.68,1.08,0.09,-0.4411,-0.16157,-0.15697,0.86873,-0.68,1.12,0.12,-0.13965,-0.19535,-0.17239,0.95531,-0.69,1.13,0.16,0.515,-0.28454,-0.04263,0.80746,-0.71,1.11,0.16,0.8339,-0.28164,0.05756,0.47114,-0.71,1.09,0.15,0.8339,-0.28164,0.05756,0.47114,-0.67,1.07,0.1,-0.35562,-0.12868,-0.39076,0.83922,-0.67,1.1,0.13,-0.29916,-0.1317,-0.30103,0.89585,-0.67,1.12,0.15,0.42223,-0.32684,-0.20363,0.82063,-0.68,1.11,0.16,0.7728,-0.42005,-0.02333,0.47518,-0.69,1.09,0.15,0.7728,-0.42005,-0.02333,0.47518,-0.81,1.08,0.19
-0.79,1.46,-0.16,-0.79,1.46,-0.16,-0.86,1.1,0.11,0.33286,-0.07671,-0.18951,-0.92055,-0.86,1.06,0.06,0.33286,-0.07671,-0.18951,-0.92055,-0.83,1.08,0.09,0.41872,-0.17085,0.51806,-0.72602,-0.8,1.09,0.1,0.17396,-0.00212,0.46861,-0.8661,-0.8,1.1,0.14,0.03313,0.032,0.53912,-0.84097,-0.8,1.1,0.16,0.03313,0.032,0.53912,-0.84097,-0.84,1.08,0.09,0.33286,-0.07671,-0.18951,-0.92055,-0.83,1.12,0.13,-0.00079,-0.12364,-0.11339,-0.98583,-0.83,1.12,0.16,-0.4128,-0.16362,-0.07705,-0.89268,-0.82,1.11,0.18,-0.57224,-0.14758,-0.05197,-0.80502,-0.81,1.09,0.19,-0.57224,-0.14758,-0.05197,-0.80502,-0.85,1.08,0.09,0.33286,-0.07671,-0.18951,-0.92055,-0.86,1.12,0.13,0.04177,-0.1194,-0.17392,-0.9766,-0.85,1.12,0.17,-0.38174,-0.18374,-0.11862,-0.89802,-0.84,1.11,0.19,-0.57334,-0.18797,-0.13697,-0.78561,-0.82,1.09,0.2,-0.57334,-0.18797,-0.13697,-0.78561,-0.87,1.07,0.09,0.33286,-0.07671,-0.18951,-0.92055,-0.87,1.11,0.13,0.11911,-0.09318,-0.23898,-0.95918,-0.87,1.12,0.17,-0.34722,-0.21214,-0.20492,-0.89019,-0.85,1.1,0.19,-0.57916,-0.28085,-0.16335,-0.74767,-0.84,1.08,0.19,-0.57916,-0.28085,-0.16335,-0.74767,-0.88,1.07,0.09,0.26289,-0.01745,-0.41935,-0.86875,-0.89,1.09,0.13,0.18217,-0.08132,-0.3204,-0.92604,-0.88,1.1,0.16,-0.27952,-0.21546,-0.31837,-0.87982,-0.87,1.09,0.18,-0.50965,-0.34075,-0.2524,-0.74862,-0.86,1.08,0.18,-0.50965,-0.34075,-0.2524,-0.74862,-0.7,1.1,0.1,-0.44383,-0.15777,-0.14923,0.8694,-0.68,1.05,0.06,-0.44383,-0.15777,-0.14923,0.8694,-0.72,1.07,0.08,-0.44672,-0.13399,0.62097,0.62999,-0.74,1.09,0.1,-0.26182,0.04149,0.56063,0.78449,-0.75,1.1,0.13,-0.11957,0.10083,0.62126,0.76784,-0.75,1.11,0.15,-0.11957,0.10083,0.62126,0.76784,-0.71,1.08,0.08,-0.44383,-0.15777,-0.14923,0.8694,-0.72,1.13,0.11,-0.02465,-0.21837,0.01489,0.97544,-0.74,1.13,0.14,0.42397,-0.19379,0.08721,0.88039,-0.74,1.11,0.16,0.56875,-0.14869,0.11357,0.80095,-0.74,1.09,0.16,0.56875,-0.14869,0.11357,0.80095,-0.69,1.08,0.09,-0.44383,-0.15777,-0.14923,0.8694,-0.7,1.13,0.11,-0.02873,-0.21156,-0.07162,0.97431,-0.72,1.13,0.15,0.50815,-0.21924,0.04238,0.83181,-0.72,1.11,0.16,0.7924,-0.16197,0.04799,0.58614,-0.73,1.08,0.16,0.7924,-0.16197,0.04799,0.58614,-0.68,1.08,0.09,-0.44383,-0.15777,-0.14923,0.8694,-0.68,1.12,0.12,-0.12869,-0.19149,-0.16384,0.95913,-0.69,1.13,0.16,0.52697,-0.27574,-0.03862,0.80298,-0.71,1.11,0.16,0.84394,-0.27115,0.05764,0.45926,-0.71,1.09,0.15,0.84394,-0.27115,0.05764,0.45926,-0.67,1.07,0.1,-0.36012,-0.12534,-0.38386,0.84098,-0.67,1.1,0.13,-0.30187,-0.1275,-0.29433,0.89777,-0.67,1.12,0.15,0.42032,-0.31922,-0.20226,0.82494,-0.68,1.11,0.16,0.77716,-0.4129,-0.02303,0.47435,-0.69,1.1,0.15,0.77716,-0.4129,-0.02303,0.47435,-0.81,1.08,0.19
-0.79,1.46,-0.16,-0.79,1.46,-0.16,-0.86,1.1,0.11,0.3273,-0.07215,-0.18817,-0.92318,-0.86,1.06,0.06,0.3273,-0.07215,-0.18817,-0.92318,-0.83,1.08,0.09,0.41014,-0.16957,0.52027,-0.72962,-0.81,1.09,0.1,0.16476,0.0007,0.47036,-0.86696,-0.8,1.1,0.14,0.02091,0.036,0.53975,-0.84079,-0.8,1.1,0.16,0.02091,0.036,0.53975,-0.84079,-0.84,1.08,0.08,0.3273,-0.07215,-0.18817,-0.92318,-0.84,1.12,0.13,-0.01064,-0.11619,-0.11561,-0.98642,-0.83,1.12,0.16,-0.42331,-0.15765,-0.08196,-0.88839,-0.82,1.1,0.18,-0.58481,-0.14279,-0.05696,-0.79647,-0.81,1.08,0.19,-0.58481,-0.14279,-0.05696,-0.79647,-0.85,1.08,0.09,0.3273,-0.07215,-0.18817,-0.92318,-0.86,1.12,0.13,0.03272,-0.11228,-0.17548,-0.97751,-0.85,1.12,0.17,-0.39039,-0.17788,-0.12306,-0.89488,-0.84,1.1,0.19,-0.58101,-0.18265,-0.14238,-0.78025,-0.83,1.08,0.2,-0.58101,-0.18265,-0.14238,-0.78025,-0.87,1.07,0.09,0.3273,-0.07215,-0.18817,-0.92318,-0.87,1.11,0.13,0.11173,-0.08633,-0.23948,-0.96058,-0.87,1.12,0.17,-0.35552,-0.20637,-0.20844,-0.88745,-0.86,1.1,0.19,-0.58739,-0.27626,-0.16818,-0.74187,-0.84,1.08,0.19,-0.58739,-0.27626,-0.16818,-0.74187,-0.88,1.07,0.09,0.25859,-0.01149,-0.4179,-0.87084,-0.89,1.09,0.13,0.17601,-0.07595,-0.31969,-0.92793,-0.89,1.1,0.16,-0.29079,-0.21175,-0.31922,-0.87676,-0.87,1.09,0.18,-0.52539,-0.33912,-0.25245,-0.7384,-0.86,1.08,0.18,-0.52539,-0.33912,-0.25245,-0.7384,-0.7,1.1,0.1,-0.44979,-0.14142,-0.12364,0.87316,-0.68,1.05,0.06,-0.44979,-0.14142,-0.12364,0.87316,-0.72,1.07,0.09,-0.4284,-0.13378,0.6451,0.6184,-0.74,1.08,0.11,-0.24215,0.05469,0.58531,0.77187,-0.75,1.1,0.13,-0.07363,0.13846,0.63516,0.75629,-0.75,1.11,0.16,-0.07363,0.13846,0.63516,0.75629,-0.71,1.08,0.08,-0.44979,-0.14142,-0.12364,0.87316,-0.72,1.13,0.11,-0.01017,-0.1906,0.03316,0.98105,-0.73,1.13,0.15,0.45366,-0.15888,0.0935,0.8719,-0.74,1.11,0.16,0.61308,-0.11064,0.11749,0.77336,-0.74,1.09,0.16,0.61308,-0.11064,0.11749,0.77336,-0.69,1.08,0.09,-0.44979,-0.14142,-0.12364,0.87316,-0.7,1.13,0.12,0.00696,-0.18732,-0.0486,0.98107,-0.71,1.13,0.15,0.56466,-0.18445,0.05358,0.80266,-0.72,1.1,0.16,0.8531,-0.11562,0.04973,0.50634,-0.72,1.08,0.15,0.8531,-0.11562,0.04973,0.50634,-0.68,1.08,0.09,-0.44979,-0.14142,-0.12364,0.87316,-0.68,1.12,0.12,-0.12881,-0.16665,-0.14642,0.96654,-0.69,1.13,0.16,0.53977,-0.24601,-0.03925,0.8041,-0.7,1.11,0.16,0.86774,-0.24173,0.04872,0.43153,-0.71,1.09,0.15,0.86774,-0.24173,0.04872,0.43153,-0.67,1.07,0.1,-0.37279,-0.10974,-0.361,0.84774,-0.67,1.1,0.13,-0.34322,-0.09611,-0.27572,0.89272,-0.67,1.12,0.15,0.37635,-0.28575,-0.21279,0.85524,-0.68,1.11,0.16,0.76697,-0.3911,-0.03915,0.50721,-0.69,1.1,0.15,0.76697,-0.3911,-0.03915,0.50721,-0.81,1.08,0.19
-0.79,1.46,-0.16,-0.79,1.46,-0.16,-0.86,1.1,0.11,0.32487,-0.06843,-0.18516,-0.92493,-0.86,1.06,0.06,0.32487,-0.06843,-0.18516,-0.92493,-0.83,1.08,0.09,0.40556,-0.16687,0.52255,-0.73117,-0.81,1.09,0.1,0.16039,0.00432,0.47172,-0.86702,-0.8,1.1,0.14,0.015,0.04021,0.54023,-0.84043,-0.8,1.1,0.16,0.015,0.04021,0.54023,-0.84043,-0.84,1.08,0.08,0.32487,-0.06843,-0.18516,-0.92493,-0.84,1.12,0.13,-0.0143,-0.1098,-0.11542,-0.98713,-0.83,1.12,0.16,-0.42705,-0.15171,-0.08444,-0.8874,-0.82,1.1,0.18,-0.59015,-0.13754,-0.06002,-0.79322,-0.81,1.08,0.19,-0.59015,-0.13754,-0.06002,-0.79322,-0.85,1.08,0.09,0.32487,-0.06843,-0.18516,-0.92493,-0.86,1.12,0.13,0.02813,-0.10638,-0.17463,-0.97847,-0.85,1.12,0.17,-0.39537,-0.1722,-0.12474,-0.89357,-0.84,1.1,0.19,-0.58644,-0.17727,-0.14502,-0.77693,-0.83,1.08,0.2,-0.58644,-0.17727,-0.14502,-0.77693,-0.87,1.07,0.09,0.32487,-0.06843,-0.18516,-0.92493,-0.87,1.11,0.13,0.10782,-0.08102,-0.2378,-0.96191,-0.87,1.12,0.17,-0.36186,-0.20132,-0.20907,-0.8859,-0.86,1.1,0.19,-0.59522,-0.27181,-0.16971,-0.73691,-0.84,1.08,0.19,-0.59522,-0.27181,-0.16971,-0.73691,-0.88,1.07,0.09,0.25739,-0.00709,-0.41507,-0.87259,-0.89,1.09,0.13,0.17387,-0.07137,-0.31735,-0.9295,-0.89,1.1,0.16,-0.30011,-0.20888,-0.31802,-0.87474,-0.87,1.09,0.17,-0.54157,-0.33833,-0.24942,-0.72802,-0.86,1.08,0.18,-0.54157,-0.33833,-0.24942,-0.72802,-0.7,1.1,0.1,-0.44651,-0.13274,-0.11875,0.87688,-0.69,1.05,0.06,-0.44651,-0.13274,-0.11875,0.87688,-0.72,1.07,0.09,-0.42085,-0.14138,0.64842,0.61843,-0.74,1.08,0.11,-0.23294,0.05026,0.59103,0.77064,-0.75,1.1,0.14,-0.05756,0.14072,0.63904,0.754,-0.75,1.11,0.16,-0.05756,0.14072,0.63904,0.754,-0.71,1.08,0.09,-0.44651,-0.13274,-0.11875,0.87688,-0.72,1.13,0.11,-0.00576,-0.18074,0.03292,0.98296,-0.73,1.13,0.15,0.45647,-0.15035,0.08831,0.87249,-0.74,1.11,0.16,0.61836,-0.10289,0.11119,0.77116,-0.74,1.09,0.17,0.61836,-0.10289,0.11119,0.77116,-0.69,1.08,0.09,-0.44651,-0.13274,-0.11875,0.87688,-0.7,1.13,0.12,0.01774,-0.17755,-0.04729,0.98281,-0.71,1.13,0.16,0.58529,-0.17483,0.05145,0.79008,-0.72,1.1,0.16,0.87593,-0.10322,0.04573,0.46904,-0.72,1.08,0.15,0.87593,-0.10322,0.04573,0.46904,-0.68,1.08,0.09,-0.44651,-0.13274,-0.11875,0.87688,-0.68,1.12,0.12,-0.12889,-0.15407,-0.14706,0.96852,-0.69,1.13,0.16,0.54316,-0.2371,-0.04732,0.80407,-0.7,1.11,0.17,0.87582,-0.23646,0.03985,0.41886,-0.71,1.09,0.15,0.87582,-0.23646,0.03985,0.41886,-0.67,1.07,0.1,-0.37203,-0.10006,-0.35673,0.85107,-0.67,1.1,0.13,-0.37729,-0.07198,-0.27421,0.88163,-0.67,1.13,0.15,0.32638,-0.2666,-0.2315,0.87682,-0.68,1.12,0.16,0.73983,-0.38598,-0.0605,0.54773,-0.69,1.1,0.15,0.73983,-0.38598,-0.0605,0.54773,-0.81,1.08,0.19
-0.79,1.46,-0.16,-0.79,1.46,-0.16,-0.86,1.1,0.11,0.31812,-0.06607,-0.17404,-0.92959,-0.86,1.06,0.05,0.31812,-0.06607,-0.17404,-0.92959,-0.83,1.08,0.09,0.39593,-0.16896,0.53098,-0.7299,-0.81,1.09,0.11,0.15127,0.00606,0.48087,-0.86362,-0.8,1.1,0.14,0.005,0.04323,0.54817,-0.83523,-0.8,1.1,0.16,0.005,0.04323,0.54817,-0.83523,-0.84,1.08,0.08,0.31812,-0.06607,-0.17404,-0.92959,-0.84,1.12,0.13,-0.02168,-0.10205,-0.10704,-0.98877,-0.83,1.12,0.16,-0.43352,-0.14092,-0.08025,-0.88643,-0.82,1.1,0.18,-0.59765,-0.12622,-0.05747,-0.78967,-0.81,1.08,0.19,-0.59765,-0.12622,-0.05747,-0.78967,-0.85,1.08,0.09,0.31812,-0.06607,-0.17404,-0.92959,-0.86,1.12,0.13,0.01908,-0.09881,-0.16586,-0.981,-0.85,1.12,0.17,-0.40603,-0.16168,-0.11984,-0.89142,-0.84,1.1,0.19,-0.59893,-0.16562,-0.14209,-0.7705,-0.83,1.08,0.2,-0.59893,-0.16562,-0.14209,-0.7705,-0.87,1.07,0.09,0.31812,-0.06607,-0.17404,-0.92959,-0.87,1.11,0.13,0.0995,-0.07429,-0.22822,-0.96566,-0.87,1.12,0.17,-0.37668,-0.19185,-0.20297,-0.88324,-0.86,1.1,0.19,-0.61401,-0.26152,-0.16547,-0.7261,-0.84,1.08,0.19,-0.61401,-0.26152,-0.16547,-0.7261,-0.88,1.07,0.09,0.25283,-0.00255,-0.40437,-0.87895,-0.89,1.09,0.13,0.16803,-0.0656,-0.30717,-0.9344,-0.89,1.1,0.16,-0.31732,-0.20195,-0.31021,-0.87309,-0.88,1.09,0.17,-0.56825,-0.33238,-0.24071,-0.71321,-0.86,1.08,0.18,-0.56825,-0.33238,-0.24071,-0.71321,-0.7,1.1,0.11,-0.41905,-0.13197,-0.10735,0.89189,-0.69,1.06,0.07,-0.41905,-0.13197,-0.10735,0.89189,-0.73,1.07,0.09,-0.41624,-0.18149,0.64183,0.61795,-0.75,1.08,0.11,-0.23411,0.00344,0.59636,0.76781,-0.76,1.09,0.14,-0.07178,0.08799,0.65456,0.74744,-0.76,1.1,0.16,-0.07178,0.08799,0.65456,0.74744,-0.71,1.08,0.09,-0.41905,-0.13197,-0.10735,0.89189,-0.73,1.13,0.12,-0.13119,-0.18629,0.01266,0.97361,-0.74,1.14,0.15,0.19591,-0.17704,0.04704,0.96336,-0.75,1.13,0.17,0.33371,-0.14252,0.06012,0.9299,-0.75,1.11,0.19,0.33371,-0.14252,0.06012,0.9299,-0.7,1.08,0.09,-0.41905,-0.13197,-0.10735,0.89189,-0.7,1.13,0.12,-0.04064,-0.16842,-0.05242,0.98348,-0.72,1.13,0.16,0.4395,-0.17494,0.02238,0.88076,-0.73,1.11,0.18,0.73895,-0.13465,0.01018,0.66009,-0.73,1.09,0.18,0.73895,-0.13465,0.01018,0.66009,-0.68,1.08,0.1,-0.41905,-0.13197,-0.10735,0.89189,-0.69,1.12,0.13,-0.16665,-0.13629,-0.14772,0.96531,-0.7,1.13,0.16,0.44268,-0.2211,-0.07526,0.86573,-0.71,1.11,0.18,0.78999,-0.24421,-0.00134,0.56238,-0.71,1.09,0.17,0.78999,-0.24421,-0.00134,0.56238,-0.68,1.07,0.1,-0.34693,-0.09131,-0.34497,0.86735,-0.67,1.1,0.13,-0.37543,-0.05864,-0.26153,0.88725,-0.67,1.12,0.15,0.30229,-0.24118,-0.23809,0.89093,-0.68,1.12,0.17,0.72164,-0.36833,-0.08196,0.58039,-0.69,1.1,0.16,0.72164,-0.36833,-0.08196,0.58039,-0.81,1.08,0.19
-0.79,1.46,-0.16,-0.79,1.46,-0.16,-0.85,1.1,0.11,0.31865,-0.06578,-0.16252,-0.93152,-0.86,1.06,0.05,0.31865,-0.06578,-0.16252,-0.93152,-0.83,1.08,0.09,0.39295,-0.16929,0.54007,-0.72474,-0.81,1.09,0.11,0.14806,0.01003,0.49023,-0.85887,-0.8,1.1,0.14,0.00142,0.04864,0.55628,-0.82957,-0.8,1.1,0.16,0.00142,0.04864,0.55628,-0.82957,-0.84,1.08,0.08,0.31865,-0.06578,-0.16252,-0.93152,-0.83,1.12,0.13,-0.02135,-0.09726,-0.09667,-0.99032,-0.83,1.12,0.16,-0.43243,-0.13215,-0.07306,-0.88894,-0.82,1.1,0.18,-0.59716,-0.11624,-0.05208,-0.79194,-0.81,1.08,0.19,-0.59716,-0.11624,-0.05208,-0.79194,-0.85,1.08,0.09,0.31865,-0.06578,-0.16252,-0.93152,-0.86,1.12,0.13,0.01864,-0.0944,-0.15543,-0.98315,-0.85,1.12,0.17,-0.40675,-0.15314,-0.11245,-0.89357,-0.84,1.1,0.19,-0.60218,-0.15592,-0.13664,-0.77098,-0.83,1.08,0.2,-0.60218,-0.15592,-0.13664,-0.77098,-0.87,1.08,0.09,0.31865,-0.06578,-0.16252,-0.93152,-0.87,1.11,0.13,0.09952,-0.07092,-0.21752,-0.96837,-0.87,1.12,0.17,-0.38045,-0.18432,-0.19488,-0.88505,-0.86,1.1,0.19,-0.62221,-0.25255,-0.15901,-0.72373,-0.84,1.08,0.19,-0.62221,-0.25255,-0.15901,-0.72373,-0.88,1.07,0.09,0.25498,-0.0019,-0.3937,-0.88317,-0.89,1.09,0.13,0.16931,-0.06311,-0.29643,-0.93781,-0.89,1.1,0.16,-0.32127,-0.19583,-0.30168,-0.87603,-0.88,1.09,0.17,-0.57831,-0.3254,-0.23281,-0.71097,-0.86,1.08,0.18,-0.57831,-0.3254,-0.23281,-0.71097,-0.7,1.09,0.12,-0.32949,-0.13009,-0.09762,0.93005,-0.69,1.06,0.07,-0.32949,-0.13009,-0.09762,0.93005,-0.73,1.07,0.1,-0.39367,-0.2376,0.60354,0.65139,-0.75,1.07,0.11,-0.20471,-0.06361,0.573,0.79102,-0.76,1.08,0.14,-0.07771,-0.0124,0.64627,0.75904,-0.77,1.09,0.17,-0.07771,-0.0124,0.64627,0.75904,-0.72,1.07,0.1,-0.32949,-0.13009,-0.09762,0.93005,-0.73,1.11,0.14,-0.01325,-0.18856,0.02322,0.9817,-0.74,1.11,0.17,0.30803,-0.17283,0.05697,0.93381,-0.75,1.1,0.19,0.43113,-0.13636,0.0709,0.88911,-0.75,1.08,0.2,0.43113,-0.13636,0.0709,0.88911,-0.7,1.07,0.1,-0.32949,-0.13009,-0.09762,0.93005,-0.71,1.11,0.14,-0.05503,-0.15321,-0.06549,0.98449,-0.72,1.12,0.18,0.3537,-0.16789,-0.00987,0.92012,-0.73,1.1,0.2,0.58459,-0.15053,-0.03246,0.79658,-0.73,1.08,0.21,0.58459,-0.15053,-0.03246,0.79658,-0.68,1.07,0.1,-0.32949,-0.13009,-0.09762,0.93005,-0.69,1.1,0.14,-0.15232,-0.11067,-0.14834,0.97085,-0.7,1.12,0.18,0.38498,-0.19317,-0.10578,0.89626,-0.71,1.1,0.19,0.68473,-0.23602,-0.05871,0.68702,-0.72,1.08,0.2,0.68473,-0.23602,-0.05871,0.68702,-0.68,1.07,0.11,-0.26129,-0.06541,-0.33092,0.9044,-0.67,1.09,0.14,-0.28194,-0.05311,-0.24192,0.92691,-0.67,1.11,0.17,0.33115,-0.1993,-0.24242,0.88986,-0.68,1.1,0.18,0.6819,-0.32589,-0.14033,0.63962,-0.7,1.08,0.18,0.6819,-0.32589,-0.14033,0.63962,-0.81,1.08,0.19
-0.79,1.46,-0.16,-0.79,1.46,-0.16,-0.85,1.1,0.11,0.32096,-0.06364,-0.15318,-0.93245,-0.86,1.06,0.05,0.32096,-0.06364,-0.15318,-0.93245,-0.83,1.08,0.09,0.39219,-0.16772,0.54661,-0.72061,-0.8,1.09,0.11,0.14638,0.01507,0.4964,-0.85553,-0.8,1.1,0.14,-0.00085,0.05477,0.56125,-0.82583,-0.8,1.1,0.16,-0.00085,0.05477,0.56125,-0.82583,-0.84,1.08,0.08,0.32096,-0.06364,-0.15318,-0.93245,-0.83,1.12,0.13,-0.01951,-0.0926,-0.08814,-0.9916,-0.83,1.12,0.16,-0.42708,-0.12411,-0.06785,-0.89309,-0.82,1.1,0.18,-0.59177,-0.1073,-0.04878,-0.79744,-0.82,1.08,0.19,-0.59177,-0.1073,-0.04878,-0.79744,-0.85,1.08,0.09,0.32096,-0.06364,-0.15318,-0.93245,-0.86,1.12,0.13,0.01943,-0.08963,-0.14718,-0.98485,-0.85,1.12,0.17,-0.40227,-0.14478,-0.10778,-0.89755,-0.84,1.1,0.19,-0.59834,-0.14709,-0.13415,-0.77611,-0.83,1.08,0.2,-0.59834,-0.14709,-0.13415,-0.77611,-0.87,1.08,0.09,0.32096,-0.06364,-0.15318,-0.93245,-0.87,1.11,0.13,0.1004,-0.06703,-0.20907,-0.97042,-0.87,1.12,0.17,-0.38004,-0.17678,-0.18954,-0.88791,-0.86,1.1,0.19,-0.62386,-0.24404,-0.15589,-0.72591,-0.84,1.08,0.19,-0.62386,-0.24404,-0.15589,-0.72591,-0.88,1.07,0.09,0.25895,0.0,-0.38521,-0.88575,-0.89,1.09,0.13,0.1721,-0.05961,-0.28802,-0.94014,-0.89,1.1,0.16,-0.32013,-0.18904,-0.29622,-0.87979,-0.88,1.09,0.17,-0.57992,-0.31769,-0.22939,-0.71425,-0.86,1.08,0.18,-0.57992,-0.31769,-0.22939,-0.71425,-0.7,1.08,0.13,-0.25885,-0.12057,-0.07287,0.95559,-0.69,1.06,0.07,-0.25885,-0.12057,-0.07287,0.95559,-0.72,1.06,0.1,-0.37006,-0.24706,0.58053,0.68191,-0.75,1.07,0.12,-0.19221,-0.08994,0.5487,0.80864,-0.76,1.07,0.15,-0.10553,-0.07456,0.6267,0.76848,-0.77,1.08,0.17,-0.10553,-0.07456,0.6267,0.76848,-0.71,1.07,0.1,-0.25885,-0.12057,-0.07287,0.95559,-0.73,1.1,0.15,0.11898,-0.16975,0.04915,0.97704,-0.74,1.09,0.18,0.43533,-0.14288,0.07606,0.8856,-0.74,1.07,0.2,0.54694,-0.1034,0.08921,0.82596,-0.75,1.05,0.21,0.54694,-0.1034,0.08921,0.82596,-0.7,1.07,0.1,-0.25885,-0.12057,-0.07287,0.95559,-0.71,1.1,0.15,-0.00976,-0.12716,-0.05287,0.99042,-0.72,1.1,0.19,0.38462,-0.13826,-0.01097,0.9126,-0.72,1.08,0.21,0.57671,-0.12073,-0.04262,0.80685,-0.73,1.06,0.22,0.57671,-0.12073,-0.04262,0.80685,-0.68,1.07,0.11,-0.25885,-0.12057,-0.07287,0.95559,-0.69,1.09,0.15,-0.1155,-0.08592,-0.127,0.9814,-0.69,1.1,0.19,0.40258,-0.1576,-0.10458,0.89563,-0.7,1.08,0.21,0.66493,-0.20095,-0.07832,0.71509,-0.71,1.06,0.21,0.66493,-0.20095,-0.07832,0.71509,-0.67,1.06,0.11,-0.19789,-0.03754,-0.3025,0.93162,-0.67,1.08,0.15,-0.21547,-0.05121,-0.20852,0.95261,-0.67,1.09,0.18,0.36675,-0.16476,-0.2229,0.88807,-0.68,1.08,0.19,0.67207,-0.27893,-0.1559,0.66799,-0.69,1.06,0.19,0.67207,-0.27893,-0.1559,0.66799,-0.81,1.08,0.19
-0.79,1.46,-0.16,-0.79,1.46,-0.16,-0.86,1.1,0.11,0.32575,-0.0616,-0.15378,-0.93083,-0.86,1.06,0.05,0.32575,-0.0616,-0.15378,-0.93083,-0.83,1.08,0.09,0.39696,-0.1625,0.54493,-0.72046,-0.81,1.09,0.11,0.15138,0.01899,0.49295,-0.85658,-0.8,1.1,0.14,0.00169,0.05992,0.5573,-0.82815,-0.8,1.1,0.16,0.00169,0.05992,0.5573,-0.82815,-0.84,1.08,0.08,0.32575,-0.0616,-0.15378,-0.93083,-0.83,1.12,0.13,-0.01575,-0.092,-0.08849,-0.99169,-0.83,1.12,0.16,-0.42048,-0.12355,-0.06884,-0.89621,-0.82,1.1,0.18,-0.58426,-0.10686,-0.05032,-0.80292,-0.82,1.08,0.19,-0.58426,-0.10686,-0.05032,-0.80292,-0.85,1.08,0.09,0.32575,-0.0616,-0.15378,-0.93083,-0.86,1.12,0.13,0.02282,-0.08901,-0.14777,-0.98474,-0.85,1.12,0.17,-0.3937,-0.14386,-0.10943,-0.90129,-0.84,1.1,0.19,-0.58873,-0.14694,-0.1363,-0.78309,-0.83,1.08,0.2,-0.58873,-0.14694,-0.1363,-0.78309,-0.87,1.08,0.09,0.32575,-0.0616,-0.15378,-0.93083,-0.87,1.11,0.13,0.10432,-0.06607,-0.21001,-0.96987,-0.87,1.12,0.17,-0.37245,-0.17576,-0.19142,-0.89092,-0.86,1.1,0.19,-0.61561,-0.24359,-0.15827,-0.73255,-0.84,1.08,0.19,-0.61561,-0.24359,-0.15827,-0.73255,-0.88,1.07,0.09,0.26396,0.00074,-0.38617,-0.88385,-0.89,1.09,0.13,0.1758,-0.05904,-0.28893,-0.93922,-0.89,1.1,0.16,-0.31428,-0.1886,-0.29764,-0.88152,-0.88,1.09,0.17,-0.57227,-0.31708,-0.23163,-0.71994,-0.86,1.08,0.18,-0.57227,-0.31708,-0.23163,-0.71994,-0.71,1.09,0.13,-0.29553,-0.14165,-0.0833,0.94109,-0.69,1.06,0.07,-0.29553,-0.14165,-0.0833,0.94109,-0.73,1.07,0.1,-0.42771,-0.20998,0.56144,0.67657,-0.75,1.08,0.12,-0.27707,-0.0811,0.5146,0.80737,-0.77,1.09,0.15,-0.21941,-0.08274,0.59635,0.76771,-0.78,1.1,0.17,-0.21941,-0.08274,0.59635,0.76771,-0.72,1.07,0.1,-0.29553,-0.14165,-0.0833,0.94109,-0.73,1.11,0.14,0.03962,-0.19292,0.04058,0.97958,-0.75,1.11,0.18,0.36446,-0.16942,0.07608,0.91251,-0.75,1.09,0.19,0.48068,-0.13026,0.09055,0.86243,-0.76,1.07,0.21,0.48068,-0.13026,0.09055,0.86243,-0.7,1.07,0.1,-0.29553,-0.14165,-0.0833,0.94109,-0.71,1.11,0.15,-0.04668,-0.14928,-0.05855,0.98596,-0.72,1.12,0.19,0.36993,-0.1614,-0.00376,0.91492,-0.73,1.1,0.21,0.57493,-0.14241,-0.02991,0.80516,-0.74,1.08,0.21,0.57493,-0.14241,-0.02991,0.80516,-0.68,1.07,0.11,-0.29553,-0.14165,-0.0833,0.94109,-0.69,1.1,0.15,-0.14085,-0.11231,-0.13463,0.97438,-0.7,1.12,0.19,0.40235,-0.18743,-0.09258,0.8913,-0.71,1.1,0.2,0.67236,-0.22537,-0.0555,0.7029,-0.72,1.08,0.2,0.67236,-0.22537,-0.0555,0.7029,-0.68,1.07,0.11,-0.22783,-0.06776,-0.31436,0.91906,-0.68,1.09,0.15,-0.23511,-0.07824,-0.22079,0.94332,-0.68,1.11,0.18,0.36362,-0.19915,-0.21445,0.88438,-0.69,1.09,0.19,0.67647,-0.30841,-0.13118,0.65579,-0.7,1.08,0.19,0.67647,-0.30841,-0.13118,0.65579,-0.81,1.08,0.19
-0.79,1.46,-0.16,-0.79,1.46,-0.16,-0.86,1.1,0.11,0.3296,-0.06153,-0.15816,-0.92874,-0.86,1.06,0.05,0.3296,-0.06153,-0.15816,-0.92874,-0.83,1.08,0.09,0.40269,-0.15738,0.54043,-0.72181,-0.81,1.09,0.11,0.1576,0.02138,0.48668,-0.85898,-0.8,1.1,0.14,0.00595,0.06284,0.55101,-0.83211,-0.8,1.11,0.16,0.00595,0.06284,0.55101,-0.83211,-0.84,1.08,0.08,0.3296,-0.06153,-0.15816,-0.92874,-0.83,1.12,0.13,-0.01411,-0.09476,-0.09149,-0.99119,-0.83,1.12,0.16,-0.419,-0.12735,-0.07041,-0.89625,-0.82,1.11,0.18,-0.58204,-0.11084,-0.05133,-0.80394,-0.82,1.08,0.19,-0.58204,-0.11084,-0.05133,-0.80394,-0.85,1.08,0.09,0.3296,-0.06153,-0.15816,-0.92874,-0.86,1.12,0.13,0.0241,-0.09184,-0.15105,-0.98396,-0.85,1.12,0.17,-0.39205,-0.1478,-0.11124,-0.90116,-0.84,1.11,0.19,-0.58636,-0.15117,-0.13726,-0.78389,-0.83,1.08,0.2,-0.58636,-0.15117,-0.13726,-0.78389,-0.87,1.08,0.09,0.3296,-0.06153,-0.15816,-0.92874,-0.87,1.11,0.13,0.10499,-0.0686,-0.21379,-0.9688,-0.87,1.12,0.17,-0.3699,-0.1795,-0.19373,-0.89074,-0.86,1.1,0.18,-0.61199,-0.24771,-0.15959,-0.73392,-0.84,1.08,0.19,-0.61199,-0.24771,-0.15959,-0.73392,-0.88,1.07,0.09,0.26712,-0.00036,-0.39052,-0.88099,-0.89,1.09,0.13,0.17636,-0.06183,-0.29295,-0.93769,-0.89,1.1,0.16,-0.31186,-0.19258,-0.29993,-0.88074,-0.88,1.09,0.17,-0.56738,-0.32091,-0.23325,-0.72159,-0.86,1.08,0.18,-0.56738,-0.32091,-0.23325,-0.72159,-0.71,1.1,0.12,-0.32191,-0.16967,-0.09466,0.92662,-0.69,1.06,0.07,-0.32191,-0.16967,-0.09466,0.92662,-0.73,1.07,0.1,-0.45643,-0.20361,0.56043,0.6604,-0.76,1.08,0.11,-0.31335,-0.08124,0.51136,0.79607,-0.77,1.1,0.14,-0.27292,-0.09201,0.59379,0.75131,-0.78,1.11,0.16,-0.27292,-0.09201,0.59379,0.75131,-0.72,1.08,0.1,-0.32191,-0.16967,-0.09466,0.92662,-0.74,1.12,0.14,-0.07305,-0.22942,0.02318,0.97031,-0.76,1.12,0.17,0.24103,-0.21363,0.06867,0.94422,-0.76,1.11,0.19,0.36198,-0.1765,0.08518,0.91135,-0.77,1.1,0.2,0.36198,-0.1765,0.08518,0.91135,-0.71,1.08,0.1,-0.32191,-0.16967,-0.09466,0.92662,-0.72,1.12,0.14,-0.07855,-0.17479,-0.06618,0.97923,-0.73,1.13,0.18,0.3959,-0.18776,0.01176,0.89882,-0.74,1.11,0.2,0.64549,-0.15942,-0.00291,0.74694,-0.75,1.08,0.2,0.64549,-0.15942,-0.00291,0.74694,-0.69,1.08,0.11,-0.32191,-0.16967,-0.09466,0.92662,-0.7,1.11,0.14,-0.14259,-0.14076,-0.14192,0.96939,-0.71,1.12,0.18,0.45152,-0.21939,-0.0716,0.8619,-0.72,1.1,0.19,0.74608,-0.24498,-0.0154,0.61896,-0.73,1.08,0.19,0.74608,-0.24498,-0.0154,0.61896,-0.68,1.07,0.11,-0.24624,-0.10259,-0.32555,0.90712,-0.68,1.1,0.15,-0.23671,-0.09694,-0.23616,0.93744,-0.69,1.11,0.17,0.40273,-0.23269,-0.20663,0.8608,-0.7,1.1,0.18,0.7294,-0.33811,-0.09925,0.58635,-0.71,1.08,0.18,0.7294,-0.33811,-0.09925,0.58635,-0.81,1.08,0.19
-0.79,1.46,-0.16,-0.79,1.46,-0.16,-0.86,1.1,0.11,0.32701,-0.06119,-0.1598,-0.9294,-0.86,1.06,0.05,0.32701,-0.06119,-0.1598,-0.9294,-0.83,1.08,0.09,0.40077,-0.15748,0.53915,-0.72381,-0.81,1.09,0.11,0.15652,0.02029,0.48536,-0.85995,-0.8,1.1,0.14,0.00318,0.06257,0.54961,-0.83307,-0.8,1.1,0.16,0.00318,0.06257,0.54961,-0.83307,-0.84,1.08,0.08,0.32701,-0.06119,-0.1598,-0.9294,-0.83,1.12,0.13,-0.01692,-0.09644,-0.09207,-0.99093,-0.83,1.12,0.16,-0.42017,-0.12895,-0.07046,-0.89547,-0.82,1.1,0.18,-0.58284,-0.1124,-0.05108,-0.80316,-0.82,1.08,0.19,-0.58284,-0.1124,-0.05108,-0.80316,-0.85,1.08,0.09,0.32701,-0.06119,-0.1598,-0.9294,-0.86,1.12,0.13,0.02121,-0.09259,-0.15223,-0.98377,-0.85,1.12,0.17,-0.39347,-0.14879,-0.11219,-0.90025,-0.84,1.1,0.19,-0.58645,-0.15214,-0.13804,-0.7835,-0.83,1.08,0.2,-0.58645,-0.15214,-0.13804,-0.7835,-0.87,1.08,0.09,0.32701,-0.06119,-0.1598,-0.9294,-0.87,1.11,0.13,0.10128,-0.0687,-0.21526,-0.96886,-0.87,1.12,0.17,-0.37122,-0.17972,-0.19539,-0.88979,-0.86,1.1,0.19,-0.61209,-0.24822,-0.16134,-0.73328,-0.84,1.08,0.19,-0.61209,-0.24822,-0.16134,-0.73328,-0.88,1.07,0.09,0.26445,0.00057,-0.39188,-0.88119,-0.89,1.09,0.13,0.17165,-0.06221,-0.29438,-0.93809,-0.89,1.1,0.16,-0.31418,-0.19258,-0.30129,-0.87945,-0.88,1.09,0.17,-0.56791,-0.32096,-0.2351,-0.72055,-0.86,1.08,0.18,-0.56791,-0.32096,-0.2351,-0.72055,-0.71,1.1,0.12,-0.32249,-0.15098,-0.08003,0.93102,-0.69,1.06,0.07,-0.32249,-0.15098,-0.08003,0.93102,-0.73,1.07,0.1,-0.42702,-0.18888,0.59113,0.65768,-0.75,1.08,0.12,-0.28304,-0.05445,0.54044,0.79047,-0.77,1.09,0.14,-0.23582,-0.06443,0.61998,0.74556,-0.78,1.1,0.16,-0.23582,-0.06443,0.61998,0.74556,-0.72,1.08,0.1,-0.32249,-0.15098,-0.08003,0.93102,-0.74,1.12,0.14,-0.0472,-0.21043,0.04061,0.97562,-0.75,1.12,0.17,0.28092,-0.18827,0.08196,0.93751,-0.76,1.11,0.19,0.40427,-0.14871,0.09698,0.89724,-0.76,1.09,0.2,0.40427,-0.14871,0.09698,0.89724,-0.7,1.08,0.1,-0.32249,-0.15098,-0.08003,0.93102,-0.72,1.12,0.14,-0.0896,-0.14445,-0.06319,0.98342,-0.73,1.13,0.18,0.41962,-0.15963,0.00559,0.89354,-0.73,1.11,0.2,0.69053,-0.13076,-0.0145,0.71124,-0.74,1.08,0.2,0.69053,-0.13076,-0.0145,0.71124,-0.69,1.08,0.1,-0.32249,-0.15098,-0.08003,0.93102,-0.7,1.11,0.14,-0.15316,-0.11011,-0.1361,0.97257,-0.7,1.12,0.18,0.46511,-0.19341,-0.08038,0.86012,-0.71,1.1,0.19,0.7744,-0.22314,-0.02874,0.59135,-0.72,1.08,0.19,0.7744,-0.22314,-0.02874,0.59135,-0.68,1.07,0.11,-0.25265,-0.08373,-0.31272,0.91179,-0.68,1.1,0.15,-0.24457,-0.06675,-0.22608,0.94054,-0.68,1.11,0.17,0.40241,-0.20497,-0.21644,0.86557,-0.69,1.1,0.18,0.74151,-0.31924,-0.115,0.57881,-0.7,1.08,0.18,0.74151,-0.31924,-0.115,0.57881,-0.81,1.08,0.19
-0.79,1.46,-0.16,-0.79,1.46,-0.16,-0.86,1.1,0.11,0.32554,-0.06081,-0.1592,-0.93004,-0.86,1.06,0.05,0.32554,-0.06081,-0.1592,-0.93004,-0.83,1.08,0.09,0.39865,-0.15794,0.54008,-0.72419,-0.81,1.09,0.11,0.15512,0.01991,0.48641,-0.85962,-0.8,1.1,0.14,0.00164,0.06239,0.55058,-0.83245,-0.8,1.1,0.16,0.00164,0.06239,0.55058,-0.83245,-0.84,1.08,0.09,0.32554,-0.06081,-0.1592,-0.93004,-0.83,1.12,0.13,-0.01987,-0.09693,-0.09079,-0.99094,-0.83,1.12,0.16,-0.42217,-0.12874,-0.0692,-0.89466,-0.82,1.1,0.18,-0.58416,-0.11191,-0.0499,-0.80234,-0.82,1.08,0.19,-0.58416,-0.11191,-0.0499,-0.80234,-0.85,1.08,0.09,0.32554,-0.06081,-0.1592,-0.93004,-0.86,1.12,0.13,0.01891,-0.09237,-0.15152,-0.98395,-0.85,1.12,0.17,-0.39484,-0.14817,-0.11176,-0.89981,-0.84,1.1,0.19,-0.58729,-0.15131,-0.13777,-0.78308,-0.83,1.08,0.2,-0.58729,-0.15131,-0.13777,-0.78308,-0.87,1.08,0.09,0.32554,-0.06081,-0.1592,-0.93004,-0.87,1.11,0.13,0.09835,-0.06861,-0.2145,-0.96933,-0.87,1.12,0.17,-0.37279,-0.17891,-0.19504,-0.88937,-0.86,1.1,0.19,-0.61342,-0.2473,-0.16129,-0.73249,-0.84,1.08,0.19,-0.61342,-0.2473,-0.16129,-0.73249,-0.88,1.07,0.09,0.26317,0.00134,-0.39124,-0.88185,-0.89,1.09,0.13,0.16818,-0.06225,-0.29376,-0.93891,-0.89,1.1,0.16,-0.31632,-0.19162,-0.30095,-0.87901,-0.88,1.09,0.17,-0.5696,-0.31988,-0.23527,-0.71964,-0.86,1.08,0.18,-0.5696,-0.31988,-0.23527,-0.71964,-0.71,1.1,0.12,-0.31487,-0.14739,-0.07657,0.93449,-0.69,1.06,0.07,-0.31487,-0.14739,-0.07657,0.93449,-0.73,1.07,0.1,-0.40716,-0.19644,0.60402,0.65635,-0.75,1.08,0.12,-0.25791,-0.05285,0.55659,0.78797,-0.77,1.09,0.14,-0.20434,-0.05985,0.63433,0.74316,-0.77,1.1,0.17,-0.20434,-0.05985,0.63433,0.74316,-0.72,1.08,0.1,-0.31487,-0.14739,-0.07657,0.93449,-0.74,1.11,0.14,-0.02649,-0.20521,0.04486,0.97733,-0.75,1.12,0.17,0.32939,-0.17875,0.08978,0.92276,-0.76,1.1,0.19,0.46629,-0.13596,0.10776,0.86746,-0.76,1.08,0.2,0.46629,-0.13596,0.10776,0.86746,-0.7,1.08,0.1,-0.31487,-0.14739,-0.07657,0.93449,-0.71,1.12,0.14,-0.08855,-0.1356,-0.06378,0.98474,-0.73,1.13,0.18,0.42625,-0.15226,0.00148,0.8917,-0.73,1.1,0.2,0.70163,-0.12419,-0.02021,0.70134,-0.74,1.08,0.2,0.70163,-0.12419,-0.02021,0.70134,-0.69,1.08,0.1,-0.31487,-0.14739,-0.07657,0.93449,-0.7,1.11,0.14,-0.16403,-0.0979,-0.13715,0.97196,-0.7,1.12,0.18,0.45717,-0.18489,-0.08803,0.86549,-0.71,1.1,0.19,0.77199,-0.21867,-0.03819,0.59561,-0.72,1.08,0.19,0.77199,-0.21867,-0.03819,0.59561,-0.68,1.07,0.11,-0.24644,-0.07812,-0.30909,0.91522,-0.68,1.1,0.15,-0.25167,-0.05331,-0.22366,0.94011,-0.68,1.11,0.17,0.39164,-0.19272,-0.22361,0.87148,-0.69,1.1,0.18,0.73787,-0.31237,-0.12479,0.58515,-0.7,1.08,0.18,0.73787,-0.31237,-0.12479,0.58515,-0.81,1.08,0.19
-0.79,1.46,-0.16,-0.79,1.46,-0.16,-0.86,1.1,0.11,0.32436,-0.06039,-0.15825,-0.93065,-0.86,1.06,0.05,0.32436,-0.06039,-0.15825,-0.93065,-0.83,1.08,0.09,0.39625,-0.15867,0.54164,-0.72418,-0.81,1.09,0.11,0.1529,0.01989,0.48821,-0.859,-0.8,1.1,0.14,-0.0002,0.06227,0.55226,-0.83134,-0.8,1.1,0.16,-0.0002,0.06227,0.55226,-0.83134,-0.84,1.08,0.09,0.32436,-0.06039,-0.15825,-0.93065,-0.83,1.12,0.13,-0.02132,-0.09691,-0.08951,-0.99103,-0.83,1.12,0.16,-0.42231,-0.12807,-0.06823,-0.89476,-0.82,1.1,0.18,-0.5834,-0.111,-0.0492,-0.80306,-0.82,1.08,0.19,-0.5834,-0.111,-0.0492,-0.80306,-0.85,1.08,0.09,0.32436,-0.06039,-0.15825,-0.93065,-0.86,1.12,0.13,0.01675,-0.09229,-0.15029,-0.98418,-0.85,1.12,0.17,-0.39694,-0.14756,-0.11067,-0.89912,-0.84,1.1,0.19,-0.58925,-0.15035,-0.13681,-0.78196,-0.83,1.08,0.2,-0.58925,-0.15035,-0.13681,-0.78196,-0.87,1.08,0.09,0.32436,-0.06039,-0.15825,-0.93065,-0.87,1.11,0.13,0.0959,-0.06842,-0.21341,-0.96984,-0.87,1.12,0.17,-0.37545,-0.17818,-0.19417,-0.88859,-0.86,1.1,0.19,-0.61602,-0.24632,-0.16067,-0.73077,-0.84,1.08,0.19,-0.61602,-0.24632,-0.16067,-0.73077,-0.88,1.07,0.09,0.26224,0.0021,-0.39028,-0.88256,-0.89,1.09,0.13,0.16535,-0.06186,-0.29293,-0.93969,-0.89,1.1,0.16,-0.31983,-0.19089,-0.30029,-0.87812,-0.88,1.09,0.17,-0.57327,-0.31911,-0.23482,-0.71722,-0.86,1.08,0.18,-0.57327,-0.31911,-0.23482,-0.71722,-0.71,1.1,0.12,-0.30569,-0.15326,-0.07617,0.93662,-0.69,1.06,0.07,-0.30569,-0.15326,-0.07617,0.93662,-0.73,1.07,0.1,-0.40507,-0.21326,0.60055,0.65558,-0.75,1.08,0.11,-0.25118,-0.06736,0.55776,0.78821,-0.77,1.09,0.14,-0.19531,-0.07196,0.63562,0.74341,-0.78,1.09,0.16,-0.19531,-0.07196,0.63562,0.74341,-0.72,1.08,0.1,-0.30569,-0.15326,-0.07617,0.93662,-0.74,1.11,0.14,-0.05382,-0.21305,0.03753,0.97484,-0.75,1.12,0.17,0.29713,-0.18994,0.08462,0.93192,-0.76,1.1,0.19,0.44086,-0.14762,0.10436,0.87918,-0.76,1.09,0.2,0.44086,-0.14762,0.10436,0.87918,-0.7,1.08,0.1,-0.30569,-0.15326,-0.07617,0.93662,-0.72,1.12,0.14,-0.09683,-0.14017,-0.06428,0.98328,-0.73,1.12,0.18,0.40654,-0.1566,0.00136,0.90011,-0.73,1.1,0.2,0.68208,-0.13013,-0.01959,0.71934,-0.74,1.08,0.2,0.68208,-0.13013,-0.01959,0.71934,-0.69,1.08,0.1,-0.30569,-0.15326,-0.07617,0.93662,-0.7,1.11,0.14,-0.17274,-0.09954,-0.13771,0.9702,-0.7,1.12,0.18,0.43866,-0.18592,-0.08926,0.87467,-0.71,1.1,0.19,0.75556,-0.22092,-0.03949,0.61543,-0.72,1.08,0.19,0.75556,-0.22092,-0.03949,0.61543,-0.68,1.07,0.11,-0.23635,-0.0816,-0.30775,0.91803,-0.68,1.1,0.15,-0.25743,-0.05241,-0.22253,0.93886,-0.68,1.11,0.17,0.37387,-0.18891,-0.22534,0.87963,-0.69,1.1,0.18,0.72474,-0.30994,-0.12776,0.60197,-0.7,1.08,0.18,0.72474,-0.30994,-0.12776,0.60197,-0.81,1.08,0.19
-0.79,1.46,-0.16,-0.79,1.46,-0.16,-0.86,1.1,0.11,0.32348,-0.06042,-0.15813,-0.93097,-0.86,1.06,0.06,0.32348,-0.06042,-0.15813,-0.93097,-0.83,1.08,0.09,0.39563,-0.15893,0.5416,-0.72449,-0.81,1.09,0.11,0.15207,0.01976,0.48826,-0.85912,-0.8,1.1,0.14,-0.0007,0.06186,0.55235,-0.83132,-0.8,1.1,0.16,-0.0007,0.06186,0.55235,-0.83132,-0.84,1.08,0.09,0.32348,-0.06042,-0.15813,-0.93097,-0.83,1.12,0.13,-0.0218,-0.09713,-0.08925,-0.99102,-0.83,1.12,0.17,-0.41951,-0.1279,-0.06838,-0.89609,-0.82,1.1,0.18,-0.57818,-0.11067,-0.0499,-0.80682,-0.82,1.08,0.19,-0.57818,-0.11067,-0.0499,-0.80682,-0.85,1.08,0.09,0.32348,-0.06042,-0.15813,-0.93097,-0.86,1.12,0.13,0.01621,-0.09305,-0.14961,-0.98422,-0.85,1.12,0.17,-0.39601,-0.14779,-0.10998,-0.89958,-0.84,1.1,0.19,-0.58722,-0.15036,-0.13622,-0.78359,-0.83,1.08,0.2,-0.58722,-0.15036,-0.13622,-0.78359,-0.87,1.08,0.09,0.32348,-0.06042,-0.15813,-0.93097,-0.87,1.11,0.13,0.09665,-0.06842,-0.21316,-0.96982,-0.87,1.12,0.17,-0.37493,-0.17813,-0.19391,-0.88887,-0.86,1.1,0.19,-0.61515,-0.24614,-0.16055,-0.73159,-0.84,1.08,0.19,-0.61515,-0.24614,-0.16055,-0.73159,-0.88,1.07,0.09,0.26139,0.0023,-0.39011,-0.88288,-0.89,1.09,0.13,0.1662,-0.06088,-0.29293,-0.93961,-0.89,1.1,0.16,-0.32098,-0.19075,-0.30044,-0.87768,-0.88,1.09,0.17,-0.57474,-0.31916,-0.23484,-0.71601,-0.86,1.08,0.18,-0.57474,-0.31916,-0.23484,-0.71601,-0.71,1.09,0.12,-0.28122,-0.15565,-0.06209,0.9449,-0.69,1.06,0.07,-0.28122,-0.15565,-0.06209,0.9449,-0.73,1.07,0.1,-0.40467,-0.23963,0.58741,0.65861,-0.76,1.08,0.11,-0.25015,-0.09782,0.55043,0.7905,-0.77,1.09,0.14,-0.20123,-0.10609,0.62931,0.74312,-0.78,1.09,0.16,-0.20123,-0.10609,0.62931,0.74312,-0.72,1.07,0.1,-0.28122,-0.15565,-0.06209,0.9449,-0.74,1.11,0.14,-0.0883,-0.22346,0.03869,0.96993,-0.76,1.11,0.17,0.17366,-0.20767,0.0701,0.96011,-0.77,1.11,0.19,0.29818,-0.17108,0.08419,0.93527,-0.77,1.09,0.21,0.29818,-0.17108,0.08419,0.93527,-0.71,1.07,0.1,-0.28122,-0.15565,-0.06209,0.9449,-0.72,1.11,0.14,-0.12807,-0.13631,-0.05739,0.98068,-0.73,1.12,0.18,0.3401,-0.15035,-0.00061,0.92829,-0.74,1.11,0.2,0.6084,-0.13091,-0.02595,0.78233,-0.74,1.08,0.21,0.6084,-0.13091,-0.02595,0.78233,-0.69,1.08,0.1,-0.28122,-0.15565,-0.06209,0.9449,-0.7,1.1,0.15,-0.19663,-0.09156,-0.12718,0.96787,-0.71,1.12,0.18,0.38357,-0.1712,-0.09087,0.90294,-0.72,1.1,0.2,0.69915,-0.21034,-0.0499,0.68151,-0.72,1.08,0.2,0.69915,-0.21034,-0.0499,0.68151,-0.68,1.07,0.11,-0.21399,-0.07742,-0.29235,0.92884,-0.68,1.09,0.15,-0.26243,-0.0443,-0.20614,0.94163,-0.68,1.11,0.17,0.33668,-0.16521,-0.22249,0.89992,-0.69,1.1,0.19,0.68912,-0.28647,-0.13917,0.65091,-0.7,1.08,0.19,0.68912,-0.28647,-0.13917,0.65091,-0.81,1.08,0.19
-0.79,1.46,-0.16,-0.79,1.46,-0.16,-0.86,1.1,0.11,0.32364,-0.05999,-0.15861,-0.93086,-0.86,1.06,0.06,0.32364,-0.05999,-0.15861,-0.93086,-0.83,1.08,0.09,0.39545,-0.15758,0.54144,-0.725,-0.81,1.09,0.11,0.15208,0.02088,0.48764,-0.85944,-0.8,1.1,0.14,-0.00033,0.06255,0.55167,-0.83171,-0.8,1.1,0.16,-0.00033,0.06255,0.55167,-0.83171,-0.84,1.08,0.09,0.32364,-0.05999,-0.15861,-0.93086,-0.83,1.12,0.13,-0.02187,-0.09772,-0.08922,-0.99097,-0.83,1.12,0.17,-0.41461,-0.12805,-0.06883,-0.89831,-0.82,1.1,0.18,-0.56954,-0.1106,-0.05113,-0.81288,-0.82,1.08,0.19,-0.56954,-0.1106,-0.05113,-0.81288,-0.85,1.08,0.09,0.32364,-0.05999,-0.15861,-0.93086,-0.86,1.12,0.13,0.01684,-0.09393,-0.14943,-0.98416,-0.85,1.12,0.17,-0.39365,-0.14831,-0.10973,-0.90056,-0.84,1.1,0.19,-0.58238,-0.1507,-0.13617,-0.78714,-0.83,1.08,0.2,-0.58238,-0.1507,-0.13617,-0.78714,-0.87,1.08,0.09,0.32364,-0.05999,-0.15861,-0.93086,-0.87,1.11,0.13,0.09958,-0.06809,-0.21364,-0.96944,-0.87,1.12,0.17,-0.37153,-0.17805,-0.19455,-0.89017,-0.86,1.1,0.19,-0.61038,-0.24607,-0.16158,-0.73537,-0.84,1.08,0.19,-0.61038,-0.24607,-0.16158,-0.73537,-0.88,1.07,0.09,0.26158,0.00266,-0.39059,-0.88262,-0.89,1.09,0.13,0.16958,-0.05924,-0.29363,-0.93889,-0.89,1.1,0.16,-0.31813,-0.19011,-0.30176,-0.87841,-0.88,1.09,0.17,-0.57099,-0.31866,-0.23664,-0.71863,-0.86,1.08,0.18,-0.57099,-0.31866,-0.23664,-0.71863,-0.71,1.09,0.12,-0.25311,-0.15514,-0.04339,0.95393,-0.69,1.06,0.07,-0.25311,-0.15514,-0.04339,0.95393,-0.73,1.07,0.1,-0.40288,-0.25566,0.5733,0.66607,-0.76,1.07,0.11,-0.2489,-0.11904,0.539,0.79584,-0.77,1.08,0.14,-0.20943,-0.13367,0.61829,0.74564,-0.79,1.09,0.16,-0.20943,-0.13367,0.61829,0.74564,-0.72,1.07,0.1,-0.25311,-0.15514,-0.04339,0.95393,-0.74,1.1,0.14,-0.04149,-0.2342,0.06604,0.96906,-0.76,1.11,0.17,0.20455,-0.21113,0.09613,0.95097,-0.77,1.1,0.19,0.31173,-0.17256,0.10814,0.92809,-0.77,1.08,0.21,0.31173,-0.17256,0.10814,0.92809,-0.71,1.07,0.1,-0.25311,-0.15514,-0.04339,0.95393,-0.72,1.11,0.15,-0.14063,-0.1282,-0.04476,0.98071,-0.73,1.12,0.18,0.32087,-0.13756,0.00571,0.93706,-0.74,1.1,0.21,0.58367,-0.11866,-0.02449,0.8029,-0.74,1.08,0.21,0.58367,-0.11866,-0.02449,0.8029,-0.69,1.08,0.1,-0.25311,-0.15514,-0.04339,0.95393,-0.7,1.1,0.15,-0.22372,-0.078,-0.11261,0.96498,-0.71,1.12,0.18,0.35075,-0.15217,-0.08711,0.91991,-0.71,1.1,0.2,0.66372,-0.1925,-0.05523,0.72068,-0.72,1.08,0.2,0.66372,-0.1925,-0.05523,0.72068,-0.68,1.07,0.11,-0.18934,-0.0695,-0.27219,0.94087,-0.68,1.09,0.15,-0.26771,-0.03094,-0.18458,0.94515,-0.68,1.11,0.17,0.30123,-0.13537,-0.21642,0.91875,-0.69,1.1,0.19,0.64986,-0.25509,-0.15047,0.69998,-0.7,1.08,0.19,0.64986,-0.25509,-0.15047,0.69998,-0.81,1.08,0.19
