-0.8,1.44,-0.15,-0.8,1.44,-0.15,-0.85,1.1,0.11,0.33486,-0.05375,-0.15421,-0.92801,-0.86,1.06,0.06,0.33486,-0.05375,-0.15421,-0.92801,-0.83,1.07,0.09,0.43016,-0.13641,0.51838,-0.72639,-0.81,1.09,0.11,0.21279,0.01585,0.4565,-0.86376,-0.8,1.1,0.14,0.09999,0.03324,0.53038,-0.84118,-0.8,1.11,0.16,0.09999,0.03324,0.53038,-0.84118,-0.84,1.08,0.09,0.33486,-0.05375,-0.15421,-0.92801,-0.83,1.12,0.13,-0.02308,-0.10582,-0.07404,-0.99136,-0.83,1.12,0.17,-0.45241,-0.13148,-0.04631,-0.88085,-0.82,1.1,0.18,-0.60699,-0.10996,-0.02661,-0.78661,-0.82,1.08,0.19,-0.60699,-0.10996,-0.02661,-0.78661,-0.85,1.07,0.09,0.33486,-0.05375,-0.15421,-0.92801,-0.86,1.12,0.13,0.03526,-0.09412,-0.1422,-0.98472,-0.85,1.12,0.17,-0.42595,-0.15105,-0.09511,-0.88696,-0.84,1.1,0.19,-0.62965,-0.14953,-0.11898,-0.75301,-0.83,1.08,0.19,-0.62965,-0.14953,-0.11898,-0.75301,-0.87,1.07,0.09,0.33486,-0.05375,-0.15421,-0.92801,-0.87,1.1,0.13,0.10205,-0.07425,-0.20457,-0.97068,-0.87,1.11,0.17,-0.39233,-0.18357,-0.17969,-0.88323,-0.86,1.1,0.19,-0.6346,-0.24723,-0.14475,-0.71778,-0.84,1.08,0.19,-0.6346,-0.24723,-0.14475,-0.71778,-0.88,1.07,0.09,0.2744,0.00606,-0.38743,-0.8801,-0.89,1.09,0.13,0.15299,-0.07163,-0.28661,-0.94304,-0.89,1.1,0.16,-0.31411,-0.1895,-0.29332,-0.88283,-0.88,1.09,0.18,-0.5446,-0.30876,-0.23777,-0.74266,-0.86,1.08,0.18,-0.5446,-0.30876,-0.23777,-0.74266,-0.7,1.1,0.11,-0.3893,-0.17832,-0.11155,0.89678,-0.68,1.05,0.07,-0.3893,-0.17832,-0.11155,0.89678,-0.72,1.07,0.09,-0.45082,-0.1813,0.61074,0.6252,-0.75,1.08,0.11,-0.30025,-0.03517,0.56105,0.77061,-0.76,1.09,0.14,-0.21831,-0.01496,0.63796,0.73832,-0.77,1.1,0.16,-0.21831,-0.01496,0.63796,0.73832,-0.71,1.07,0.09,-0.3893,-0.17832,-0.11155,0.89678,-0.73,1.12,0.12,-0.04042,-0.19782,0.00668,0.97938,-0.74,1.12,0.16,0.40986,-0.17969,0.07034,0.89151,-0.75,1.1,0.17,0.56069,-0.13728,0.09477,0.81105,-0.75,1.08,0.18,0.56069,-0.13728,0.09477,0.81105,-0.7,1.07,0.1,-0.3893,-0.17832,-0.11155,0.89678,-0.71,1.12,0.13,-0.08103,-0.19048,-0.07008,0.97583,-0.72,1.13,0.17,0.3989,-0.20332,0.01727,0.894,-0.73,1.11,0.18,0.61925,-0.175,0.0033,0.76544,-0.74,1.09,0.19,0.61925,-0.175,0.0033,0.76544,-0.68,1.07,0.1,-0.3893,-0.17832,-0.11155,0.89678,-0.69,1.11,0.14,-0.14526,-0.1731,-0.14476,0.96332,-0.7,1.13,0.17,0.41248,-0.24534,-0.06381,0.87498,-0.71,1.11,0.18,0.68139,-0.26981,-0.0085,0.68033,-0.72,1.09,0.18,0.68139,-0.26981,-0.0085,0.68033,-0.67,1.07,0.11,-0.30786,-0.1294,-0.34502,0.87718,-0.67,1.1,0.14,-0.27705,-0.13003,-0.25309,0.91776,-0.68,1.12,0.17,0.34603,-0.2693,-0.20238,0.87566,-0.69,1.11,0.18,0.6411,-0.3658,-0.09936,0.66732,-0.7,1.09,0.18,0.6411,-0.3658,-0.09936,0.66732,-0.81,1.08,0.19
-0.8,1.44,-0.15,-0.8,1.44,-0.15,-0.85,1.1,0.11,0.33629,-0.05221,-0.15367,-0.92767,-0.86,1.06,0.06,0.33629,-0.05221,-0.15367,-0.92767,-0.83,1.07,0.09,0.42142,-0.13301,0.52731,-0.72571,-0.81,1.09,0.11,0.20602,0.02194,0.46444,-0.86103,-0.8,1.1,0.14,0.09257,0.03972,0.53707,-0.8375,-0.8,1.11,0.16,0.09257,0.03972,0.53707,-0.8375,-0.84,1.08,0.09,0.33629,-0.05221,-0.15367,-0.92767,-0.83,1.12,0.13,-0.02959,-0.10817,-0.07016,-0.99121,-0.83,1.12,0.17,-0.44421,-0.13105,-0.04395,-0.8852,-0.82,1.1,0.18,-0.59213,-0.1088,-0.02582,-0.79805,-0.82,1.08,0.19,-0.59213,-0.1088,-0.02582,-0.79805,-0.85,1.07,0.09,0.33629,-0.05221,-0.15367,-0.92767,-0.86,1.12,0.13,0.03214,-0.09307,-0.14176,-0.98499,-0.85,1.12,0.17,-0.4294,-0.14994,-0.09511,-0.88549,-0.84,1.1,0.19,-0.63798,-0.14862,-0.11864,-0.7462,-0.83,1.08,0.19,-0.63798,-0.14862,-0.11864,-0.7462,-0.87,1.07,0.09,0.33629,-0.05221,-0.15367,-0.92767,-0.87,1.1,0.13,0.0991,-0.07192,-0.20506,-0.97106,-0.87,1.11,0.17,-0.39975,-0.1826,-0.18044,-0.87994,-0.86,1.1,0.19,-0.64781,-0.24724,-0.14402,-0.70603,-0.84,1.08,0.19,-0.64781,-0.24724,-0.14402,-0.70603,-0.88,1.07,0.09,0.27618,0.00721,-0.38706,-0.87969,-0.89,1.09,0.13,0.15197,-0.06676,-0.2882,-0.94307,-0.89,1.1,0.16,-0.32465,-0.18902,-0.29531,-0.87844,-0.88,1.09,0.18,-0.56615,-0.31237,-0.23553,-0.72555,-0.86,1.07,0.18,-0.56615,-0.31237,-0.23553,-0.72555,-0.7,1.09,0.12,-0.36099,-0.18604,-0.10167,0.90815,-0.68,1.05,0.07,-0.36099,-0.18604,-0.10167,0.90815,-0.72,1.07,0.1,-0.43944,-0.21064,0.60885,0.62596,-0.75,1.08,0.11,-0.28775,-0.0639,0.56657,0.76949,-0.76,1.09,0.14,-0.21153,-0.04707,0.64468,0.73309,-0.77,1.09,0.16,-0.21153,-0.04707,0.64468,0.73309,-0.71,1.07,0.09,-0.36099,-0.18604,-0.10167,0.90815,-0.73,1.12,0.13,-0.07531,-0.20609,0.00522,0.97562,-0.75,1.12,0.16,0.32609,-0.19234,0.06227,0.92347,-0.75,1.11,0.18,0.47544,-0.15261,0.08483,0.86225,-0.76,1.09,0.19,0.47544,-0.15261,0.08483,0.86225,-0.7,1.07,0.1,-0.36099,-0.18604,-0.10167,0.90815,-0.71,1.12,0.13,-0.09016,-0.1915,-0.06588,0.97512,-0.73,1.13,0.17,0.34844,-0.20314,0.01214,0.91498,-0.74,1.11,0.19,0.5608,-0.18058,-0.00442,0.80801,-0.74,1.09,0.2,0.5608,-0.18058,-0.00442,0.80801,-0.68,1.07,0.1,-0.36099,-0.18604,-0.10167,0.90815,-0.69,1.11,0.14,-0.1521,-0.16768,-0.14114,0.96376,-0.7,1.12,0.17,0.37588,-0.23709,-0.07126,0.89299,-0.72,1.11,0.19,0.63973,-0.26626,-0.0212,0.7207,-0.73,1.08,0.19,0.63973,-0.26626,-0.0212,0.7207,-0.67,1.07,0.11,-0.28004,-0.12924,-0.3337,0.8908,-0.68,1.1,0.14,-0.27809,-0.12018,-0.24481,0.92103,-0.68,1.11,0.17,0.32857,-0.25282,-0.20627,0.88633,-0.69,1.1,0.18,0.61942,-0.35138,-0.11265,0.69293,-0.7,1.09,0.18,0.61942,-0.35138,-0.11265,0.69293,-0.81,1.08,0.19
-0.8,1.44,-0.15,-0.8,1.44,-0.15,-0.85,1.1,0.11,0.33349,-0.0513,-0.14843,-0.92958,-0.86,1.06,0.06,0.33349,-0.0513,-0.14843,-0.92958,-0.83,1.07,0.09,0.41365,-0.13432,0.53478,-0.72447,-0.81,1.09,0.11,0.19906,0.02348,0.47238,-0.8583,-0.8,1.1,0.14,0.08647,0.04093,0.54434,-0.83339,-0.8,1.11,0.16,0.08647,0.04093,0.54434,-0.83339,-0.84,1.08,0.09,0.33349,-0.0513,-0.14843,-0.92958,-0.83,1.12,0.13,-0.03081,-0.10816,-0.06368,-0.99161,-0.83,1.12,0.17,-0.43977,-0.12804,-0.03893,-0.88808,-0.82,1.1,0.18,-0.58633,-0.10491,-0.02181,-0.80295,-0.82,1.08,0.19,-0.58633,-0.10491,-0.02181,-0.80295,-0.85,1.07,0.09,0.33349,-0.0513,-0.14843,-0.92958,-0.86,1.12,0.13,0.03036,-0.09005,-0.1374,-0.98595,-0.85,1.12,0.17,-0.4303,-0.14511,-0.09284,-0.88609,-0.84,1.1,0.19,-0.63989,-0.14343,-0.11755,-0.74575,-0.83,1.08,0.19,-0.63989,-0.14343,-0.11755,-0.74575,-0.87,1.07,0.09,0.33349,-0.0513,-0.14843,-0.92958,-0.87,1.1,0.13,0.09728,-0.06743,-0.20139,-0.97233,-0.87,1.11,0.17,-0.4015,-0.17675,-0.17965,-0.8805,-0.86,1.1,0.19,-0.65097,-0.2416,-0.14476,-0.70492,-0.84,1.08,0.19,-0.65097,-0.2416,-0.14476,-0.70492,-0.88,1.07,0.09,0.27435,0.00904,-0.38201,-0.88245,-0.89,1.09,0.13,0.14923,-0.05859,-0.2859,-0.94475,-0.89,1.1,0.16,-0.33144,-0.18188,-0.29657,-0.87699,-0.88,1.09,0.18,-0.57602,-0.30705,-0.2378,-0.71929,-0.86,1.07,0.18,-0.57602,-0.30705,-0.2378,-0.71929,-0.71,1.09,0.12,-0.32403,-0.18746,-0.08456,0.92342,-0.68,1.05,0.07,-0.32403,-0.18746,-0.08456,0.92342,-0.73,1.06,0.1,-0.43084,-0.24458,0.5968,0.63118,-0.75,1.07,0.11,-0.27419,-0.09813,0.56314,0.77335,-0.77,1.08,0.14,-0.2064,-0.08735,0.64281,0.73251,-0.78,1.09,0.16,-0.2064,-0.08735,0.64281,0.73251,-0.72,1.07,0.1,-0.32403,-0.18746,-0.08456,0.92342,-0.74,1.11,0.13,-0.0443,-0.21491,0.02736,0.97524,-0.75,1.11,0.17,0.34041,-0.19209,0.08296,0.9167,-0.76,1.1,0.18,0.48666,-0.14901,0.10538,0.85431,-0.76,1.08,0.19,0.48666,-0.14901,0.10538,0.85431,-0.7,1.07,0.1,-0.32403,-0.18746,-0.08456,0.92342,-0.71,1.11,0.14,-0.12653,-0.18171,-0.06395,0.97308,-0.73,1.12,0.18,0.25917,-0.19423,-0.00173,0.9461,-0.74,1.11,0.2,0.44704,-0.18203,-0.02477,0.87545,-0.75,1.09,0.21,0.44704,-0.18203,-0.02477,0.87545,-0.68,1.07,0.11,-0.32403,-0.18746,-0.08456,0.92342,-0.7,1.1,0.14,-0.20859,-0.14476,-0.14097,0.9569,-0.7,1.12,0.18,0.26406,-0.21451,-0.09437,0.9356,-0.72,1.11,0.2,0.50861,-0.25496,-0.05648,0.82044,-0.73,1.09,0.21,0.50861,-0.25496,-0.05648,0.82044,-0.68,1.07,0.11,-0.24609,-0.12051,-0.31509,0.90865,-0.68,1.09,0.15,-0.31062,-0.08987,-0.23111,0.91762,-0.68,1.11,0.17,0.2461,-0.21156,-0.22296,0.91922,-0.69,1.1,0.19,0.52122,-0.31538,-0.15132,0.77844,-0.7,1.09,0.19,0.52122,-0.31538,-0.15132,0.77844,-0.81,1.08,0.19
-0.8,1.44,-0.15,-0.8,1.44,-0.15,-0.85,1.09,0.11,0.32877,-0.0493,-0.13746,-0.93305,-0.86,1.06,0.06,0.32877,-0.0493,-0.13746,-0.93305,-0.83,1.07,0.09,0.40284,-0.13633,0.54616,-0.7217,-0.81,1.09,0.11,0.18957,0.02576,0.48451,-0.85361,-0.8,1.1,0.14,0.08068,0.04123,0.5558,-0.82637,-0.8,1.1,0.17,0.08068,0.04123,0.5558,-0.82637,-0.84,1.08,0.09,0.32877,-0.0493,-0.13746,-0.93305,-0.83,1.12,0.13,-0.02904,-0.10444,-0.05339,-0.99267,-0.83,1.12,0.17,-0.43817,-0.12045,-0.03117,-0.89024,-0.82,1.1,0.18,-0.58541,-0.09612,-0.01543,-0.80487,-0.82,1.08,0.19,-0.58541,-0.09612,-0.01543,-0.80487,-0.85,1.07,0.09,0.32877,-0.0493,-0.13746,-0.93305,-0.86,1.12,0.13,0.02989,-0.08353,-0.12838,-0.98775,-0.85,1.12,0.17,-0.43025,-0.13504,-0.08807,-0.8882,-0.84,1.1,0.19,-0.6397,-0.13255,-0.11552,-0.74825,-0.83,1.08,0.2,-0.6397,-0.13255,-0.11552,-0.74825,-0.87,1.07,0.09,0.32877,-0.0493,-0.13746,-0.93305,-0.87,1.1,0.13,0.0976,-0.05935,-0.1928,-0.97457,-0.87,1.11,0.17,-0.40088,-0.16528,-0.17655,-0.88363,-0.86,1.1,0.19,-0.65063,-0.22977,-0.14553,-0.70902,-0.85,1.07,0.19,-0.65063,-0.22977,-0.14553,-0.70902,-0.88,1.07,0.09,0.27168,0.01264,-0.37148,-0.88772,-0.89,1.09,0.13,0.14833,-0.04521,-0.27897,-0.9477,-0.89,1.1,0.16,-0.33705,-0.16818,-0.29646,-0.87763,-0.88,1.09,0.18,-0.58225,-0.29427,-0.24202,-0.7182,-0.86,1.07,0.18,-0.58225,-0.29427,-0.24202,-0.7182,-0.71,1.09,0.12,-0.29333,-0.17529,-0.0949,0.935,-0.69,1.06,0.07,-0.29333,-0.17529,-0.0949,0.935,-0.73,1.06,0.09,-0.44376,-0.24852,0.54828,0.66385,-0.75,1.07,0.11,-0.27584,-0.11277,0.51399,0.80437,-0.77,1.08,0.14,-0.22412,-0.11658,0.59654,0.76179,-0.78,1.09,0.16,-0.22412,-0.11658,0.59654,0.76179,-0.72,1.07,0.1,-0.29333,-0.17529,-0.0949,0.935,-0.73,1.11,0.14,-0.01019,-0.2223,0.02324,0.97465,-0.75,1.11,0.17,0.39456,-0.19749,0.08699,0.89317,-0.76,1.09,0.19,0.55525,-0.15091,0.11584,0.80963,-0.76,1.07,0.19,0.55525,-0.15091,0.11584,0.80963,-0.7,1.07,0.1,-0.29333,-0.17529,-0.0949,0.935,-0.71,1.11,0.14,-0.09116,-0.1763,-0.07286,0.97739,-0.73,1.12,0.18,0.27159,-0.19189,-0.01652,0.94294,-0.74,1.1,0.2,0.43574,-0.18185,-0.04206,0.88051,-0.74,1.08,0.22,0.43574,-0.18185,-0.04206,0.88051,-0.68,1.07,0.11,-0.29333,-0.17529,-0.0949,0.935,-0.69,1.1,0.15,-0.18288,-0.13094,-0.15146,0.96253,-0.7,1.11,0.18,0.26678,-0.20368,-0.11495,0.93495,-0.71,1.1,0.2,0.49088,-0.24906,-0.08357,0.83068,-0.73,1.08,0.21,0.49088,-0.24906,-0.08357,0.83068,-0.68,1.07,0.11,-0.21722,-0.10094,-0.3234,0.91544,-0.68,1.09,0.15,-0.3228,-0.04076,-0.24123,0.9143,-0.68,1.1,0.17,0.19821,-0.1683,-0.26239,0.92927,-0.68,1.1,0.19,0.45214,-0.28214,-0.20803,0.82018,-0.7,1.09,0.2,0.45214,-0.28214,-0.20803,0.82018,-0.81,1.08,0.19
-0.8,1.44,-0.15,-0.8,1.44,-0.15,-0.85,1.1,0.11,0.32691,-0.04971,-0.13449,-0.93412,-0.86,1.06,0.06,0.32691,-0.04971,-0.13449,-0.93412,-0.83,1.07,0.09,0.40127,-0.13612,0.54798,-0.72123,-0.8,1.09,0.11,0.18785,0.02684,0.48631,-0.85293,-0.8,1.1,0.14,0.08416,0.03882,0.55805,-0.82462,-0.8,1.1,0.17,0.08416,0.03882,0.55805,-0.82462,-0.84,1.08,0.09,0.32691,-0.04971,-0.13449,-0.93412,-0.83,1.12,0.13,-0.02296,-0.1038,-0.05132,-0.99301,-0.83,1.12,0.17,-0.43792,-0.11933,-0.02883,-0.89059,-0.82,1.1,0.18,-0.58749,-0.09469,-0.013,-0.80357,-0.82,1.08,0.19,-0.58749,-0.09469,-0.013,-0.80357,-0.85,1.07,0.09,0.32691,-0.04971,-0.13449,-0.93412,-0.86,1.12,0.13,0.03271,-0.08175,-0.12628,-0.98808,-0.85,1.12,0.17,-0.42952,-0.13268,-0.0868,-0.88903,-0.84,1.1,0.19,-0.63969,-0.13006,-0.11485,-0.7488,-0.83,1.08,0.2,-0.63969,-0.13006,-0.11485,-0.7488,-0.87,1.07,0.09,0.32691,-0.04971,-0.13449,-0.93412,-0.87,1.1,0.13,0.09971,-0.05728,-0.19055,-0.97492,-0.87,1.11,0.17,-0.40069,-0.16275,-0.17537,-0.88443,-0.86,1.1,0.19,-0.65078,-0.22704,-0.14516,-0.70984,-0.85,1.08,0.19,-0.65078,-0.22704,-0.14516,-0.70984,-0.88,1.07,0.09,0.27019,0.01283,-0.36855,-0.88938,-0.89,1.09,0.13,0.14805,-0.04199,-0.27697,-0.94848,-0.89,1.1,0.16,-0.34165,-0.16572,-0.29572,-0.87656,-0.88,1.09,0.18,-0.58695,-0.29185,-0.24208,-0.71534,-0.86,1.07,0.18,-0.58695,-0.29185,-0.24208,-0.71534,-0.7,1.09,0.12,-0.30648,-0.16783,-0.11044,0.93043,-0.68,1.06,0.07,-0.30648,-0.16783,-0.11044,0.93043,-0.72,1.07,0.09,-0.47723,-0.21297,0.51368,0.68047,-0.75,1.08,0.11,-0.30871,-0.09062,0.46848,0.82281,-0.76,1.09,0.13,-0.26607,-0.10076,0.55347,0.78277,-0.78,1.1,0.15,-0.26607,-0.10076,0.55347,0.78277,-0.71,1.07,0.09,-0.30648,-0.16783,-0.11044,0.93043,-0.73,1.11,0.14,-0.01666,-0.22577,0.01338,0.97395,-0.75,1.11,0.17,0.43814,-0.20009,0.09096,0.87162,-0.75,1.09,0.18,0.61136,-0.14997,0.12535,0.76683,-0.76,1.07,0.19,0.61136,-0.14997,0.12535,0.76683,-0.7,1.07,0.1,-0.30648,-0.16783,-0.11044,0.93043,-0.71,1.11,0.14,-0.0131,-0.199,-0.05993,0.97808,-0.73,1.11,0.18,0.35171,-0.20732,0.00529,0.91285,-0.74,1.1,0.2,0.51549,-0.18825,-0.01617,0.83581,-0.74,1.07,0.21,0.51549,-0.18825,-0.01617,0.83581,-0.68,1.07,0.1,-0.30648,-0.16783,-0.11044,0.93043,-0.69,1.1,0.14,-0.13121,-0.15054,-0.15268,0.96789,-0.7,1.11,0.18,0.31805,-0.2199,-0.1078,0.9159,-0.71,1.1,0.2,0.53984,-0.26173,-0.07293,0.79671,-0.73,1.08,0.21,0.53984,-0.26173,-0.07293,0.79671,-0.68,1.07,0.11,-0.2294,-0.09737,-0.33948,0.907,-0.68,1.09,0.15,-0.35016,-0.01286,-0.25881,0.90013,-0.67,1.11,0.17,0.17061,-0.15728,-0.29043,0.92834,-0.68,1.1,0.19,0.42503,-0.28005,-0.23653,0.82763,-0.69,1.09,0.2,0.42503,-0.28005,-0.23653,0.82763,-0.81,1.08,0.19
-0.8,1.44,-0.15,-0.8,1.44,-0.15,-0.85,1.1,0.11,0.32743,-0.05049,-0.13807,-0.93337,-0.86,1.06,0.06,0.32743,-0.05049,-0.13807,-0.93337,-0.83,1.07,0.09,0.40326,-0.13408,0.54498,-0.72278,-0.81,1.09,0.11,0.18875,0.02818,0.48267,-0.85476,-0.8,1.1,0.14,0.08793,0.03784,0.5549,-0.82639,-0.8,1.1,0.17,0.08793,0.03784,0.5549,-0.82639,-0.84,1.08,0.09,0.32743,-0.05049,-0.13807,-0.93337,-0.83,1.12,0.13,-0.02057,-0.10512,-0.05504,-0.99272,-0.83,1.12,0.17,-0.43952,-0.12229,-0.0311,-0.88932,-0.82,1.1,0.18,-0.59088,-0.09807,-0.01439,-0.80065,-0.82,1.08,0.19,-0.59088,-0.09807,-0.01439,-0.80065,-0.85,1.07,0.09,0.32743,-0.05049,-0.13807,-0.93337,-0.86,1.12,0.13,0.03504,-0.08292,-0.12991,-0.98743,-0.85,1.12,0.17,-0.42738,-0.13545,-0.08942,-0.88938,-0.84,1.1,0.19,-0.63781,-0.13352,-0.11673,-0.7495,-0.83,1.08,0.2,-0.63781,-0.13352,-0.11673,-0.7495,-0.87,1.07,0.09,0.32743,-0.05049,-0.13807,-0.93337,-0.87,1.1,0.13,0.10537,-0.05724,-0.19454,-0.97354,-0.87,1.11,0.17,-0.39616,-0.16514,-0.17852,-0.88539,-0.86,1.1,0.19,-0.6463,-0.23033,-0.14742,-0.7124,-0.85,1.08,0.19,-0.6463,-0.23033,-0.14742,-0.7124,-0.88,1.07,0.09,0.27005,0.01179,-0.37193,-0.88804,-0.89,1.09,0.13,0.15321,-0.04042,-0.28088,-0.94657,-0.89,1.1,0.16,-0.33917,-0.16766,-0.2994,-0.87591,-0.88,1.09,0.18,-0.58419,-0.29481,-0.24485,-0.71544,-0.86,1.07,0.18,-0.58419,-0.29481,-0.24485,-0.71544,-0.7,1.09,0.12,-0.3436,-0.16423,-0.11771,0.91712,-0.68,1.06,0.07,-0.3436,-0.16423,-0.11771,0.91712,-0.72,1.07,0.09,-0.50519,-0.18624,0.51019,0.67067,-0.75,1.09,0.11,-0.34523,-0.07139,0.45745,0.81637,-0.76,1.1,0.13,-0.30083,-0.07804,0.54361,0.77968,-0.77,1.11,0.15,-0.30083,-0.07804,0.54361,0.77968,-0.71,1.07,0.09,-0.3436,-0.16423,-0.11771,0.91712,-0.73,1.12,0.13,-0.10292,-0.22148,-0.00603,0.9697,-0.74,1.12,0.16,0.34877,-0.20817,0.06988,0.91112,-0.75,1.11,0.18,0.53136,-0.16308,0.10346,0.82484,-0.75,1.09,0.19,0.53136,-0.16308,0.10346,0.82484,-0.7,1.07,0.1,-0.3436,-0.16423,-0.11771,0.91712,-0.71,1.12,0.14,-0.02666,-0.20524,-0.05787,0.97664,-0.72,1.12,0.17,0.34194,-0.21249,0.01028,0.91533,-0.73,1.1,0.19,0.51516,-0.19268,-0.00935,0.83511,-0.74,1.08,0.2,0.51516,-0.19268,-0.00935,0.83511,-0.68,1.07,0.1,-0.3436,-0.16423,-0.11771,0.91712,-0.69,1.11,0.14,-0.12347,-0.16262,-0.15152,0.96714,-0.7,1.12,0.18,0.32813,-0.23017,-0.10076,0.9106,-0.71,1.1,0.19,0.56029,-0.26984,-0.0607,0.78075,-0.72,1.08,0.2,0.56029,-0.26984,-0.0607,0.78075,-0.67,1.07,0.11,-0.26531,-0.10357,-0.34904,0.89278,-0.67,1.09,0.14,-0.37262,-0.01505,-0.27182,0.88715,-0.67,1.11,0.17,0.15938,-0.17227,-0.29778,0.92533,-0.68,1.11,0.18,0.42965,-0.30067,-0.23339,0.81885,-0.69,1.1,0.19,0.42965,-0.30067,-0.23339,0.81885,-0.81,1.08,0.19
-0.8,1.44,-0.15,-0.8,1.44,-0.15,-0.85,1.1,0.11,0.32947,-0.05096,-0.14535,-0.93152,-0.86,1.06,0.06,0.32947,-0.05096,-0.14535,-0.93152,-0.83,1.07,0.09,0.40757,-0.13165,0.53882,-0.72542,-0.81,1.09,0.11,0.19181,0.02861,0.4757,-0.85796,-0.8,1.1,0.14,0.0913,0.03758,0.54841,-0.83036,-0.8,1.11,0.16,0.0913,0.03758,0.54841,-0.83036,-0.84,1.08,0.09,0.32947,-0.05096,-0.14535,-0.93152,-0.83,1.12,0.13,-0.01723,-0.10634,-0.06304,-0.99218,-0.83,1.12,0.17,-0.43688,-0.12688,-0.03772,-0.88973,-0.82,1.1,0.18,-0.58955,-0.10382,-0.02002,-0.80078,-0.82,1.08,0.19,-0.58955,-0.10382,-0.02002,-0.80078,-0.85,1.07,0.09,0.32947,-0.05096,-0.14535,-0.93152,-0.86,1.12,0.13,0.03715,-0.08501,-0.1371,-0.9862,-0.85,1.12,0.17,-0.42525,-0.14069,-0.09476,-0.88904,-0.84,1.1,0.19,-0.63604,-0.14003,-0.12057,-0.7492,-0.83,1.08,0.2,-0.63604,-0.14003,-0.12057,-0.7492,-0.87,1.07,0.09,0.32947,-0.05096,-0.14535,-0.93152,-0.87,1.1,0.13,0.11035,-0.05863,-0.20184,-0.97141,-0.87,1.11,0.17,-0.39172,-0.17036,-0.18382,-0.88529,-0.86,1.1,0.19,-0.64195,-0.237,-0.15073,-0.71345,-0.85,1.08,0.19,-0.64195,-0.237,-0.15073,-0.71345,-0.88,1.07,0.09,0.27094,0.01052,-0.37887,-0.88484,-0.89,1.09,0.13,0.16057,-0.04136,-0.28751,-0.94331,-0.89,1.1,0.16,-0.33202,-0.17257,-0.30448,-0.87594,-0.88,1.09,0.18,-0.57809,-0.30133,-0.24745,-0.71679,-0.86,1.07,0.18,-0.57809,-0.30133,-0.24745,-0.71679,-0.7,1.1,0.11,-0.38504,-0.17629,-0.1318,0.89627,-0.68,1.06,0.07,-0.38504,-0.17629,-0.1318,0.89627,-0.72,1.07,0.09,-0.53939,-0.16778,0.50526,0.6524,-0.75,1.09,0.1,-0.37933,-0.05568,0.44886,0.80717,-0.76,1.11,0.12,-0.32204,-0.05139,0.53574,0.77887,-0.77,1.12,0.14,-0.32204,-0.05139,0.53574,0.77887,-0.71,1.08,0.09,-0.38504,-0.17629,-0.1318,0.89627,-0.73,1.12,0.12,-0.19163,-0.22818,-0.03016,0.9541,-0.74,1.14,0.15,0.25695,-0.22747,0.05081,0.9379,-0.75,1.12,0.17,0.44858,-0.18681,0.08649,0.86971,-0.76,1.11,0.18,0.44858,-0.18681,0.08649,0.86971,-0.69,1.08,0.09,-0.38504,-0.17629,-0.1318,0.89627,-0.7,1.12,0.13,-0.07686,-0.22059,-0.06794,0.96996,-0.72,1.13,0.17,0.28459,-0.23119,0.00467,0.93034,-0.73,1.12,0.19,0.4664,-0.2155,-0.01139,0.85785,-0.74,1.1,0.2,0.4664,-0.2155,-0.01139,0.85785,-0.68,1.08,0.1,-0.38504,-0.17629,-0.1318,0.89627,-0.69,1.11,0.13,-0.17151,-0.17954,-0.16463,0.95459,-0.7,1.13,0.17,0.27804,-0.25275,-0.10431,0.92083,-0.71,1.12,0.19,0.52367,-0.29386,-0.05434,0.79779,-0.72,1.1,0.19,0.52367,-0.29386,-0.05434,0.79779,-0.67,1.07,0.1,-0.30132,-0.127,-0.36396,0.87213,-0.67,1.1,0.14,-0.40824,-0.03268,-0.29225,0.86421,-0.67,1.12,0.16,0.13698,-0.20692,-0.3013,0.92067,-0.68,1.12,0.18,0.42619,-0.3391,-0.21771,0.80992,-0.69,1.11,0.19,0.42619,-0.3391,-0.21771,0.80992,-0.81,1.08,0.19
-0.8,1.44,-0.15,-0.8,1.44,-0.15,-0.85,1.1,0.11,0.32876,-0.04979,-0.14526,-0.93185,-0.86,1.06,0.06,0.32876,-0.04979,-0.14526,-0.93185,-0.83,1.08,0.09,0.40663,-0.13126,0.53871,-0.72609,-0.81,1.09,0.11,0.19111,0.02885,0.47547,-0.85824,-0.8,1.1,0.14,0.09096,0.03748,0.54819,-0.83054,-0.8,1.11,0.16,0.09096,0.03748,0.54819,-0.83054,-0.84,1.08,0.09,0.32876,-0.04979,-0.14526,-0.93185,-0.83,1.12,0.13,-0.0184,-0.1032,-0.06494,-0.99237,-0.83,1.12,0.17,-0.4374,-0.12478,-0.04085,-0.88963,-0.82,1.1,0.18,-0.59101,-0.10234,-0.02332,-0.79981,-0.82,1.08,0.19,-0.59101,-0.10234,-0.02332,-0.79981,-0.85,1.08,0.09,0.32876,-0.04979,-0.14526,-0.93185,-0.86,1.12,0.13,0.03703,-0.08336,-0.13768,-0.98627,-0.85,1.12,0.17,-0.42474,-0.13944,-0.09614,-0.88933,-0.84,1.1,0.19,-0.63546,-0.13918,-0.12222,-0.74959,-0.83,1.08,0.2,-0.63546,-0.13918,-0.12222,-0.74959,-0.87,1.07,0.09,0.32876,-0.04979,-0.14526,-0.93185,-0.87,1.11,0.13,0.11334,-0.0571,-0.202,-0.97113,-0.87,1.11,0.17,-0.38872,-0.1692,-0.1847,-0.88665,-0.86,1.1,0.19,-0.63883,-0.23618,-0.15202,-0.71625,-0.85,1.08,0.19,-0.63883,-0.23618,-0.15202,-0.71625,-0.88,1.07,0.09,0.2705,0.01185,-0.37877,-0.885,-0.89,1.09,0.13,0.16532,-0.04182,-0.28623,-0.94286,-0.89,1.1,0.16,-0.32559,-0.17202,-0.30351,-0.87879,-0.88,1.09,0.18,-0.57313,-0.30068,-0.24633,-0.72141,-0.86,1.08,0.18,-0.57313,-0.30068,-0.24633,-0.72141,-0.7,1.1,0.11,-0.38146,-0.18658,-0.0962,0.90023,-0.68,1.05,0.07,-0.38146,-0.18658,-0.0962,0.90023,-0.72,1.07,0.09,-0.49829,-0.19865,0.56943,0.6229,-0.75,1.08,0.1,-0.33452,-0.05965,0.5245,0.78066,-0.76,1.09,0.13,-0.25229,-0.03694,0.60589,0.75358,-0.77,1.1,0.15,-0.25229,-0.03694,0.60589,0.75358,-0.71,1.07,0.09,-0.38146,-0.18658,-0.0962,0.90023,-0.73,1.12,0.12,-0.1769,-0.21707,-0.00014,0.95999,-0.75,1.13,0.15,0.29031,-0.20246,0.07644,0.93214,-0.75,1.12,0.17,0.49425,-0.15483,0.11031,0.84828,-0.76,1.1,0.18,0.49425,-0.15483,0.11031,0.84828,-0.7,1.07,0.09,-0.38146,-0.18658,-0.0962,0.90023,-0.71,1.12,0.13,-0.07019,-0.21586,-0.03328,0.97333,-0.73,1.13,0.17,0.27965,-0.21452,0.03237,0.93527,-0.74,1.11,0.19,0.46394,-0.1942,0.01269,0.86422,-0.74,1.09,0.2,0.46394,-0.1942,0.01269,0.86422,-0.68,1.07,0.1,-0.38146,-0.18658,-0.0962,0.90023,-0.69,1.11,0.13,-0.18417,-0.17689,-0.13265,0.9577,-0.7,1.13,0.17,0.26388,-0.23633,-0.07791,0.9319,-0.71,1.11,0.19,0.51727,-0.27131,-0.03242,0.81103,-0.73,1.1,0.2,0.51727,-0.27131,-0.03242,0.81103,-0.67,1.07,0.1,-0.30066,-0.13501,-0.32963,0.88472,-0.67,1.1,0.14,-0.42249,-0.03765,-0.25854,0.86789,-0.67,1.12,0.16,0.14659,-0.19927,-0.26775,0.93119,-0.68,1.12,0.18,0.45348,-0.32369,-0.18467,0.80962,-0.69,1.1,0.18,0.45348,-0.32369,-0.18467,0.80962,-0.81,1.08,0.19
-0.8,1.44,-0.15,-0.8,1.44,-0.15,-0.85,1.1,0.11,0.32942,-0.05242,-0.14418,-0.93164,-0.86,1.06,0.06,0.32942,-0.05242,-0.14418,-0.93164,-0.83,1.08,0.09,0.40925,-0.13425,0.53847,-0.72425,-0.81,1.09,0.11,0.19353,0.02583,0.47615,-0.85742,-0.8,1.1,0.14,0.09443,0.03426,0.54928,-0.82958,-0.8,1.11,0.16,0.09443,0.03426,0.54928,-0.82958,-0.84,1.08,0.09,0.32942,-0.05242,-0.14418,-0.93164,-0.83,1.12,0.13,-0.01574,-0.10411,-0.06404,-0.99238,-0.83,1.12,0.17,-0.43297,-0.1252,-0.03993,-0.89178,-0.82,1.1,0.18,-0.58702,-0.10261,-0.02248,-0.80273,-0.82,1.08,0.19,-0.58702,-0.10261,-0.02248,-0.80273,-0.85,1.08,0.09,0.32942,-0.05242,-0.14418,-0.93164,-0.86,1.12,0.13,0.03965,-0.08528,-0.13607,-0.98622,-0.85,1.12,0.17,-0.42001,-0.14017,-0.09419,-0.89167,-0.84,1.1,0.19,-0.63132,-0.13974,-0.12029,-0.75328,-0.83,1.08,0.2,-0.63132,-0.13974,-0.12029,-0.75328,-0.87,1.08,0.09,0.32942,-0.05242,-0.14418,-0.93164,-0.87,1.11,0.13,0.11728,-0.05935,-0.20035,-0.97087,-0.87,1.12,0.17,-0.38452,-0.17032,-0.18222,-0.88878,-0.86,1.1,0.19,-0.63536,-0.2366,-0.14928,-0.71976,-0.85,1.08,0.19,-0.63536,-0.2366,-0.14928,-0.71976,-0.88,1.07,0.09,0.27074,0.00916,-0.37773,-0.8854,-0.89,1.09,0.13,0.17013,-0.04557,-0.2838,-0.94257,-0.89,1.1,0.16,-0.31828,-0.17343,-0.30011,-0.88235,-0.88,1.09,0.18,-0.56732,-0.30104,-0.24239,-0.72717,-0.86,1.08,0.18,-0.56732,-0.30104,-0.24239,-0.72717,-0.7,1.1,0.11,-0.3861,-0.19555,-0.11068,0.89467,-0.68,1.05,0.07,-0.3861,-0.19555,-0.11068,0.89467,-0.72,1.07,0.09,-0.50736,-0.19681,0.56057,0.62419,-0.75,1.08,0.1,-0.34375,-0.06152,0.51482,0.78295,-0.76,1.1,0.13,-0.25396,-0.03283,0.59681,0.76042,-0.77,1.1,0.15,-0.25396,-0.03283,0.59681,0.76042,-0.71,1.07,0.09,-0.3861,-0.19555,-0.11068,0.89467,-0.73,1.12,0.12,-0.16326,-0.2227,-0.01124,0.96106,-0.75,1.13,0.15,0.32205,-0.21076,0.07348,0.92003,-0.75,1.11,0.17,0.53096,-0.16229,0.11202,0.82413,-0.76,1.09,0.18,0.53096,-0.16229,0.11202,0.82413,-0.7,1.07,0.09,-0.3861,-0.19555,-0.11068,0.89467,-0.71,1.12,0.13,-0.0595,-0.22651,-0.04285,0.97125,-0.73,1.12,0.16,0.29103,-0.22766,0.02767,0.92882,-0.74,1.11,0.18,0.47627,-0.2071,0.0111,0.85449,-0.75,1.09,0.2,0.47627,-0.2071,0.0111,0.85449,-0.68,1.07,0.1,-0.3861,-0.19555,-0.11068,0.89467,-0.69,1.11,0.13,-0.18171,-0.1879,-0.14492,0.95429,-0.7,1.13,0.17,0.26721,-0.25167,-0.08336,0.92645,-0.72,1.11,0.19,0.52188,-0.28731,-0.03255,0.80251,-0.73,1.09,0.19,0.52188,-0.28731,-0.03255,0.80251,-0.67,1.07,0.1,-0.30136,-0.14571,-0.34297,0.87768,-0.68,1.1,0.14,-0.42444,-0.04471,-0.27408,0.86182,-0.67,1.12,0.16,0.14447,-0.21467,-0.27571,0.92576,-0.68,1.12,0.18,0.45063,-0.34093,-0.18604,0.80379,-0.7,1.1,0.18,0.45063,-0.34093,-0.18604,0.80379,-0.81,1.08,0.19
-0.8,1.44,-0.15,-0.8,1.44,-0.15,-0.85,1.1,0.11,0.32191,-0.0524,-0.16261,-0.93123,-0.86,1.06,0.06,0.32191,-0.0524,-0.16261,-0.93123,-0.83,1.08,0.09,0.41724,-0.14645,0.51519,-0.73419,-0.8,1.09,0.11,0.20315,0.00357,0.45591,-0.86652,-0.8,1.11,0.14,0.11137,0.00751,0.53277,-0.83887,-0.8,1.11,0.16,0.11137,0.00751,0.53277,-0.83887,-0.84,1.08,0.09,0.32191,-0.0524,-0.16261,-0.93123,-0.83,1.12,0.13,-0.00678,-0.10936,-0.08387,-0.99043,-0.83,1.12,0.17,-0.40974,-0.13759,-0.05787,-0.89991,-0.82,1.1,0.18,-0.56455,-0.11808,-0.03887,-0.81598,-0.81,1.08,0.19,-0.56455,-0.11808,-0.03887,-0.81598,-0.85,1.08,0.09,0.32191,-0.0524,-0.16261,-0.93123,-0.86,1.12,0.13,0.04385,-0.08877,-0.15473,-0.98298,-0.85,1.12,0.17,-0.39663,-0.14968,-0.11213,-0.89873,-0.84,1.11,0.19,-0.60289,-0.15413,-0.13638,-0.77082,-0.83,1.08,0.2,-0.60289,-0.15413,-0.13638,-0.77082,-0.87,1.07,0.09,0.32191,-0.0524,-0.16261,-0.93123,-0.87,1.11,0.13,0.118,-0.06059,-0.21869,-0.96674,-0.87,1.12,0.17,-0.36381,-0.17675,-0.20044,-0.89232,-0.86,1.1,0.19,-0.60657,-0.24723,-0.1666,-0.73702,-0.85,1.08,0.19,-0.60657,-0.24723,-0.1666,-0.73702,-0.88,1.07,0.09,0.2609,0.01034,-0.39443,-0.88105,-0.89,1.09,0.13,0.16909,-0.04503,-0.30108,-0.93741,-0.89,1.1,0.16,-0.29464,-0.17376,-0.31847,-0.88406,-0.88,1.09,0.18,-0.52485,-0.30101,-0.26562,-0.75058,-0.86,1.08,0.18,-0.52485,-0.30101,-0.26562,-0.75058,-0.7,1.1,0.11,-0.3964,-0.21353,-0.12032,0.88476,-0.68,1.05,0.07,-0.3964,-0.21353,-0.12032,0.88476,-0.72,1.07,0.09,-0.52681,-0.19526,0.55085,0.61718,-0.75,1.08,0.1,-0.36683,-0.06635,0.50426,0.77894,-0.76,1.1,0.12,-0.2797,-0.03759,0.5877,0.75826,-0.77,1.11,0.14,-0.2797,-0.03759,0.5877,0.75826,-0.71,1.07,0.09,-0.3964,-0.21353,-0.12032,0.88476,-0.73,1.12,0.12,-0.16605,-0.2433,-0.01214,0.95556,-0.75,1.13,0.15,0.31645,-0.2294,0.08245,0.91675,-0.76,1.12,0.16,0.52397,-0.17859,0.12482,0.8234,-0.76,1.1,0.17,0.52397,-0.17859,0.12482,0.8234,-0.7,1.07,0.09,-0.3964,-0.21353,-0.12032,0.88476,-0.71,1.12,0.12,-0.05731,-0.24703,-0.04215,0.96639,-0.73,1.13,0.16,0.29528,-0.24643,0.03662,0.92236,-0.74,1.11,0.18,0.48288,-0.22328,0.02421,0.8464,-0.75,1.09,0.19,0.48288,-0.22328,0.02421,0.8464,-0.68,1.07,0.1,-0.3964,-0.21353,-0.12032,0.88476,-0.69,1.11,0.13,-0.17489,-0.20985,-0.14768,0.95056,-0.71,1.13,0.16,0.27405,-0.27233,-0.07559,0.91925,-0.72,1.12,0.18,0.52897,-0.30451,-0.0187,0.7919,-0.73,1.1,0.19,0.52897,-0.30451,-0.0187,0.7919,-0.68,1.07,0.1,-0.30644,-0.16681,-0.35137,0.8688,-0.68,1.1,0.14,-0.42499,-0.06397,-0.28649,0.85628,-0.67,1.12,0.16,0.14172,-0.23734,-0.27479,0.92091,-0.68,1.12,0.17,0.44556,-0.3614,-0.17732,0.79964,-0.7,1.11,0.18,0.44556,-0.3614,-0.17732,0.79964,-0.81,1.08,0.19
-0.8,1.44,-0.15,-0.8,1.44,-0.15,-0.86,1.1,0.11,0.31931,-0.05263,-0.18712,-0.9275,-0.86,1.06,0.06,0.31931,-0.05263,-0.18712,-0.9275,-0.83,1.08,0.09,0.4292,-0.15913,0.48894,-0.74256,-0.8,1.1,0.11,0.21747,-0.02031,0.43254,-0.87476,-0.8,1.11,0.14,0.13625,-0.02204,0.5133,-0.84704,-0.79,1.11,0.16,0.13625,-0.02204,0.5133,-0.84704,-0.84,1.08,0.09,0.31931,-0.05263,-0.18712,-0.9275,-0.84,1.12,0.13,0.01351,-0.11429,-0.11111,-0.98712,-0.83,1.12,0.17,-0.37668,-0.15243,-0.08286,-0.90995,-0.82,1.11,0.18,-0.53274,-0.13724,-0.06214,-0.83276,-0.81,1.09,0.19,-0.53274,-0.13724,-0.06214,-0.83276,-0.85,1.08,0.09,0.31931,-0.05263,-0.18712,-0.9275,-0.86,1.12,0.13,0.0575,-0.09225,-0.1802,-0.9776,-0.85,1.12,0.17,-0.36587,-0.16185,-0.13622,-0.9063,-0.84,1.11,0.19,-0.56349,-0.17212,-0.15854,-0.79229,-0.83,1.09,0.2,-0.56349,-0.17212,-0.15854,-0.79229,-0.87,1.07,0.09,0.31931,-0.05263,-0.18712,-0.9275,-0.87,1.11,0.13,0.12398,-0.0626,-0.24335,-0.95994,-0.87,1.12,0.17,-0.33089,-0.18479,-0.22518,-0.89758,-0.86,1.1,0.19,-0.55921,-0.25976,-0.19143,-0.76365,-0.84,1.08,0.2,-0.55921,-0.25976,-0.19143,-0.76365,-0.88,1.07,0.09,0.25496,0.00969,-0.41701,-0.87235,-0.89,1.09,0.13,0.1684,-0.04745,-0.32432,-0.92963,-0.89,1.1,0.16,-0.25862,-0.17436,-0.3426,-0.8862,-0.88,1.09,0.18,-0.45655,-0.29719,-0.29814,-0.7838,-0.86,1.08,0.19,-0.45655,-0.29719,-0.29814,-0.7838,-0.71,1.09,0.11,-0.35241,-0.21796,-0.08359,0.90626,-0.68,1.05,0.07,-0.35241,-0.21796,-0.08359,0.90626,-0.72,1.06,0.09,-0.48686,-0.232,0.57663,0.61371,-0.75,1.07,0.1,-0.33287,-0.09642,0.5393,0.7675,-0.77,1.09,0.13,-0.25384,-0.07187,0.62208,0.73717,-0.78,1.09,0.15,-0.25384,-0.07187,0.62208,0.73717,-0.71,1.07,0.09,-0.35241,-0.21796,-0.08359,0.90626,-0.74,1.11,0.12,-0.0838,-0.26088,0.05002,0.96043,-0.75,1.11,0.16,0.36194,-0.21784,0.13751,0.8959,-0.76,1.1,0.17,0.54731,-0.15716,0.1738,0.80346,-0.76,1.08,0.18,0.54731,-0.15716,0.1738,0.80346,-0.7,1.07,0.09,-0.35241,-0.21796,-0.08359,0.90626,-0.72,1.11,0.13,-0.06215,-0.23726,-0.01992,0.96925,-0.73,1.12,0.17,0.29422,-0.22927,0.05447,0.92623,-0.75,1.1,0.19,0.48318,-0.20297,0.03835,0.85081,-0.75,1.08,0.2,0.48318,-0.20297,0.03835,0.85081,-0.68,1.07,0.1,-0.35241,-0.21796,-0.08359,0.90626,-0.7,1.11,0.14,-0.16967,-0.19331,-0.12102,0.95875,-0.71,1.12,0.17,0.28126,-0.2455,-0.0597,0.92577,-0.72,1.11,0.19,0.53631,-0.27438,-0.01189,0.79809,-0.73,1.09,0.2,0.53631,-0.27438,-0.01189,0.79809,-0.68,1.07,0.11,-0.2677,-0.1583,-0.31401,0.89703,-0.68,1.09,0.14,-0.38479,-0.05247,-0.24629,0.88799,-0.68,1.11,0.16,0.18338,-0.19955,-0.25159,0.92912,-0.69,1.11,0.18,0.48035,-0.31682,-0.17376,0.79919,-0.7,1.1,0.19,0.48035,-0.31682,-0.17376,0.79919,-0.81,1.08,0.19
-0.8,1.44,-0.15,-0.8,1.44,-0.15,-0.85,1.1,0.11,0.32698,-0.06314,-0.18074,-0.92544,-0.86,1.06,0.06,0.32698,-0.06314,-0.18074,-0.92544,-0.83,1.08,0.09,0.44027,-0.17079,0.49271,-0.73091,-0.8,1.1,0.1,0.22536,-0.02917,0.4403,-0.86862,-0.8,1.11,0.13,0.1406,-0.02683,0.52132,-0.84127,-0.79,1.11,0.16,0.1406,-0.02683,0.52132,-0.84127,-0.84,1.08,0.09,0.32698,-0.06314,-0.18074,-0.92544,-0.83,1.12,0.13,0.03012,-0.11961,-0.10391,-0.98691,-0.83,1.13,0.17,-0.36401,-0.15514,-0.07366,-0.91543,-0.82,1.11,0.18,-0.52225,-0.13849,-0.05277,-0.83981,-0.81,1.09,0.19,-0.52225,-0.13849,-0.05277,-0.83981,-0.85,1.08,0.09,0.32698,-0.06314,-0.18074,-0.92544,-0.86,1.12,0.13,0.07715,-0.09775,-0.17319,-0.97698,-0.85,1.13,0.17,-0.34802,-0.1641,-0.12749,-0.91417,-0.84,1.11,0.19,-0.5447,-0.17322,-0.15027,-0.80667,-0.83,1.09,0.2,-0.5447,-0.17322,-0.15027,-0.80667,-0.87,1.07,0.09,0.32698,-0.06314,-0.18074,-0.92544,-0.87,1.11,0.13,0.13725,-0.07068,-0.23589,-0.95944,-0.87,1.12,0.17,-0.31349,-0.18774,-0.21573,-0.9055,-0.86,1.11,0.19,-0.53918,-0.25954,-0.18262,-0.78011,-0.84,1.09,0.2,-0.53918,-0.25954,-0.18262,-0.78011,-0.88,1.07,0.09,0.26115,-0.00225,-0.4113,-0.87329,-0.89,1.09,0.13,0.17223,-0.06012,-0.31659,-0.93086,-0.89,1.1,0.16,-0.2412,-0.17725,-0.33274,-0.89425,-0.88,1.09,0.18,-0.42986,-0.29378,-0.29098,-0.80265,-0.86,1.08,0.19,-0.42986,-0.29378,-0.29098,-0.80265,-0.71,1.09,0.12,-0.32349,-0.20341,-0.08352,0.92033,-0.68,1.05,0.07,-0.32349,-0.20341,-0.08352,0.92033,-0.72,1.06,0.09,-0.46177,-0.23953,0.57359,0.63277,-0.75,1.07,0.11,-0.30866,-0.10533,0.53673,0.77817,-0.77,1.08,0.13,-0.24495,-0.09545,0.61917,0.73995,-0.78,1.09,0.15,-0.24495,-0.09545,0.61917,0.73995,-0.71,1.07,0.09,-0.32349,-0.20341,-0.08352,0.92033,-0.73,1.11,0.13,-0.0217,-0.26353,0.06589,0.96215,-0.75,1.11,0.16,0.40168,-0.2144,0.14842,0.87787,-0.76,1.09,0.18,0.56679,-0.15448,0.1816,0.78861,-0.76,1.07,0.18,0.56679,-0.15448,0.1816,0.78861,-0.7,1.07,0.1,-0.32349,-0.20341,-0.08352,0.92033,-0.71,1.11,0.14,-0.04761,-0.22253,-0.02854,0.97335,-0.73,1.11,0.17,0.31844,-0.21801,0.04326,0.92152,-0.74,1.1,0.19,0.50254,-0.19283,0.02494,0.84241,-0.75,1.08,0.2,0.50254,-0.19283,0.02494,0.84241,-0.68,1.07,0.1,-0.32349,-0.20341,-0.08352,0.92033,-0.7,1.1,0.14,-0.14238,-0.17328,-0.12443,0.96655,-0.71,1.11,0.18,0.31229,-0.22835,-0.07142,0.91936,-0.72,1.1,0.19,0.55684,-0.26066,-0.03048,0.78807,-0.73,1.08,0.2,0.55684,-0.26066,-0.03048,0.78807,-0.67,1.07,0.11,-0.24246,-0.13625,-0.31306,0.9081,-0.68,1.09,0.14,-0.34092,-0.02825,-0.24167,0.90806,-0.68,1.11,0.17,0.21954,-0.17061,-0.26357,0.9237,-0.68,1.1,0.18,0.49619,-0.29019,-0.20165,0.79304,-0.7,1.09,0.19,0.49619,-0.29019,-0.20165,0.79304,-0.81,1.08,0.19
-0.8,1.44,-0.15,-0.8,1.44,-0.15,-0.85,1.1,0.11,0.33367,-0.0699,-0.16264,-0.92592,-0.86,1.06,0.06,0.33367,-0.0699,-0.16264,-0.92592,-0.82,1.08,0.09,0.44088,-0.17379,0.50978,-0.71801,-0.8,1.09,0.1,0.22111,-0.02296,0.45934,-0.85999,-0.79,1.11,0.13,0.12375,-0.01177,0.53809,-0.83367,-0.79,1.11,0.16,0.12375,-0.01177,0.53809,-0.83367,-0.84,1.08,0.09,0.33367,-0.0699,-0.16264,-0.92592,-0.83,1.12,0.13,0.03117,-0.11993,-0.08415,-0.98872,-0.82,1.13,0.17,-0.3768,-0.14845,-0.0533,-0.91277,-0.82,1.11,0.18,-0.53656,-0.12836,-0.03308,-0.83338,-0.81,1.09,0.19,-0.53656,-0.12836,-0.03308,-0.83338,-0.85,1.08,0.09,0.33367,-0.0699,-0.16264,-0.92592,-0.85,1.12,0.13,0.08089,-0.09991,-0.15394,-0.97968,-0.85,1.13,0.17,-0.35301,-0.15873,-0.10797,-0.91571,-0.84,1.11,0.19,-0.55162,-0.16368,-0.13235,-0.8071,-0.83,1.09,0.2,-0.55162,-0.16368,-0.13235,-0.8071,-0.87,1.08,0.09,0.33367,-0.0699,-0.16264,-0.92592,-0.87,1.11,0.13,0.1402,-0.07561,-0.21673,-0.96315,-0.87,1.12,0.17,-0.31671,-0.18436,-0.19589,-0.90958,-0.86,1.11,0.19,-0.54619,-0.25143,-0.16402,-0.78202,-0.84,1.09,0.2,-0.54619,-0.25143,-0.16402,-0.78202,-0.88,1.07,0.09,0.26875,-0.00978,-0.39469,-0.87858,-0.88,1.09,0.13,0.16725,-0.06961,-0.29801,-0.93722,-0.88,1.1,0.16,-0.25285,-0.17907,-0.31165,-0.89826,-0.87,1.1,0.18,-0.44715,-0.29198,-0.26939,-0.8014,-0.86,1.08,0.19,-0.44715,-0.29198,-0.26939,-0.8014,-0.7,1.09,0.12,-0.3376,-0.18806,-0.09575,0.91733,-0.68,1.05,0.07,-0.3376,-0.18806,-0.09575,0.91733,-0.72,1.06,0.09,-0.46918,-0.21407,0.56617,0.64304,-0.75,1.08,0.11,-0.31813,-0.08457,0.52192,0.78692,-0.76,1.09,0.13,-0.25988,-0.08057,0.60447,0.74872,-0.77,1.1,0.15,-0.25988,-0.08057,0.60447,0.74872,-0.71,1.07,0.09,-0.3376,-0.18806,-0.09575,0.91733,-0.73,1.11,0.13,-0.02925,-0.25688,0.05638,0.96435,-0.75,1.11,0.16,0.39638,-0.21258,0.13715,0.88254,-0.76,1.09,0.18,0.55988,-0.15547,0.16937,0.79604,-0.76,1.07,0.18,0.55988,-0.15547,0.16937,0.79604,-0.7,1.07,0.1,-0.3376,-0.18806,-0.09575,0.91733,-0.71,1.11,0.14,-0.06498,-0.21129,-0.04519,0.97421,-0.73,1.12,0.17,0.32253,-0.21337,0.02822,0.92177,-0.74,1.1,0.19,0.51224,-0.1905,0.01004,0.83739,-0.74,1.08,0.2,0.51224,-0.1905,0.01004,0.83739,-0.68,1.07,0.1,-0.3376,-0.18806,-0.09575,0.91733,-0.69,1.1,0.14,-0.15376,-0.16103,-0.13964,0.96485,-0.7,1.12,0.18,0.31295,-0.22578,-0.08757,0.91838,-0.71,1.1,0.19,0.55829,-0.26265,-0.04629,0.78561,-0.73,1.08,0.2,0.55829,-0.26265,-0.04629,0.78561,-0.67,1.07,0.11,-0.25764,-0.12496,-0.32655,0.90076,-0.68,1.09,0.14,-0.34117,-0.01343,-0.25619,0.90432,-0.67,1.11,0.17,0.21537,-0.16603,-0.28361,0.91957,-0.68,1.1,0.18,0.48734,-0.29155,-0.22272,0.7924,-0.69,1.09,0.19,0.48734,-0.29155,-0.22272,0.7924,-0.81,1.08,0.19
-0.8,1.44,-0.15,-0.8,1.44,-0.15,-0.85,1.1,0.11,0.33476,-0.06882,-0.13881,-0.92948,-0.86,1.06,0.06,0.33476,-0.06882,-0.13881,-0.92948,-0.82,1.08,0.09,0.42679,-0.17053,0.53573,-0.70835,-0.8,1.09,0.1,0.2005,-0.00498,0.48541,-0.85097,-0.8,1.1,0.14,0.089,0.01533,0.55941,-0.82396,-0.79,1.11,0.16,0.089,0.01533,0.55941,-0.82396,-0.84,1.08,0.09,0.33476,-0.06882,-0.13881,-0.92948,-0.83,1.12,0.13,0.00348,-0.11212,-0.05849,-0.99197,-0.82,1.12,0.17,-0.42191,-0.13086,-0.03052,-0.89662,-0.82,1.1,0.18,-0.57944,-0.10666,-0.01215,-0.80791,-0.81,1.08,0.19,-0.57944,-0.10666,-0.01215,-0.80791,-0.85,1.08,0.09,0.33476,-0.06882,-0.13881,-0.92948,-0.85,1.12,0.13,0.05894,-0.09561,-0.129,-0.98526,-0.85,1.12,0.17,-0.38953,-0.14512,-0.0852,-0.90551,-0.84,1.11,0.19,-0.58903,-0.14339,-0.1124,-0.7873,-0.83,1.08,0.2,-0.58903,-0.14339,-0.1124,-0.7873,-0.87,1.07,0.09,0.33476,-0.06882,-0.13881,-0.92948,-0.87,1.11,0.13,0.12219,-0.07401,-0.19213,-0.97092,-0.87,1.12,0.17,-0.34708,-0.17297,-0.17357,-0.90526,-0.85,1.1,0.19,-0.58111,-0.23466,-0.14498,-0.76565,-0.84,1.08,0.19,-0.58111,-0.23466,-0.14498,-0.76565,-0.88,1.07,0.09,0.27331,-0.00802,-0.37253,-0.88683,-0.88,1.09,0.13,0.15129,-0.07004,-0.27516,-0.94683,-0.88,1.1,0.16,-0.28629,-0.17325,-0.28891,-0.89697,-0.87,1.09,0.18,-0.49473,-0.2849,-0.2459,-0.78333,-0.86,1.08,0.18,-0.49473,-0.2849,-0.2459,-0.78333,-0.7,1.09,0.12,-0.32496,-0.17908,-0.09639,0.9236,-0.68,1.05,0.07,-0.32496,-0.17908,-0.09639,0.9236,-0.72,1.06,0.09,-0.45174,-0.21272,0.57052,0.65207,-0.75,1.07,0.11,-0.301,-0.08146,0.52568,0.79147,-0.76,1.09,0.14,-0.24365,-0.08009,0.60745,0.75182,-0.77,1.09,0.16,-0.24365,-0.08009,0.60745,0.75182,-0.71,1.07,0.09,-0.32496,-0.17908,-0.09639,0.9236,-0.73,1.11,0.13,-0.0083,-0.24855,0.05328,0.96712,-0.75,1.11,0.17,0.42224,-0.20498,0.13201,0.87308,-0.75,1.09,0.18,0.58351,-0.14876,0.16363,0.78142,-0.76,1.07,0.19,0.58351,-0.14876,0.16363,0.78142,-0.7,1.07,0.1,-0.32496,-0.17908,-0.09639,0.9236,-0.71,1.11,0.14,-0.05746,-0.20204,-0.05002,0.97641,-0.73,1.12,0.18,0.3579,-0.20591,0.02632,0.91039,-0.74,1.1,0.19,0.55816,-0.18025,0.00884,0.80987,-0.74,1.08,0.2,0.55816,-0.18025,0.00884,0.80987,-0.68,1.07,0.1,-0.32496,-0.17908,-0.09639,0.9236,-0.69,1.1,0.14,-0.13953,-0.15057,-0.14154,0.96841,-0.7,1.11,0.18,0.34567,-0.21859,-0.09033,0.90806,-0.71,1.1,0.19,0.59175,-0.25568,-0.05043,0.76283,-0.72,1.08,0.2,0.59175,-0.25568,-0.05043,0.76283,-0.67,1.07,0.11,-0.24706,-0.11278,-0.32685,0.90521,-0.68,1.09,0.15,-0.31957,-0.0054,-0.25464,0.91269,-0.67,1.11,0.17,0.23904,-0.15716,-0.28685,0.91426,-0.68,1.1,0.19,0.50573,-0.28346,-0.23042,0.78153,-0.69,1.09,0.19,0.50573,-0.28346,-0.23042,0.78153,-0.81,1.08,0.19
-0.8,1.44,-0.15,-0.8,1.44,-0.15,-0.85,1.1,0.11,0.33636,-0.06013,-0.13163,-0.93055,-0.86,1.06,0.06,0.33636,-0.06013,-0.13163,-0.93055,-0.82,1.07,0.09,0.4154,-0.15833,0.54779,-0.70873,-0.8,1.09,0.11,0.18627,0.01401,0.49388,-0.84923,-0.8,1.1,0.14,0.06976,0.03624,0.56461,-0.82161,-0.8,1.1,0.16,0.06976,0.03624,0.56461,-0.82161,-0.84,1.08,0.09,0.33636,-0.06013,-0.13163,-0.93055,-0.83,1.12,0.13,-0.01238,-0.10148,-0.05311,-0.99334,-0.82,1.12,0.17,-0.43646,-0.11854,-0.0303,-0.89137,-0.82,1.1,0.18,-0.59174,-0.09436,-0.01386,-0.80047,-0.82,1.08,0.19,-0.59174,-0.09436,-0.01386,-0.80047,-0.85,1.08,0.09,0.33636,-0.06013,-0.13163,-0.93055,-0.85,1.12,0.13,0.03848,-0.08823,-0.12237,-0.98781,-0.85,1.12,0.17,-0.40783,-0.1352,-0.08279,-0.89919,-0.84,1.1,0.19,-0.60555,-0.13202,-0.11198,-0.77675,-0.83,1.08,0.2,-0.60555,-0.13202,-0.11198,-0.77675,-0.87,1.07,0.09,0.33636,-0.06013,-0.13163,-0.93055,-0.87,1.11,0.13,0.10763,-0.06715,-0.18589,-0.97435,-0.87,1.12,0.17,-0.36498,-0.16409,-0.17102,-0.90034,-0.86,1.1,0.19,-0.60062,-0.22545,-0.14461,-0.75333,-0.84,1.08,0.19,-0.60062,-0.22545,-0.14461,-0.75333,-0.88,1.07,0.09,0.27765,0.00033,-0.36619,-0.88815,-0.89,1.09,0.13,0.14605,-0.0618,-0.27025,-0.94964,-0.88,1.1,0.16,-0.30573,-0.16759,-0.28621,-0.89248,-0.88,1.09,0.18,-0.52333,-0.28162,-0.24229,-0.76688,-0.86,1.08,0.18,-0.52333,-0.28162,-0.24229,-0.76688,-0.7,1.09,0.12,-0.32874,-0.1845,-0.11753,0.91874,-0.68,1.05,0.07,-0.32874,-0.1845,-0.11753,0.91874,-0.72,1.07,0.09,-0.4675,-0.20947,0.54906,0.66038,-0.75,1.08,0.11,-0.31563,-0.08539,0.50233,0.80047,-0.76,1.09,0.13,-0.25962,-0.08438,0.58595,0.76298,-0.77,1.1,0.15,-0.25962,-0.08438,0.58595,0.76298,-0.71,1.07,0.09,-0.32874,-0.1845,-0.11753,0.91874,-0.73,1.11,0.13,-0.01885,-0.26008,0.03407,0.9648,-0.75,1.11,0.16,0.41656,-0.22337,0.12108,0.87288,-0.76,1.09,0.18,0.57988,-0.16875,0.15669,0.78148,-0.76,1.07,0.18,0.57988,-0.16875,0.15669,0.78148,-0.7,1.07,0.1,-0.32874,-0.1845,-0.11753,0.91874,-0.71,1.11,0.14,-0.07848,-0.21102,-0.07301,0.97159,-0.73,1.12,0.17,0.34642,-0.22383,0.01158,0.91091,-0.74,1.1,0.19,0.55635,-0.20109,-0.00039,0.80625,-0.74,1.08,0.2,0.55635,-0.20109,-0.00039,0.80625,-0.68,1.07,0.1,-0.32874,-0.1845,-0.11753,0.91874,-0.69,1.1,0.14,-0.14993,-0.15848,-0.1628,0.96224,-0.7,1.12,0.18,0.34255,-0.237,-0.10266,0.9033,-0.71,1.1,0.19,0.59309,-0.27683,-0.0552,0.75403,-0.73,1.08,0.2,0.59309,-0.27683,-0.0552,0.75403,-0.67,1.07,0.11,-0.24672,-0.11988,-0.34674,0.89695,-0.68,1.09,0.15,-0.31942,-0.01068,-0.27573,0.90655,-0.67,1.11,0.17,0.23786,-0.17364,-0.30081,0.90708,-0.68,1.1,0.19,0.50389,-0.3038,-0.23753,0.7729,-0.7,1.09,0.19,0.50389,-0.3038,-0.23753,0.7729,-0.81,1.08,0.19
-0.8,1.44,-0.15,-0.8,1.44,-0.15,-0.85,1.1,0.11,0.33363,-0.05552,-0.13345,-0.93156,-0.86,1.06,0.06,0.33363,-0.05552,-0.13345,-0.93156,-0.83,1.07,0.09,0.41074,-0.15378,0.54718,-0.71291,-0.8,1.09,0.11,0.18029,0.01905,0.4918,-0.85163,-0.8,1.1,0.14,0.06257,0.04091,0.5618,-0.82389,-0.8,1.1,0.16,0.06257,0.04091,0.5618,-0.82389,-0.84,1.08,0.09,0.33363,-0.05552,-0.13345,-0.93156,-0.83,1.12,0.13,-0.024,-0.09829,-0.05546,-0.99332,-0.83,1.12,0.17,-0.44226,-0.11618,-0.03445,-0.88867,-0.82,1.1,0.18,-0.59427,-0.09264,-0.01857,-0.7987,-0.82,1.08,0.19,-0.59427,-0.09264,-0.01857,-0.7987,-0.85,1.07,0.09,0.33363,-0.05552,-0.13345,-0.93156,-0.85,1.12,0.13,0.02595,-0.086,-0.12428,-0.98817,-0.85,1.12,0.17,-0.4133,-0.13334,-0.08638,-0.89663,-0.84,1.1,0.19,-0.60862,-0.13052,-0.11587,-0.77402,-0.83,1.08,0.2,-0.60862,-0.13052,-0.11587,-0.77402,-0.87,1.07,0.09,0.33363,-0.05552,-0.13345,-0.93156,-0.87,1.11,0.13,0.09777,-0.06419,-0.18814,-0.97515,-0.87,1.11,0.17,-0.37232,-0.16186,-0.17481,-0.89701,-0.86,1.1,0.19,-0.60651,-0.22414,-0.14904,-0.74813,-0.85,1.08,0.19,-0.60651,-0.22414,-0.14904,-0.74813,-0.88,1.07,0.09,0.27569,0.00547,-0.36786,-0.88806,-0.89,1.09,0.13,0.14186,-0.05659,-0.27325,-0.94974,-0.89,1.1,0.16,-0.31405,-0.16549,-0.29046,-0.88861,-0.88,1.09,0.18,-0.53284,-0.28138,-0.24647,-0.75905,-0.86,1.08,0.18,-0.53284,-0.28138,-0.24647,-0.75905,-0.71,1.09,0.12,-0.30658,-0.19747,-0.11185,0.92439,-0.68,1.06,0.07,-0.30658,-0.19747,-0.11185,0.92439,-0.72,1.07,0.09,-0.46376,-0.23691,0.54156,0.65993,-0.75,1.08,0.11,-0.31556,-0.1174,0.50014,0.79781,-0.77,1.09,0.13,-0.26619,-0.11895,0.58458,0.75714,-0.78,1.1,0.15,-0.26619,-0.11895,0.58458,0.75714,-0.71,1.07,0.09,-0.30658,-0.19747,-0.11185,0.92439,-0.73,1.11,0.13,-0.00746,-0.27878,0.04375,0.95933,-0.75,1.11,0.16,0.41458,-0.23717,0.13529,0.86808,-0.76,1.09,0.18,0.57772,-0.17947,0.17354,0.77712,-0.76,1.07,0.18,0.57772,-0.17947,0.17354,0.77712,-0.7,1.07,0.1,-0.30658,-0.19747,-0.11185,0.92439,-0.71,1.11,0.14,-0.10758,-0.21735,-0.07679,0.9671,-0.73,1.12,0.17,0.30049,-0.23171,0.00652,0.92519,-0.74,1.11,0.19,0.51485,-0.21302,-0.0041,0.83038,-0.75,1.09,0.2,0.51485,-0.21302,-0.0041,0.83038,-0.68,1.07,0.1,-0.30658,-0.19747,-0.11185,0.92439,-0.7,1.1,0.14,-0.18618,-0.15661,-0.16539,0.95575,-0.7,1.12,0.18,0.3013,-0.23736,-0.10657,0.91735,-0.72,1.11,0.19,0.55881,-0.2795,-0.05756,0.77865,-0.73,1.09,0.2,0.55881,-0.2795,-0.05756,0.77865,-0.68,1.07,0.11,-0.22328,-0.12695,-0.33907,0.90502,-0.68,1.09,0.15,-0.3149,-0.00972,-0.26665,0.91085,-0.67,1.11,0.17,0.23398,-0.16439,-0.29541,0.91157,-0.68,1.1,0.19,0.50533,-0.29442,-0.23412,0.77662,-0.7,1.09,0.19,0.50533,-0.29442,-0.23412,0.77662,-0.81,1.08,0.19
-0.8,1.44,-0.15,-0.8,1.44,-0.15,-0.85,1.1,0.11,0.32884,-0.05354,-0.13449,-0.93322,-0.86,1.06,0.06,0.32884,-0.05354,-0.13449,-0.93322,-0.83,1.07,0.09,0.40727,-0.15474,0.54532,-0.7161,-0.8,1.09,0.11,0.17526,0.01833,0.49025,-0.85358,-0.8,1.1,0.14,0.0595,0.0382,0.5605,-0.82513,-0.8,1.1,0.16,0.0595,0.0382,0.5605,-0.82513,-0.84,1.08,0.09,0.32884,-0.05354,-0.13449,-0.93322,-0.83,1.12,0.13,-0.03068,-0.09748,-0.05669,-0.99315,-0.83,1.12,0.17,-0.44205,-0.11553,-0.03675,-0.88876,-0.82,1.1,0.18,-0.59124,-0.09228,-0.02134,-0.80092,-0.82,1.08,0.19,-0.59124,-0.09228,-0.02134,-0.80092,-0.85,1.07,0.09,0.32884,-0.05354,-0.13449,-0.93322,-0.85,1.12,0.13,0.01832,-0.08544,-0.12507,-0.98829,-0.85,1.12,0.18,-0.41014,-0.13211,-0.08881,-0.89802,-0.84,1.1,0.19,-0.60171,-0.12977,-0.11885,-0.77909,-0.83,1.08,0.2,-0.60171,-0.12977,-0.11885,-0.77909,-0.87,1.07,0.09,0.32884,-0.05354,-0.13449,-0.93322,-0.87,1.11,0.13,0.0913,-0.06271,-0.18923,-0.97567,-0.87,1.11,0.17,-0.37324,-0.15988,-0.17735,-0.89648,-0.86,1.1,0.19,-0.60573,-0.22272,-0.15235,-0.74851,-0.85,1.08,0.19,-0.60573,-0.22272,-0.15235,-0.74851,-0.88,1.07,0.09,0.27129,0.0086,-0.36858,-0.88909,-0.89,1.09,0.13,0.13794,-0.05283,-0.27493,-0.95005,-0.89,1.1,0.16,-0.31982,-0.16336,-0.29327,-0.88601,-0.88,1.09,0.18,-0.53855,-0.28029,-0.24971,-0.75435,-0.86,1.07,0.18,-0.53855,-0.28029,-0.24971,-0.75435,-0.71,1.09,0.12,-0.29559,-0.20094,-0.11177,0.92723,-0.68,1.06,0.07,-0.29559,-0.20094,-0.11177,0.92723,-0.72,1.07,0.09,-0.4543,-0.25029,0.54334,0.66011,-0.75,1.08,0.1,-0.30686,-0.13026,0.50487,0.79623,-0.77,1.09,0.13,-0.26281,-0.13547,0.58871,0.75233,-0.78,1.09,0.15,-0.26281,-0.13547,0.58871,0.75233,-0.71,1.07,0.09,-0.29559,-0.20094,-0.11177,0.92723,-0.73,1.11,0.13,-0.00067,-0.29159,0.04916,0.95528,-0.75,1.11,0.16,0.40831,-0.24801,0.1426,0.86686,-0.76,1.09,0.17,0.57105,-0.18887,0.18264,0.77774,-0.76,1.07,0.18,0.57105,-0.18887,0.18264,0.77774,-0.7,1.07,0.1,-0.29559,-0.20094,-0.11177,0.92723,-0.71,1.11,0.14,-0.10948,-0.21894,-0.07943,0.96632,-0.73,1.12,0.17,0.28559,-0.23432,0.00155,0.92926,-0.74,1.11,0.19,0.49562,-0.21793,-0.00939,0.8407,-0.75,1.09,0.21,0.49562,-0.21793,-0.00939,0.8407,-0.68,1.07,0.1,-0.29559,-0.20094,-0.11177,0.92723,-0.7,1.1,0.14,-0.18905,-0.15481,-0.16748,0.95512,-0.7,1.12,0.18,0.28758,-0.23568,-0.11172,0.92156,-0.72,1.11,0.19,0.54381,-0.27971,-0.06344,0.78867,-0.73,1.09,0.2,0.54381,-0.27971,-0.06344,0.78867,-0.68,1.07,0.11,-0.21188,-0.12763,-0.33797,0.90807,-0.68,1.09,0.15,-0.30855,-0.00434,-0.26488,0.91357,-0.68,1.11,0.17,0.22204,-0.15267,-0.29924,0.91534,-0.68,1.1,0.19,0.49323,-0.28424,-0.24161,0.78585,-0.7,1.09,0.2,0.49323,-0.28424,-0.24161,0.78585,-0.81,1.08,0.19
-0.8,1.44,-0.15,-0.8,1.44,-0.15,-0.85,1.1,0.11,0.32606,-0.05313,-0.13618,-0.93398,-0.86,1.06,0.06,0.32606,-0.05313,-0.13618,-0.93398,-0.83,1.08,0.09,0.40586,-0.15482,0.54342,-0.71834,-0.8,1.09,0.11,0.17318,0.01785,0.48834,-0.85511,-0.8,1.1,0.14,0.06197,0.03423,0.55926,-0.82596,-0.8,1.1,0.16,0.06197,0.03423,0.55926,-0.82596,-0.84,1.08,0.09,0.32606,-0.05313,-0.13618,-0.93398,-0.83,1.12,0.13,-0.03086,-0.0988,-0.05791,-0.99294,-0.83,1.12,0.17,-0.43998,-0.11713,-0.0376,-0.88954,-0.82,1.1,0.18,-0.58878,-0.094,-0.02205,-0.8025,-0.82,1.08,0.19,-0.58878,-0.094,-0.02205,-0.8025,-0.85,1.08,0.09,0.32606,-0.05313,-0.13618,-0.93398,-0.86,1.12,0.13,0.01769,-0.08607,-0.12642,-0.98808,-0.85,1.12,0.18,-0.40509,-0.13271,-0.09056,-0.90005,-0.84,1.1,0.19,-0.59437,-0.13085,-0.12071,-0.78424,-0.83,1.08,0.2,-0.59437,-0.13085,-0.12071,-0.78424,-0.87,1.07,0.09,0.32606,-0.05313,-0.13618,-0.93398,-0.87,1.11,0.13,0.0902,-0.06256,-0.1908,-0.97547,-0.87,1.11,0.17,-0.37077,-0.15979,-0.17933,-0.89713,-0.86,1.1,0.19,-0.60178,-0.22302,-0.15458,-0.75115,-0.85,1.08,0.19,-0.60178,-0.22302,-0.15458,-0.75115,-0.88,1.07,0.09,0.26842,0.00964,-0.36999,-0.88936,-0.89,1.09,0.13,0.13796,-0.05055,-0.27693,-0.94959,-0.89,1.1,0.16,-0.32044,-0.16256,-0.29592,-0.88505,-0.88,1.09,0.18,-0.5382,-0.28006,-0.25267,-0.7537,-0.86,1.08,0.18,-0.5382,-0.28006,-0.25267,-0.7537,-0.7,1.09,0.12,-0.3053,-0.19464,-0.11921,0.9245,-0.68,1.06,0.07,-0.3053,-0.19464,-0.11921,0.9245,-0.72,1.07,0.09,-0.45709,-0.24073,0.54257,0.66237,-0.75,1.08,0.11,-0.3109,-0.12195,0.50149,0.79811,-0.77,1.09,0.13,-0.2715,-0.13093,0.58504,0.75291,-0.78,1.1,0.15,-0.2715,-0.13093,0.58504,0.75291,-0.71,1.07,0.09,-0.3053,-0.19464,-0.11921,0.9245,-0.73,1.11,0.13,-0.01133,-0.28587,0.0397,0.95738,-0.75,1.11,0.16,0.40841,-0.2457,0.13419,0.86881,-0.76,1.09,0.17,0.5739,-0.18774,0.1745,0.77778,-0.76,1.07,0.18,0.5739,-0.18774,0.1745,0.77778,-0.7,1.07,0.1,-0.3053,-0.19464,-0.11921,0.9245,-0.71,1.11,0.14,-0.0743,-0.21795,-0.07767,0.97002,-0.73,1.12,0.17,0.36475,-0.2318,0.01418,0.90168,-0.74,1.1,0.19,0.58299,-0.2062,0.00602,0.78586,-0.75,1.08,0.2,0.58299,-0.2062,0.00602,0.78586,-0.68,1.07,0.1,-0.3053,-0.19464,-0.11921,0.9245,-0.69,1.1,0.14,-0.09288,-0.16935,-0.15698,0.96853,-0.71,1.11,0.18,0.40796,-0.24249,-0.09031,0.87557,-0.72,1.1,0.19,0.65772,-0.27634,-0.04019,0.69958,-0.73,1.07,0.19,0.65772,-0.27634,-0.04019,0.69958,-0.67,1.07,0.11,-0.22159,-0.12406,-0.34608,0.90318,-0.68,1.09,0.15,-0.21633,-0.04291,-0.27444,0.93597,-0.68,1.1,0.17,0.34112,-0.19064,-0.28315,0.87586,-0.69,1.09,0.19,0.59512,-0.31368,-0.21903,0.70673,-0.7,1.08,0.19,0.59512,-0.31368,-0.21903,0.70673,-0.81,1.08,0.19
-0.8,1.44,-0.15,-0.8,1.44,-0.15,-0.85,1.1,0.11,0.33694,-0.05679,-0.14041,-0.92927,-0.86,1.06,0.06,0.33694,-0.05679,-0.14041,-0.92927,-0.83,1.08,0.09,0.4158,-0.14919,0.54198,-0.71492,-0.8,1.09,0.11,0.18452,0.02153,0.48509,-0.8545,-0.8,1.1,0.14,0.07544,0.03695,0.55652,-0.82658,-0.8,1.11,0.16,0.07544,0.03695,0.55652,-0.82658,-0.84,1.08,0.09,0.33694,-0.05679,-0.14041,-0.92927,-0.83,1.12,0.13,-0.01622,-0.10333,-0.06063,-0.99267,-0.83,1.12,0.17,-0.42658,-0.12275,-0.03814,-0.89527,-0.82,1.1,0.18,-0.57776,-0.09977,-0.02187,-0.80979,-0.82,1.08,0.19,-0.57776,-0.09977,-0.02187,-0.80979,-0.85,1.08,0.09,0.33694,-0.05679,-0.14041,-0.92927,-0.86,1.12,0.13,0.0314,-0.09128,-0.1292,-0.98691,-0.85,1.12,0.17,-0.3899,-0.13854,-0.09119,-0.9058,-0.84,1.1,0.19,-0.58153,-0.13771,-0.12028,-0.79271,-0.83,1.08,0.2,-0.58153,-0.13771,-0.12028,-0.79271,-0.87,1.07,0.09,0.33694,-0.05679,-0.14041,-0.92927,-0.87,1.11,0.13,0.10453,-0.0678,-0.1942,-0.97302,-0.87,1.12,0.17,-0.35637,-0.16643,-0.17976,-0.90166,-0.86,1.1,0.19,-0.58972,-0.22995,-0.15272,-0.75897,-0.85,1.08,0.19,-0.58972,-0.22995,-0.15272,-0.75897,-0.88,1.07,0.09,0.27769,0.00312,-0.37456,-0.88464,-0.89,1.09,0.13,0.1532,-0.0551,-0.28069,-0.94589,-0.89,1.1,0.16,-0.30717,-0.17,-0.29698,-0.888,-0.88,1.09,0.18,-0.52868,-0.28833,-0.2502,-0.75813,-0.86,1.08,0.18,-0.52868,-0.28833,-0.2502,-0.75813,-0.7,1.1,0.12,-0.33662,-0.18124,-0.12438,0.91562,-0.68,1.06,0.07,-0.33662,-0.18124,-0.12438,0.91562,-0.72,1.07,0.09,-0.47307,-0.21908,0.54364,0.65777,-0.75,1.08,0.11,-0.33103,-0.10339,0.49713,0.79536,-0.76,1.1,0.13,-0.29729,-0.11586,0.58076,0.74894,-0.78,1.11,0.15,-0.29729,-0.11586,0.58076,0.74894,-0.71,1.08,0.09,-0.33662,-0.18124,-0.12438,0.91562,-0.73,1.12,0.13,-0.06277,-0.26747,0.02248,0.96126,-0.75,1.12,0.16,0.36614,-0.23744,0.11169,0.8928,-0.76,1.11,0.18,0.54053,-0.1838,0.1502,0.80715,-0.76,1.09,0.18,0.54053,-0.1838,0.1502,0.80715,-0.7,1.08,0.1,-0.33662,-0.18124,-0.12438,0.91562,-0.71,1.12,0.14,-0.09567,-0.20355,-0.08597,0.97058,-0.72,1.13,0.17,0.37908,-0.22264,0.00855,0.89814,-0.73,1.11,0.19,0.61389,-0.19631,0.00134,0.76459,-0.74,1.09,0.2,0.61389,-0.19631,0.00134,0.76459,-0.68,1.08,0.1,-0.33662,-0.18124,-0.12438,0.91562,-0.69,1.11,0.14,-0.06641,-0.16885,-0.15623,0.97091,-0.7,1.12,0.18,0.46274,-0.24333,-0.08244,0.84845,-0.72,1.1,0.19,0.72143,-0.27221,-0.02699,0.63618,-0.72,1.08,0.19,0.72143,-0.27221,-0.02699,0.63618,-0.67,1.07,0.11,-0.25411,-0.11892,-0.3539,0.89221,-0.67,1.1,0.14,-0.19024,-0.06934,-0.2806,0.93823,-0.68,1.11,0.17,0.39838,-0.22325,-0.26691,0.84866,-0.69,1.1,0.18,0.65212,-0.34071,-0.19059,0.64987,-0.7,1.08,0.18,0.65212,-0.34071,-0.19059,0.64987,-0.81,1.08,0.19
-0.8,1.44,-0.15,-0.8,1.44,-0.15,-0.85,1.1,0.11,0.34661,-0.06057,-0.14272,-0.92511,-0.86,1.06,0.06,0.34661,-0.06057,-0.14272,-0.92511,-0.83,1.08,0.09,0.42345,-0.14567,0.54265,-0.71063,-0.8,1.09,0.11,0.19422,0.0238,0.48465,-0.85254,-0.8,1.1,0.14,0.08693,0.0388,0.55646,-0.8254,-0.8,1.11,0.16,0.08693,0.0388,0.55646,-0.8254,-0.84,1.08,0.09,0.34661,-0.06057,-0.14272,-0.92511,-0.83,1.12,0.13,-0.00535,-0.10673,-0.06182,-0.99235,-0.83,1.12,0.17,-0.4163,-0.1266,-0.03782,-0.89957,-0.82,1.1,0.18,-0.56985,-0.10364,-0.02099,-0.81492,-0.82,1.08,0.19,-0.56985,-0.10364,-0.02099,-0.81492,-0.85,1.08,0.09,0.34661,-0.06057,-0.14272,-0.92511,-0.86,1.12,0.13,0.04234,-0.09532,-0.1306,-0.98593,-0.85,1.13,0.17,-0.37782,-0.14275,-0.09101,-0.91027,-0.84,1.11,0.19,-0.57152,-0.14263,-0.11934,-0.79924,-0.83,1.09,0.2,-0.57152,-0.14263,-0.11934,-0.79924,-0.87,1.08,0.09,0.34661,-0.06057,-0.14272,-0.92511,-0.87,1.11,0.13,0.11756,-0.07217,-0.19599,-0.97085,-0.87,1.12,0.17,-0.34383,-0.17161,-0.1791,-0.90568,-0.86,1.1,0.19,-0.57983,-0.23521,-0.15014,-0.76546,-0.84,1.09,0.19,-0.57983,-0.23521,-0.15014,-0.76546,-0.88,1.07,0.09,0.28602,-0.00318,-0.37723,-0.88084,-0.89,1.09,0.13,0.16955,-0.05917,-0.28237,-0.94235,-0.89,1.1,0.16,-0.29144,-0.17568,-0.29666,-0.8923,-0.88,1.1,0.18,-0.51763,-0.29467,-0.24661,-0.76447,-0.86,1.08,0.18,-0.51763,-0.29467,-0.24661,-0.76447,-0.7,1.1,0.11,-0.351,-0.18014,-0.10388,0.91299,-0.68,1.06,0.07,-0.351,-0.18014,-0.10388,0.91299,-0.72,1.07,0.09,-0.47391,-0.21848,0.56363,0.64031,-0.75,1.08,0.11,-0.33567,-0.0989,0.51801,0.78052,-0.77,1.1,0.13,-0.30052,-0.10985,0.60053,0.73279,-0.78,1.11,0.15,-0.30052,-0.10985,0.60053,0.73279,-0.71,1.08,0.09,-0.351,-0.18014,-0.10388,0.91299,-0.73,1.12,0.13,-0.07813,-0.2596,0.04209,0.96163,-0.75,1.12,0.16,0.33851,-0.22415,0.12258,0.90562,-0.76,1.11,0.18,0.51213,-0.1694,0.15655,0.82736,-0.76,1.09,0.19,0.51213,-0.1694,0.15655,0.82736,-0.7,1.08,0.1,-0.351,-0.18014,-0.10388,0.91299,-0.71,1.12,0.13,-0.14219,-0.19088,-0.07582,0.9683,-0.72,1.13,0.17,0.3195,-0.20746,0.00769,0.92456,-0.73,1.12,0.19,0.55577,-0.18662,-0.00544,0.8101,-0.74,1.1,0.2,0.55577,-0.18662,-0.00544,0.8101,-0.68,1.08,0.1,-0.351,-0.18014,-0.10388,0.91299,-0.69,1.11,0.14,-0.1352,-0.15132,-0.14937,0.96774,-0.7,1.12,0.17,0.38445,-0.22612,-0.08885,0.8906,-0.71,1.11,0.19,0.65452,-0.26105,-0.03924,0.70846,-0.72,1.09,0.19,0.65452,-0.26105,-0.03924,0.70846,-0.67,1.07,0.11,-0.27119,-0.12082,-0.33555,0.89402,-0.67,1.1,0.14,-0.24538,-0.0535,-0.26491,0.93099,-0.67,1.11,0.17,0.33497,-0.2023,-0.26584,0.88102,-0.68,1.1,0.18,0.60239,-0.32173,-0.19437,0.70415,-0.7,1.09,0.19,0.60239,-0.32173,-0.19437,0.70415,-0.81,1.08,0.19
-0.8,1.44,-0.15,-0.8,1.44,-0.15,-0.85,1.1,0.11,0.34595,-0.06135,-0.14471,-0.92499,-0.86,1.06,0.06,0.34595,-0.06135,-0.14471,-0.92499,-0.83,1.08,0.09,0.4208,-0.14793,0.54379,-0.71087,-0.8,1.09,0.11,0.19257,0.02161,0.48646,-0.85194,-0.8,1.1,0.14,0.08752,0.03529,0.5586,-0.82405,-0.8,1.11,0.16,0.08752,0.03529,0.5586,-0.82405,-0.84,1.08,0.09,0.34595,-0.06135,-0.14471,-0.92499,-0.83,1.12,0.13,-0.00439,-0.1069,-0.0646,-0.99216,-0.83,1.12,0.17,-0.41402,-0.12786,-0.04047,-0.90033,-0.82,1.11,0.18,-0.56872,-0.1054,-0.0233,-0.81542,-0.82,1.08,0.19,-0.56872,-0.1054,-0.0233,-0.81542,-0.85,1.08,0.09,0.34595,-0.06135,-0.14471,-0.92499,-0.86,1.12,0.13,0.04283,-0.09605,-0.1327,-0.98556,-0.85,1.13,0.17,-0.37616,-0.1442,-0.09277,-0.91055,-0.84,1.11,0.19,-0.57126,-0.14462,-0.12065,-0.79887,-0.83,1.09,0.2,-0.57126,-0.14462,-0.12065,-0.79887,-0.87,1.08,0.09,0.34595,-0.06135,-0.14471,-0.92499,-0.87,1.11,0.13,0.1215,-0.07265,-0.19797,-0.96993,-0.87,1.12,0.17,-0.34007,-0.17313,-0.18051,-0.90653,-0.86,1.1,0.19,-0.57759,-0.2373,-0.15072,-0.76639,-0.84,1.09,0.19,-0.57759,-0.2373,-0.15072,-0.76639,-0.88,1.07,0.09,0.28495,-0.00385,-0.37902,-0.88042,-0.89,1.09,0.13,0.17625,-0.06033,-0.28317,-0.9408,-0.89,1.1,0.16,-0.28286,-0.17696,-0.29716,-0.89463,-0.88,1.1,0.18,-0.51157,-0.29658,-0.24582,-0.76806,-0.86,1.08,0.18,-0.51157,-0.29658,-0.24582,-0.76806,-0.71,1.1,0.11,-0.33036,-0.20533,-0.07873,0.91788,-0.68,1.06,0.07,-0.33036,-0.20533,-0.07873,0.91788,-0.72,1.07,0.09,-0.46421,-0.25564,0.57725,0.62124,-0.75,1.08,0.1,-0.31867,-0.1254,0.54343,0.76643,-0.77,1.09,0.13,-0.27553,-0.12903,0.62491,0.71897,-0.78,1.09,0.15,-0.27553,-0.12903,0.62491,0.71897,-0.71,1.07,0.09,-0.33036,-0.20533,-0.07873,0.91788,-0.74,1.11,0.13,-0.0363,-0.2776,0.07982,0.95669,-0.76,1.11,0.16,0.35895,-0.22653,0.1602,0.89116,-0.76,1.1,0.17,0.51509,-0.16727,0.19156,0.81854,-0.77,1.08,0.18,0.51509,-0.16727,0.19156,0.81854,-0.7,1.07,0.09,-0.33036,-0.20533,-0.07873,0.91788,-0.72,1.12,0.13,-0.15478,-0.20698,-0.05369,0.96453,-0.73,1.13,0.17,0.2589,-0.21334,0.024,0.94174,-0.74,1.12,0.19,0.4772,-0.19406,0.0081,0.85706,-0.75,1.1,0.2,0.4772,-0.19406,0.0081,0.85706,-0.68,1.08,0.1,-0.33036,-0.20533,-0.07873,0.91788,-0.7,1.11,0.14,-0.21541,-0.1516,-0.13814,0.95474,-0.71,1.13,0.17,0.26698,-0.22035,-0.08648,0.93418,-0.72,1.11,0.19,0.53361,-0.25847,-0.04211,0.80416,-0.73,1.09,0.2,0.53361,-0.25847,-0.04211,0.80416,-0.68,1.07,0.11,-0.24944,-0.13979,-0.30885,0.90711,-0.68,1.1,0.14,-0.33005,-0.02984,-0.2395,0.91259,-0.68,1.11,0.17,0.20264,-0.16207,-0.2649,0.92871,-0.69,1.11,0.18,0.47911,-0.28215,-0.20572,0.80531,-0.7,1.1,0.19,0.47911,-0.28215,-0.20572,0.80531,-0.81,1.08,0.19
-0.8,1.44,-0.15,-0.8,1.44,-0.15,-0.85,1.1,0.11,0.33634,-0.05852,-0.15177,-0.92759,-0.86,1.06,0.06,0.33634,-0.05852,-0.15177,-0.92759,-0.83,1.08,0.09,0.41475,-0.15492,0.53713,-0.71796,-0.8,1.09,0.11,0.1847,0.01323,0.48192,-0.85643,-0.8,1.1,0.14,0.08253,0.02418,0.55505,-0.82736,-0.8,1.11,0.16,0.08253,0.02418,0.55505,-0.82736,-0.84,1.08,0.09,0.33634,-0.05852,-0.15177,-0.92759,-0.83,1.12,0.13,-0.00076,-0.10458,-0.07541,-0.99165,-0.83,1.12,0.17,-0.40749,-0.13011,-0.05166,-0.90241,-0.82,1.1,0.18,-0.56299,-0.10965,-0.0341,-0.81845,-0.82,1.08,0.19,-0.56299,-0.10965,-0.0341,-0.81845,-0.85,1.08,0.09,0.33634,-0.05852,-0.15177,-0.92759,-0.86,1.12,0.13,0.03789,-0.09408,-0.14112,-0.98478,-0.85,1.12,0.17,-0.37528,-0.14533,-0.10202,-0.90974,-0.84,1.11,0.19,-0.56869,-0.14763,-0.12949,-0.79877,-0.83,1.08,0.2,-0.56869,-0.14763,-0.12949,-0.79877,-0.87,1.07,0.09,0.33634,-0.05852,-0.15177,-0.92759,-0.87,1.11,0.13,0.11323,-0.07051,-0.20527,-0.96957,-0.87,1.12,0.17,-0.34251,-0.17335,-0.18883,-0.90387,-0.86,1.1,0.19,-0.57749,-0.23951,-0.159,-0.7641,-0.84,1.08,0.2,-0.57749,-0.23951,-0.159,-0.7641,-0.88,1.07,0.09,0.27519,0.00112,-0.38509,-0.88089,-0.89,1.09,0.13,0.1663,-0.05992,-0.289,-0.94087,-0.89,1.1,0.16,-0.28575,-0.17656,-0.30325,-0.89175,-0.88,1.09,0.18,-0.51071,-0.29705,-0.25275,-0.7662,-0.86,1.08,0.18,-0.51071,-0.29705,-0.25275,-0.7662,-0.71,1.09,0.11,-0.31741,-0.20623,-0.07239,0.92276,-0.68,1.06,0.07,-0.31741,-0.20623,-0.07239,0.92276,-0.72,1.07,0.09,-0.45237,-0.2644,0.58187,0.62199,-0.75,1.07,0.1,-0.30043,-0.12724,0.55187,0.76746,-0.77,1.08,0.13,-0.24851,-0.12507,0.63317,0.72228,-0.78,1.09,0.15,-0.24851,-0.12507,0.63317,0.72228,-0.71,1.07,0.09,-0.31741,-0.20623,-0.07239,0.92276,-0.74,1.11,0.13,0.01697,-0.27689,0.10033,0.9555,-0.76,1.11,0.16,0.40602,-0.21652,0.1782,0.86978,-0.76,1.09,0.17,0.55294,-0.15482,0.20799,0.79185,-0.76,1.07,0.18,0.55294,-0.15482,0.20799,0.79185,-0.7,1.07,0.09,-0.31741,-0.20623,-0.07239,0.92276,-0.72,1.11,0.13,-0.13742,-0.20646,-0.04646,0.96764,-0.73,1.13,0.17,0.26189,-0.2101,0.0272,0.94156,-0.74,1.11,0.19,0.46606,-0.19088,0.00879,0.86387,-0.75,1.09,0.2,0.46606,-0.19088,0.00879,0.86387,-0.68,1.07,0.1,-0.31741,-0.20623,-0.07239,0.92276,-0.7,1.11,0.14,-0.21146,-0.14884,-0.13267,0.95683,-0.71,1.12,0.17,0.26565,-0.21471,-0.0843,0.93607,-0.72,1.11,0.19,0.52095,-0.25248,-0.04443,0.81418,-0.73,1.09,0.2,0.52095,-0.25248,-0.04443,0.81418,-0.68,1.07,0.1,-0.23751,-0.13718,-0.30189,0.91303,-0.68,1.09,0.14,-0.32414,-0.01941,-0.23191,0.91694,-0.68,1.11,0.17,0.18662,-0.14259,-0.26663,0.93475,-0.68,1.11,0.18,0.44512,-0.25971,-0.21847,0.82866,-0.7,1.09,0.2,0.44512,-0.25971,-0.21847,0.82866,-0.81,1.08,0.19
-0.8,1.44,-0.15,-0.8,1.44,-0.15,-0.86,1.1,0.11,0.31662,-0.05061,-0.16607,-0.93253,-0.86,1.06,0.06,0.31662,-0.05061,-0.16607,-0.93253,-0.83,1.08,0.09,0.41074,-0.17062,0.51486,-0.73287,-0.8,1.09,0.11,0.18817,-0.01519,0.46341,-0.8658,-0.8,1.1,0.14,0.09151,-0.00779,0.54032,-0.83643,-0.79,1.11,0.16,0.09151,-0.00779,0.54032,-0.83643,-0.84,1.08,0.09,0.31662,-0.05061,-0.16607,-0.93253,-0.84,1.12,0.13,-0.00987,-0.09997,-0.09458,-0.99044,-0.83,1.12,0.17,-0.41678,-0.13362,-0.07079,-0.89634,-0.82,1.1,0.18,-0.57253,-0.11652,-0.05183,-0.80991,-0.82,1.08,0.19,-0.57253,-0.11652,-0.05183,-0.80991,-0.85,1.08,0.09,0.31662,-0.05061,-0.16607,-0.93253,-0.86,1.12,0.13,0.01581,-0.08962,-0.15762,-0.9833,-0.85,1.12,0.18,-0.40663,-0.14939,-0.11692,-0.89368,-0.84,1.1,0.19,-0.6005,-0.15312,-0.14196,-0.77188,-0.83,1.08,0.2,-0.6005,-0.15312,-0.14196,-0.77188,-0.87,1.07,0.09,0.31662,-0.05061,-0.16607,-0.93253,-0.87,1.11,0.13,0.08507,-0.06592,-0.21998,-0.96955,-0.87,1.11,0.17,-0.37171,-0.17582,-0.20356,-0.88853,-0.86,1.1,0.19,-0.6027,-0.24532,-0.1726,-0.73945,-0.85,1.08,0.19,-0.6027,-0.24532,-0.1726,-0.73945,-0.88,1.07,0.09,0.25564,0.01329,-0.39734,-0.88125,-0.89,1.09,0.13,0.14024,-0.05433,-0.30302,-0.94104,-0.89,1.1,0.16,-0.30993,-0.17632,-0.31756,-0.87864,-0.88,1.09,0.18,-0.52733,-0.29958,-0.26845,-0.74841,-0.86,1.08,0.18,-0.52733,-0.29958,-0.26845,-0.74841,-0.71,1.09,0.11,-0.32494,-0.1994,-0.0895,0.92013,-0.68,1.06,0.07,-0.32494,-0.1994,-0.0895,0.92013,-0.72,1.07,0.09,-0.46075,-0.24702,0.57007,0.63381,-0.75,1.08,0.1,-0.30617,-0.11293,0.53513,0.77919,-0.77,1.09,0.13,-0.25144,-0.10998,0.61742,0.73721,-0.78,1.09,0.15,-0.25144,-0.10998,0.61742,0.73721,-0.71,1.07,0.09,-0.32494,-0.1994,-0.0895,0.92013,-0.73,1.11,0.13,0.02487,-0.27867,0.09169,0.95568,-0.75,1.11,0.16,0.42096,-0.2199,0.17293,0.86286,-0.76,1.09,0.17,0.56801,-0.15863,0.20418,0.78136,-0.76,1.07,0.18,0.56801,-0.15863,0.20418,0.78136,-0.7,1.07,0.09,-0.32494,-0.1994,-0.0895,0.92013,-0.71,1.11,0.13,-0.09933,-0.20949,-0.05245,0.97134,-0.73,1.12,0.17,0.31504,-0.21432,0.02668,0.92418,-0.74,1.11,0.19,0.52591,-0.19078,0.01127,0.82879,-0.75,1.09,0.2,0.52591,-0.19078,0.01127,0.82879,-0.68,1.07,0.1,-0.32494,-0.1994,-0.0895,0.92013,-0.7,1.11,0.14,-0.19064,-0.15063,-0.1454,0.95908,-0.7,1.12,0.17,0.29486,-0.22235,-0.09293,0.92465,-0.72,1.11,0.19,0.55096,-0.26145,-0.04988,0.79095,-0.73,1.09,0.2,0.55096,-0.26145,-0.04988,0.79095,-0.67,1.07,0.1,-0.24387,-0.13281,-0.31909,0.90613,-0.68,1.09,0.14,-0.31752,-0.01544,-0.25,0.91457,-0.67,1.11,0.17,0.19114,-0.14779,-0.2839,0.92791,-0.68,1.11,0.18,0.44414,-0.2689,-0.23427,0.82192,-0.7,1.09,0.19,0.44414,-0.2689,-0.23427,0.82192,-0.81,1.08,0.19
-0.8,1.44,-0.15,-0.8,1.44,-0.15,-0.86,1.1,0.11,0.29224,-0.05106,-0.16308,-0.94096,-0.86,1.06,0.06,0.29224,-0.05106,-0.16308,-0.94096,-0.83,1.08,0.09,0.40083,-0.19767,0.50582,-0.73784,-0.8,1.09,0.11,0.17648,-0.04354,0.46243,-0.86782,-0.8,1.1,0.14,0.08106,-0.03639,0.54119,-0.83619,-0.79,1.1,0.16,0.08106,-0.03639,0.54119,-0.83619,-0.84,1.08,0.09,0.29224,-0.05106,-0.16308,-0.94096,-0.84,1.12,0.13,-0.03789,-0.09394,-0.09589,-0.99022,-0.83,1.12,0.17,-0.45285,-0.12885,-0.07299,-0.8792,-0.82,1.1,0.18,-0.60907,-0.11233,-0.05304,-0.78332,-0.82,1.08,0.19,-0.60907,-0.11233,-0.05304,-0.78332,-0.85,1.08,0.09,0.29224,-0.05106,-0.16308,-0.94096,-0.86,1.12,0.14,-0.00511,-0.08217,-0.15848,-0.98392,-0.85,1.12,0.18,-0.45345,-0.14647,-0.1164,-0.87142,-0.84,1.1,0.19,-0.65285,-0.14819,-0.13989,-0.72956,-0.83,1.07,0.2,-0.65285,-0.14819,-0.13989,-0.72956,-0.87,1.07,0.09,0.29224,-0.05106,-0.16308,-0.94096,-0.87,1.1,0.14,0.0598,-0.06012,-0.21829,-0.97219,-0.87,1.11,0.17,-0.41026,-0.17225,-0.20257,-0.87234,-0.86,1.09,0.19,-0.64059,-0.24139,-0.17209,-0.70835,-0.84,1.07,0.19,-0.64059,-0.24139,-0.17209,-0.70835,-0.88,1.07,0.09,0.23221,0.01914,-0.39276,-0.88964,-0.89,1.09,0.13,0.1087,-0.05232,-0.2995,-0.94644,-0.89,1.09,0.16,-0.33901,-0.1701,-0.31527,-0.86991,-0.88,1.09,0.18,-0.55192,-0.29229,-0.26972,-0.73294,-0.86,1.07,0.18,-0.55192,-0.29229,-0.26972,-0.73294,-0.7,1.1,0.11,-0.35835,-0.1774,-0.1172,0.90905,-0.68,1.06,0.07,-0.35835,-0.1774,-0.1172,0.90905,-0.72,1.07,0.09,-0.48241,-0.19933,0.55405,0.64852,-0.75,1.08,0.1,-0.32597,-0.07098,0.5064,0.79515,-0.76,1.1,0.13,-0.26635,-0.067,0.58958,0.75958,-0.77,1.11,0.15,-0.26635,-0.067,0.58958,0.75958,-0.71,1.08,0.09,-0.35835,-0.1774,-0.1172,0.90905,-0.73,1.12,0.13,-0.0429,-0.26822,0.05118,0.96104,-0.75,1.12,0.16,0.35752,-0.22919,0.13097,0.89582,-0.75,1.1,0.17,0.51346,-0.17544,0.16277,0.82406,-0.76,1.08,0.18,0.51346,-0.17544,0.16277,0.82406,-0.69,1.08,0.09,-0.35835,-0.1774,-0.1172,0.90905,-0.71,1.12,0.13,-0.08375,-0.20686,-0.06836,0.97238,-0.72,1.13,0.17,0.35042,-0.218,0.016,0.91073,-0.73,1.11,0.19,0.57526,-0.19306,0.00476,0.79485,-0.74,1.09,0.19,0.57526,-0.19306,0.00476,0.79485,-0.68,1.08,0.1,-0.35835,-0.1774,-0.1172,0.90905,-0.69,1.11,0.14,-0.15412,-0.15294,-0.16358,0.96234,-0.7,1.12,0.17,0.33731,-0.23257,-0.10633,0.906,-0.71,1.11,0.19,0.59596,-0.27397,-0.05786,0.75261,-0.72,1.09,0.19,0.59596,-0.27397,-0.05786,0.75261,-0.67,1.07,0.1,-0.27708,-0.12049,-0.34871,0.88719,-0.67,1.1,0.14,-0.32314,-0.00941,-0.28267,0.9031,-0.67,1.11,0.16,0.18719,-0.16179,-0.31342,0.91682,-0.68,1.11,0.18,0.43932,-0.29155,-0.25698,0.80991,-0.69,1.1,0.19,0.43932,-0.29155,-0.25698,0.80991,-0.81,1.08,0.19
-0.8,1.44,-0.15,-0.8,1.44,-0.15,-0.85,1.1,0.11,0.30455,-0.07208,-0.1251,-0.94149,-0.86,1.07,0.06,0.30455,-0.07208,-0.1251,-0.94149,-0.82,1.08,0.09,0.41509,-0.21454,0.52967,-0.7079,-0.8,1.09,0.1,0.19005,-0.05024,0.49289,-0.84759,-0.79,1.1,0.13,0.0765,-0.02549,0.57024,-0.81751,-0.79,1.1,0.16,0.0765,-0.02549,0.57024,-0.81751,-0.84,1.08,0.09,0.30455,-0.07208,-0.1251,-0.94149,-0.83,1.12,0.13,-0.02467,-0.09525,-0.05677,-0.99353,-0.82,1.12,0.17,-0.45834,-0.1146,-0.03489,-0.88067,-0.82,1.1,0.18,-0.62205,-0.09159,-0.01693,-0.77742,-0.81,1.08,0.19,-0.62205,-0.09159,-0.01693,-0.77742,-0.85,1.08,0.09,0.30455,-0.07208,-0.1251,-0.94149,-0.85,1.12,0.13,0.016,-0.08533,-0.12004,-0.98897,-0.84,1.12,0.18,-0.44959,-0.13318,-0.07892,-0.87972,-0.84,1.1,0.19,-0.65751,-0.12724,-0.10666,-0.73492,-0.83,1.08,0.19,-0.65751,-0.12724,-0.10666,-0.73492,-0.87,1.08,0.09,0.30455,-0.07208,-0.1251,-0.94149,-0.87,1.11,0.13,0.07334,-0.06836,-0.17949,-0.97864,-0.87,1.12,0.17,-0.41217,-0.16337,-0.16307,-0.88138,-0.85,1.1,0.19,-0.65166,-0.22244,-0.13577,-0.71234,-0.84,1.08,0.19,-0.65166,-0.22244,-0.13577,-0.71234,-0.88,1.07,0.09,0.2451,-0.00299,-0.35744,-0.90119,-0.88,1.09,0.13,0.11462,-0.06866,-0.26018,-0.95627,-0.88,1.1,0.16,-0.33836,-0.16712,-0.27382,-0.88465,-0.87,1.09,0.18,-0.55764,-0.27869,-0.23062,-0.74712,-0.86,1.08,0.18,-0.55764,-0.27869,-0.23062,-0.74712,-0.7,1.1,0.11,-0.375,-0.1641,-0.11757,0.90478,-0.68,1.05,0.07,-0.375,-0.1641,-0.11757,0.90478,-0.72,1.07,0.09,-0.48582,-0.1818,0.55828,0.64749,-0.75,1.08,0.1,-0.32498,-0.04923,0.50714,0.79673,-0.76,1.1,0.13,-0.25318,-0.03789,0.58914,0.76641,-0.77,1.11,0.15,-0.25318,-0.03789,0.58914,0.76641,-0.71,1.08,0.09,-0.375,-0.1641,-0.11757,0.90478,-0.72,1.12,0.12,-0.07786,-0.24988,0.03715,0.96443,-0.74,1.12,0.16,0.33387,-0.21812,0.11255,0.9101,-0.75,1.11,0.17,0.49278,-0.16798,0.14185,0.84192,-0.75,1.09,0.18,0.49278,-0.16798,0.14185,0.84192,-0.69,1.07,0.09,-0.375,-0.1641,-0.11757,0.90478,-0.7,1.12,0.13,-0.0578,-0.20395,-0.05791,0.97556,-0.72,1.13,0.17,0.37372,-0.21053,0.02375,0.90302,-0.73,1.11,0.18,0.59851,-0.18207,0.01111,0.78007,-0.74,1.09,0.19,0.59851,-0.18207,0.01111,0.78007,-0.68,1.07,0.1,-0.375,-0.1641,-0.11757,0.90478,-0.69,1.11,0.13,-0.13996,-0.15228,-0.15893,0.96538,-0.7,1.12,0.17,0.35697,-0.22978,-0.10156,0.8997,-0.71,1.11,0.19,0.62139,-0.2694,-0.05223,0.73387,-0.72,1.09,0.19,0.62139,-0.2694,-0.05223,0.73387,-0.67,1.07,0.1,-0.29597,-0.11167,-0.35076,0.88142,-0.67,1.1,0.14,-0.33366,-0.01244,-0.28396,0.89883,-0.67,1.12,0.16,0.20578,-0.17561,-0.30869,0.91188,-0.67,1.11,0.18,0.47099,-0.30733,-0.24413,0.79001,-0.69,1.1,0.19,0.47099,-0.30733,-0.24413,0.79001,-0.81,1.08,0.19
-0.8,1.44,-0.15,-0.8,1.44,-0.15,-0.85,1.1,0.11,0.31713,-0.07461,-0.1225,-0.93747,-0.86,1.07,0.06,0.31713,-0.07461,-0.1225,-0.93747,-0.82,1.08,0.08,0.42583,-0.20915,0.53233,-0.70111,-0.8,1.09,0.1,0.19757,-0.04231,0.49455,-0.84534,-0.79,1.1,0.13,0.0758,-0.01146,0.57073,-0.81755,-0.79,1.11,0.16,0.0758,-0.01146,0.57073,-0.81755,-0.84,1.08,0.09,0.31713,-0.07461,-0.1225,-0.93747,-0.83,1.12,0.13,-0.00952,-0.09503,-0.05472,-0.99392,-0.82,1.12,0.17,-0.44585,-0.11393,-0.03296,-0.88722,-0.82,1.1,0.18,-0.61265,-0.09069,-0.01533,-0.78498,-0.81,1.08,0.19,-0.61265,-0.09069,-0.01533,-0.78498,-0.85,1.08,0.09,0.31713,-0.07461,-0.1225,-0.93747,-0.85,1.12,0.13,0.03297,-0.08582,-0.1181,-0.98874,-0.84,1.13,0.17,-0.43342,-0.13283,-0.07711,-0.88801,-0.84,1.11,0.19,-0.64387,-0.1276,-0.10538,-0.74702,-0.83,1.08,0.19,-0.64387,-0.1276,-0.10538,-0.74702,-0.87,1.08,0.09,0.31713,-0.07461,-0.1225,-0.93747,-0.87,1.11,0.13,0.08885,-0.06931,-0.17778,-0.9776,-0.87,1.12,0.17,-0.39778,-0.16393,-0.16093,-0.88826,-0.85,1.1,0.19,-0.64019,-0.22283,-0.13322,-0.72302,-0.84,1.08,0.19,-0.64019,-0.22283,-0.13322,-0.72302,-0.88,1.08,0.09,0.25719,-0.00856,-0.35582,-0.89843,-0.88,1.1,0.13,0.12648,-0.07123,-0.25823,-0.95512,-0.88,1.1,0.16,-0.32697,-0.1693,-0.27115,-0.88933,-0.87,1.09,0.18,-0.54715,-0.27997,-0.22722,-0.75539,-0.86,1.08,0.18,-0.54715,-0.27997,-0.22722,-0.75539,-0.7,1.1,0.11,-0.37169,-0.16902,-0.11509,0.90555,-0.68,1.05,0.07,-0.37169,-0.16902,-0.11509,0.90555,-0.72,1.07,0.09,-0.47993,-0.19469,0.56462,0.64262,-0.75,1.08,0.1,-0.31528,-0.05687,0.51768,0.79333,-0.76,1.1,0.13,-0.23297,-0.03732,0.59892,0.76526,-0.77,1.1,0.15,-0.23297,-0.03732,0.59892,0.76526,-0.71,1.07,0.09,-0.37169,-0.16902,-0.11509,0.90555,-0.73,1.12,0.13,-0.07872,-0.24728,0.03368,0.96515,-0.74,1.12,0.16,0.33936,-0.21649,0.10976,0.9088,-0.75,1.11,0.17,0.49816,-0.16679,0.139,0.83946,-0.76,1.09,0.18,0.49816,-0.16679,0.139,0.83946,-0.7,1.07,0.09,-0.37169,-0.16902,-0.11509,0.90555,-0.71,1.12,0.13,-0.04816,-0.20978,-0.0512,0.97522,-0.72,1.12,0.17,0.37651,-0.21296,0.03096,0.90107,-0.73,1.11,0.19,0.59916,-0.18261,0.01853,0.77931,-0.74,1.08,0.19,0.59916,-0.18261,0.01853,0.77931,-0.68,1.07,0.1,-0.37169,-0.16902,-0.11509,0.90555,-0.69,1.11,0.14,-0.13516,-0.15871,-0.15358,0.9659,-0.7,1.12,0.17,0.36085,-0.23248,-0.09404,0.89827,-0.71,1.11,0.19,0.62687,-0.26948,-0.04378,0.72972,-0.72,1.08,0.19,0.62687,-0.26948,-0.04378,0.72972,-0.67,1.07,0.1,-0.29209,-0.11559,-0.34797,0.88331,-0.67,1.1,0.14,-0.33313,-0.02274,-0.27948,0.90022,-0.67,1.11,0.16,0.22632,-0.18764,-0.29661,0.90862,-0.68,1.11,0.18,0.5037,-0.31833,-0.22491,0.77095,-0.69,1.1,0.19,0.5037,-0.31833,-0.22491,0.77095,-0.81,1.08,0.19
-0.8,1.44,-0.15,-0.8,1.44,-0.15,-0.85,1.1,0.11,0.32128,-0.07207,-0.13343,-0.93476,-0.86,1.07,0.06,0.32128,-0.07207,-0.13343,-0.93476,-0.82,1.08,0.08,0.42947,-0.20234,0.52617,-0.70552,-0.8,1.09,0.1,0.19804,-0.03668,0.48636,-0.85023,-0.79,1.1,0.13,0.0755,-0.00693,0.56237,-0.8234,-0.79,1.11,0.16,0.0755,-0.00693,0.56237,-0.8234,-0.84,1.08,0.08,0.32128,-0.07207,-0.13343,-0.93476,-0.83,1.12,0.13,-0.00025,-0.0966,-0.06601,-0.99313,-0.82,1.12,0.17,-0.42582,-0.11996,-0.0439,-0.89575,-0.82,1.11,0.18,-0.59158,-0.09872,-0.02597,-0.79976,-0.81,1.09,0.19,-0.59158,-0.09872,-0.02597,-0.79976,-0.85,1.08,0.09,0.32128,-0.07207,-0.13343,-0.93476,-0.85,1.12,0.13,0.04086,-0.08602,-0.12978,-0.98696,-0.85,1.13,0.17,-0.41697,-0.13772,-0.08863,-0.89404,-0.84,1.11,0.19,-0.62548,-0.136,-0.1159,-0.7595,-0.83,1.08,0.19,-0.62548,-0.136,-0.1159,-0.7595,-0.87,1.08,0.09,0.32128,-0.07207,-0.13343,-0.93476,-0.87,1.11,0.13,0.0999,-0.06636,-0.19061,-0.97431,-0.87,1.12,0.17,-0.3789,-0.16665,-0.17448,-0.89343,-0.86,1.1,0.19,-0.61879,-0.22932,-0.14594,-0.73703,-0.84,1.08,0.19,-0.61879,-0.22932,-0.14594,-0.73703,-0.88,1.07,0.09,0.26025,-0.00754,-0.36647,-0.89326,-0.89,1.1,0.13,0.13417,-0.06621,-0.27105,-0.95087,-0.88,1.1,0.16,-0.31263,-0.16959,-0.28545,-0.88995,-0.87,1.1,0.18,-0.52586,-0.28225,-0.24245,-0.76487,-0.86,1.08,0.18,-0.52586,-0.28225,-0.24245,-0.76487,-0.7,1.1,0.11,-0.36878,-0.17938,-0.11463,0.90481,-0.68,1.05,0.07,-0.36878,-0.17938,-0.11463,0.90481,-0.72,1.07,0.09,-0.47477,-0.21072,0.57159,0.6352,-0.75,1.08,0.11,-0.31031,-0.06994,0.52935,0.78652,-0.76,1.09,0.13,-0.21565,-0.03918,0.61028,0.76126,-0.77,1.1,0.15,-0.21565,-0.03918,0.61028,0.76126,-0.71,1.07,0.09,-0.36878,-0.17938,-0.11463,0.90481,-0.73,1.12,0.13,-0.08459,-0.24824,0.02721,0.96461,-0.75,1.12,0.16,0.33622,-0.21995,0.10493,0.90971,-0.75,1.11,0.17,0.49739,-0.17079,0.13523,0.83973,-0.76,1.09,0.18,0.49739,-0.17079,0.13523,0.83973,-0.7,1.07,0.09,-0.36878,-0.17938,-0.11463,0.90481,-0.71,1.12,0.13,-0.0368,-0.22045,-0.04471,0.97368,-0.73,1.12,0.17,0.36958,-0.22042,0.03735,0.9019,-0.74,1.1,0.19,0.58482,-0.1896,0.02538,0.78828,-0.74,1.08,0.19,0.58482,-0.1896,0.02538,0.78828,-0.68,1.07,0.1,-0.36878,-0.17938,-0.11463,0.90481,-0.69,1.11,0.14,-0.12765,-0.17168,-0.14814,0.96555,-0.7,1.12,0.17,0.36292,-0.24036,-0.08424,0.89634,-0.71,1.11,0.19,0.6288,-0.27378,-0.03198,0.72707,-0.72,1.08,0.19,0.6288,-0.27378,-0.03198,0.72707,-0.67,1.07,0.11,-0.2872,-0.12511,-0.34677,0.88409,-0.67,1.1,0.14,-0.32772,-0.0409,-0.27685,0.90237,-0.67,1.11,0.16,0.26472,-0.21006,-0.27885,0.89891,-0.68,1.11,0.18,0.55746,-0.3377,-0.19445,0.73306,-0.7,1.09,0.18,0.55746,-0.3377,-0.19445,0.73306,-0.81,1.08,0.19
-0.8,1.44,-0.15,-0.8,1.44,-0.15,-0.85,1.1,0.11,0.32185,-0.07294,-0.14759,-0.93237,-0.86,1.06,0.06,0.32185,-0.07294,-0.14759,-0.93237,-0.82,1.08,0.08,0.43233,-0.20051,0.5173,-0.71084,-0.8,1.09,0.1,0.19677,-0.03642,0.47709,-0.85577,-0.79,1.1,0.13,0.07586,-0.00933,0.55368,-0.82921,-0.79,1.11,0.16,0.07586,-0.00933,0.55368,-0.82921,-0.84,1.08,0.08,0.32185,-0.07294,-0.14759,-0.93237,-0.83,1.12,0.13,-0.00241,-0.10368,-0.07774,-0.99156,-0.82,1.12,0.17,-0.41816,-0.13076,-0.0528,-0.89736,-0.82,1.11,0.18,-0.57953,-0.11082,-0.03368,-0.80668,-0.81,1.09,0.19,-0.57953,-0.11082,-0.03368,-0.80668,-0.85,1.08,0.09,0.32185,-0.07294,-0.14759,-0.93237,-0.85,1.12,0.13,0.03534,-0.09202,-0.14235,-0.9849,-0.85,1.13,0.17,-0.41431,-0.14801,-0.09814,-0.89264,-0.84,1.11,0.19,-0.61873,-0.14805,-0.12296,-0.76167,-0.83,1.08,0.19,-0.61873,-0.14805,-0.12296,-0.76167,-0.87,1.08,0.09,0.32185,-0.07294,-0.14759,-0.93237,-0.87,1.11,0.13,0.09705,-0.07021,-0.20429,-0.97156,-0.87,1.12,0.17,-0.37408,-0.17523,-0.1856,-0.89158,-0.85,1.1,0.19,-0.60939,-0.2402,-0.15492,-0.73956,-0.84,1.08,0.19,-0.60939,-0.2402,-0.15492,-0.73956,-0.88,1.07,0.09,0.25868,-0.0091,-0.37974,-0.88814,-0.88,1.09,0.13,0.13363,-0.06582,-0.28601,-0.94658,-0.88,1.1,0.16,-0.30794,-0.1748,-0.2992,-0.88606,-0.87,1.09,0.18,-0.51423,-0.28915,-0.25584,-0.76584,-0.86,1.08,0.18,-0.51423,-0.28915,-0.25584,-0.76584,-0.7,1.1,0.11,-0.37218,-0.18675,-0.11762,0.90154,-0.68,1.05,0.07,-0.37218,-0.18675,-0.11762,0.90154,-0.72,1.07,0.09,-0.47528,-0.21464,0.57524,0.63019,-0.75,1.08,0.1,-0.31205,-0.07321,0.53419,0.78224,-0.76,1.09,0.13,-0.2138,-0.03851,0.615,0.75801,-0.77,1.1,0.15,-0.2138,-0.03851,0.615,0.75801,-0.71,1.07,0.09,-0.37218,-0.18675,-0.11762,0.90154,-0.73,1.12,0.12,-0.09754,-0.2518,0.02088,0.96262,-0.75,1.12,0.16,0.3194,-0.22663,0.09972,0.9147,-0.76,1.11,0.17,0.47958,-0.17883,0.13029,0.84915,-0.76,1.09,0.18,0.47958,-0.17883,0.13029,0.84915,-0.7,1.07,0.09,-0.37218,-0.18675,-0.11762,0.90154,-0.71,1.12,0.13,-0.04411,-0.22714,-0.04662,0.97175,-0.73,1.12,0.17,0.36093,-0.22746,0.03807,0.90363,-0.74,1.11,0.18,0.57288,-0.19729,0.02705,0.79508,-0.74,1.08,0.19,0.57288,-0.19729,0.02705,0.79508,-0.68,1.07,0.1,-0.37218,-0.18675,-0.11762,0.90154,-0.69,1.11,0.14,-0.1203,-0.18266,-0.14646,0.96473,-0.7,1.12,0.17,0.37692,-0.24939,-0.07558,0.88883,-0.72,1.1,0.19,0.64267,-0.27902,-0.02042,0.71323,-0.73,1.08,0.19,0.64267,-0.27902,-0.02042,0.71323,-0.67,1.07,0.11,-0.28861,-0.13347,-0.34933,0.8814,-0.68,1.1,0.14,-0.28531,-0.07356,-0.27666,0.91469,-0.67,1.11,0.17,0.34645,-0.24296,-0.25187,0.87034,-0.69,1.1,0.18,0.63664,-0.35978,-0.15543,0.66415,-0.7,1.09,0.18,0.63664,-0.35978,-0.15543,0.66415,-0.81,1.08,0.19
-0.8,1.44,-0.15,-0.8,1.44,-0.15,-0.85,1.1,0.11,0.32059,-0.07823,-0.14852,-0.93222,-0.86,1.06,0.06,0.32059,-0.07823,-0.14852,-0.93222,-0.82,1.08,0.08,0.4307,-0.20417,0.5193,-0.70932,-0.8,1.09,0.1,0.19278,-0.03764,0.4806,-0.85466,-0.79,1.1,0.13,0.07544,-0.01272,0.55725,-0.82681,-0.79,1.11,0.16,0.07544,-0.01272,0.55725,-0.82681,-0.84,1.08,0.08,0.32059,-0.07823,-0.14852,-0.93222,-0.83,1.12,0.13,-0.02424,-0.11294,-0.07214,-0.99068,-0.82,1.12,0.16,-0.43852,-0.1363,-0.04384,-0.88724,-0.81,1.1,0.18,-0.58989,-0.11414,-0.02449,-0.79901,-0.81,1.08,0.19,-0.58989,-0.11414,-0.02449,-0.79901,-0.85,1.08,0.08,0.32059,-0.07823,-0.14852,-0.93222,-0.85,1.12,0.13,-0.00964,-0.10474,-0.13612,-0.98509,-0.84,1.12,0.17,-0.45981,-0.15646,-0.08598,-0.86989,-0.83,1.1,0.19,-0.66012,-0.15034,-0.10794,-0.728,-0.83,1.08,0.19,-0.66012,-0.15034,-0.10794,-0.728,-0.87,1.08,0.09,0.32059,-0.07823,-0.14852,-0.93222,-0.87,1.11,0.13,0.05382,-0.08348,-0.20054,-0.97464,-0.86,1.12,0.17,-0.4208,-0.18464,-0.17549,-0.87065,-0.85,1.1,0.18,-0.65233,-0.24537,-0.14259,-0.7028,-0.84,1.08,0.19,-0.65233,-0.24537,-0.14259,-0.7028,-0.88,1.07,0.09,0.25624,-0.01399,-0.38034,-0.88853,-0.88,1.09,0.13,0.11131,-0.07135,-0.28779,-0.94852,-0.88,1.1,0.16,-0.34478,-0.18381,-0.29553,-0.87178,-0.87,1.09,0.17,-0.55281,-0.29826,-0.24938,-0.73705,-0.86,1.08,0.18,-0.55281,-0.29826,-0.24938,-0.73705,-0.7,1.09,0.11,-0.3545,-0.19055,-0.11656,0.90798,-0.68,1.05,0.07,-0.3545,-0.19055,-0.11656,0.90798,-0.72,1.07,0.09,-0.45209,-0.23448,0.58586,0.6304,-0.75,1.08,0.11,-0.2896,-0.08861,0.55023,0.77815,-0.76,1.09,0.13,-0.19448,-0.05561,0.63086,0.74907,-0.77,1.09,0.15,-0.19448,-0.05561,0.63086,0.74907,-0.71,1.07,0.09,-0.3545,-0.19055,-0.11656,0.90798,-0.73,1.12,0.13,-0.07604,-0.24726,0.01577,0.96583,-0.75,1.12,0.16,0.32368,-0.22573,0.08892,0.91453,-0.76,1.11,0.17,0.47366,-0.18113,0.11719,0.85387,-0.76,1.09,0.19,0.47366,-0.18113,0.11719,0.85387,-0.7,1.07,0.09,-0.3545,-0.19055,-0.11656,0.90798,-0.71,1.12,0.13,-0.05665,-0.22313,-0.05663,0.97149,-0.73,1.12,0.17,0.35099,-0.22801,0.02773,0.90777,-0.74,1.1,0.19,0.56106,-0.20116,0.0165,0.8028,-0.75,1.08,0.2,0.56106,-0.20116,0.0165,0.8028,-0.68,1.07,0.1,-0.3545,-0.19055,-0.11656,0.90798,-0.69,1.11,0.14,-0.10764,-0.18363,-0.14518,0.96624,-0.7,1.12,0.17,0.40872,-0.25051,-0.06903,0.87489,-0.72,1.1,0.19,0.67343,-0.27672,-0.01298,0.68539,-0.73,1.08,0.19,0.67343,-0.27672,-0.01298,0.68539,-0.67,1.07,0.11,-0.27073,-0.13256,-0.34708,0.88807,-0.68,1.09,0.14,-0.23368,-0.10124,-0.26656,0.92957,-0.68,1.11,0.17,0.41686,-0.25845,-0.22303,0.84243,-0.69,1.1,0.18,0.70275,-0.36362,-0.12064,0.59948,-0.7,1.08,0.17,0.70275,-0.36362,-0.12064,0.59948,-0.81,1.08,0.19
-0.8,1.44,-0.15,-0.8,1.44,-0.15,-0.85,1.1,0.11,0.32737,-0.07196,-0.14343,-0.93117,-0.86,1.07,0.06,0.32737,-0.07196,-0.14343,-0.93117,-0.82,1.08,0.08,0.42911,-0.19581,0.52666,-0.70722,-0.8,1.09,0.1,0.19129,-0.02647,0.48537,-0.85272,-0.79,1.1,0.13,0.07547,-0.00279,0.56071,-0.82456,-0.79,1.11,0.16,0.07547,-0.00279,0.56071,-0.82456,-0.84,1.09,0.08,0.32737,-0.07196,-0.14343,-0.93117,-0.83,1.12,0.13,-0.04791,-0.10944,-0.06352,-0.9908,-0.82,1.12,0.16,-0.46579,-0.12917,-0.03671,-0.87465,-0.82,1.1,0.18,-0.61322,-0.10565,-0.01804,-0.78261,-0.81,1.08,0.18,-0.61322,-0.10565,-0.01804,-0.78261,-0.85,1.08,0.09,0.32737,-0.07196,-0.14343,-0.93117,-0.85,1.12,0.13,-0.03277,-0.103,-0.12902,-0.98573,-0.84,1.12,0.17,-0.50211,-0.15332,-0.07671,-0.84764,-0.83,1.1,0.18,-0.71424,-0.14289,-0.09667,-0.6783,-0.83,1.08,0.18,-0.71424,-0.14289,-0.09667,-0.6783,-0.87,1.08,0.09,0.32737,-0.07196,-0.14343,-0.93117,-0.87,1.11,0.13,0.04203,-0.08029,-0.19598,-0.97641,-0.86,1.12,0.17,-0.45604,-0.18369,-0.16871,-0.85429,-0.85,1.1,0.18,-0.70018,-0.24362,-0.13191,-0.65803,-0.84,1.08,0.18,-0.70018,-0.24362,-0.13191,-0.65803,-0.88,1.07,0.09,0.26483,-0.00938,-0.37626,-0.88781,-0.88,1.1,0.13,0.11098,-0.065,-0.28556,-0.94969,-0.88,1.1,0.16,-0.38181,-0.18878,-0.29047,-0.85686,-0.87,1.09,0.17,-0.61519,-0.31009,-0.23322,-0.68629,-0.86,1.08,0.18,-0.61519,-0.31009,-0.23322,-0.68629,-0.7,1.09,0.12,-0.32848,-0.1965,-0.10862,0.91744,-0.68,1.05,0.07,-0.32848,-0.1965,-0.10862,0.91744,-0.72,1.06,0.09,-0.42897,-0.25906,0.59338,0.62989,-0.75,1.07,0.11,-0.27015,-0.11193,0.56376,0.77244,-0.77,1.08,0.14,-0.17938,-0.08088,0.64485,0.73855,-0.77,1.09,0.16,-0.17938,-0.08088,0.64485,0.73855,-0.71,1.07,0.09,-0.32848,-0.1965,-0.10862,0.91744,-0.73,1.11,0.13,-0.02455,-0.24602,0.02673,0.96859,-0.75,1.11,0.16,0.36593,-0.21954,0.09671,0.89919,-0.76,1.09,0.18,0.50602,-0.17423,0.12358,0.83566,-0.76,1.08,0.19,0.50602,-0.17423,0.12358,0.83566,-0.7,1.07,0.1,-0.32848,-0.1965,-0.10862,0.91744,-0.71,1.11,0.14,-0.04062,-0.22172,-0.05302,0.97282,-0.73,1.12,0.17,0.38846,-0.22419,0.03594,0.89305,-0.74,1.1,0.19,0.60177,-0.19222,0.02536,0.77478,-0.75,1.07,0.2,0.60177,-0.19222,0.02536,0.77478,-0.68,1.07,0.1,-0.32848,-0.1965,-0.10862,0.91744,-0.69,1.1,0.14,-0.10022,-0.18354,-0.13858,0.96802,-0.71,1.11,0.18,0.44546,-0.24845,-0.0559,0.85832,-0.72,1.09,0.19,0.71567,-0.26829,0.00211,0.64485,-0.73,1.07,0.19,0.71567,-0.26829,0.00211,0.64485,-0.67,1.07,0.11,-0.24525,-0.13146,-0.33759,0.89922,-0.68,1.09,0.15,-0.21473,-0.1158,-0.25123,0.93668,-0.68,1.1,0.17,0.4467,-0.2604,-0.19995,0.83227,-0.69,1.09,0.18,0.74328,-0.35766,-0.09094,0.55798,-0.71,1.07,0.17,0.74328,-0.35766,-0.09094,0.55798,-0.81,1.08,0.19
-0.8,1.44,-0.15,-0.8,1.44,-0.15,-0.85,1.1,0.11,0.33246,-0.05196,-0.12547,-0.93329,-0.86,1.07,0.06,0.33246,-0.05196,-0.12547,-0.93329,-0.82,1.08,0.09,0.41248,-0.18372,0.54754,-0.70449,-0.8,1.09,0.11,0.17593,-0.00591,0.50242,-0.84651,-0.79,1.1,0.14,0.06925,0.01092,0.57522,-0.81499,-0.79,1.11,0.16,0.06925,0.01092,0.57522,-0.81499,-0.84,1.09,0.09,0.33246,-0.05196,-0.12547,-0.93329,-0.83,1.13,0.13,-0.03985,-0.09242,-0.04789,-0.99377,-0.82,1.12,0.17,-0.41631,-0.10575,-0.03504,-0.90237,-0.82,1.11,0.18,-0.55923,-0.08211,-0.02323,-0.82461,-0.82,1.09,0.19,-0.55923,-0.08211,-0.02323,-0.82461,-0.85,1.08,0.09,0.33246,-0.05196,-0.12547,-0.93329,-0.85,1.13,0.13,0.04621,-0.0709,-0.12405,-0.98866,-0.85,1.13,0.17,-0.32751,-0.11286,-0.10124,-0.9326,-0.84,1.11,0.19,-0.52488,-0.11905,-0.13671,-0.83165,-0.83,1.09,0.2,-0.52488,-0.11905,-0.13671,-0.83165,-0.87,1.08,0.09,0.33246,-0.05196,-0.12547,-0.93329,-0.87,1.11,0.13,0.15147,-0.03718,-0.19032,-0.96925,-0.87,1.13,0.17,-0.29191,-0.13544,-0.19219,-0.9271,-0.86,1.11,0.19,-0.53985,-0.20645,-0.17075,-0.79799,-0.85,1.09,0.2,-0.53985,-0.20645,-0.17075,-0.79799,-0.88,1.08,0.09,0.27637,0.00956,-0.36039,-0.89087,-0.89,1.1,0.13,0.20329,-0.01479,-0.27269,-0.94026,-0.89,1.11,0.16,-0.26314,-0.13646,-0.30829,-0.90393,-0.88,1.1,0.18,-0.50245,-0.2637,-0.26492,-0.77963,-0.87,1.09,0.18,-0.50245,-0.2637,-0.26492,-0.77963,-0.7,1.09,0.12,-0.33503,-0.19231,-0.10885,0.91593,-0.68,1.05,0.07,-0.33503,-0.19231,-0.10885,0.91593,-0.72,1.06,0.09,-0.42851,-0.24755,0.59755,0.6309,-0.75,1.07,0.11,-0.27528,-0.1033,0.564,0.77165,-0.76,1.08,0.14,-0.18495,-0.07278,0.64453,0.7383,-0.77,1.09,0.16,-0.18495,-0.07278,0.64453,0.7383,-0.71,1.07,0.09,-0.33503,-0.19231,-0.10885,0.91593,-0.73,1.11,0.13,0.00205,-0.23997,0.03408,0.97018,-0.75,1.11,0.16,0.39677,-0.20973,0.10234,0.88776,-0.76,1.09,0.18,0.53425,-0.16341,0.12847,0.81937,-0.76,1.07,0.19,0.53425,-0.16341,0.12847,0.81937,-0.7,1.07,0.1,-0.33503,-0.19231,-0.10885,0.91593,-0.71,1.11,0.14,-0.04703,-0.21789,-0.05438,0.97332,-0.73,1.12,0.17,0.40774,-0.22038,0.03917,0.88524,-0.74,1.1,0.19,0.63605,-0.18437,0.03047,0.74868,-0.74,1.07,0.19,0.63605,-0.18437,0.03047,0.74868,-0.68,1.07,0.1,-0.33503,-0.19231,-0.10885,0.91593,-0.69,1.1,0.14,-0.1212,-0.18251,-0.14018,0.96558,-0.7,1.11,0.18,0.44715,-0.25036,-0.05188,0.85714,-0.72,1.09,0.19,0.72929,-0.26745,0.01062,0.62968,-0.73,1.07,0.19,0.72929,-0.26745,0.01062,0.62968,-0.67,1.06,0.11,-0.25246,-0.12898,-0.3385,0.89724,-0.68,1.09,0.15,-0.23365,-0.12521,-0.24854,0.93164,-0.68,1.1,0.17,0.43343,-0.26826,-0.19061,0.83895,-0.69,1.09,0.18,0.74656,-0.36204,-0.07152,0.55359,-0.7,1.07,0.17,0.74656,-0.36204,-0.07152,0.55359,-0.81,1.08,0.19
-0.8,1.44,-0.15,-0.8,1.44,-0.15,-0.85,1.1,0.11,0.31653,-0.038,-0.1196,-0.94024,-0.86,1.07,0.06,0.31653,-0.038,-0.1196,-0.94024,-0.82,1.08,0.09,0.39245,-0.18681,0.55043,-0.71283,-0.8,1.09,0.11,0.15024,-0.00355,0.50656,-0.84901,-0.8,1.1,0.14,0.05443,0.0035,0.579,-0.8135,-0.79,1.1,0.16,0.05443,0.0035,0.579,-0.8135,-0.84,1.09,0.09,0.31653,-0.038,-0.1196,-0.94024,-0.83,1.12,0.13,-0.00964,-0.08033,-0.04955,-0.99549,-0.83,1.12,0.17,-0.32887,-0.09308,-0.04734,-0.93858,-0.82,1.11,0.19,-0.46491,-0.07145,-0.04149,-0.8815,-0.82,1.09,0.2,-0.46491,-0.07145,-0.04149,-0.8815,-0.85,1.08,0.09,0.31653,-0.038,-0.1196,-0.94024,-0.85,1.12,0.13,0.04004,-0.0574,-0.12085,-0.9902,-0.85,1.13,0.18,-0.2932,-0.09456,-0.10742,-0.94528,-0.84,1.11,0.2,-0.44428,-0.09914,-0.14814,-0.87798,-0.84,1.09,0.21,-0.44428,-0.09914,-0.14814,-0.87798,-0.87,1.08,0.09,0.31653,-0.038,-0.1196,-0.94024,-0.87,1.11,0.13,0.14429,-0.02087,-0.18609,-0.97166,-0.87,1.12,0.17,-0.23908,-0.10642,-0.20163,-0.94385,-0.86,1.11,0.19,-0.43968,-0.17312,-0.19386,-0.85973,-0.85,1.1,0.21,-0.43968,-0.17312,-0.19386,-0.85973,-0.88,1.08,0.09,0.26455,0.02744,-0.35417,-0.89656,-0.89,1.1,0.13,0.20783,0.00699,-0.26658,-0.94111,-0.89,1.11,0.16,-0.19194,-0.09289,-0.31764,-0.92393,-0.88,1.1,0.18,-0.37675,-0.20542,-0.29652,-0.85319,-0.87,1.09,0.19,-0.37675,-0.20542,-0.29652,-0.85319,-0.7,1.09,0.12,-0.3404,-0.18918,-0.10901,0.91458,-0.68,1.05,0.07,-0.3404,-0.18918,-0.10901,0.91458,-0.72,1.06,0.09,-0.43191,-0.23851,0.59746,0.63215,-0.75,1.07,0.11,-0.28116,-0.09642,0.56111,0.77254,-0.76,1.08,0.14,-0.18916,-0.06482,0.64145,0.74065,-0.77,1.09,0.16,-0.18916,-0.06482,0.64145,0.74065,-0.71,1.07,0.1,-0.3404,-0.18918,-0.10901,0.91458,-0.73,1.11,0.13,-0.00312,-0.23738,0.03355,0.97083,-0.75,1.11,0.16,0.39687,-0.20718,0.10192,0.88836,-0.75,1.09,0.18,0.53572,-0.16076,0.12792,0.81902,-0.76,1.07,0.19,0.53572,-0.16076,0.12792,0.81902,-0.7,1.07,0.1,-0.3404,-0.18918,-0.10901,0.91458,-0.71,1.11,0.14,-0.05544,-0.21597,-0.05527,0.97326,-0.73,1.12,0.17,0.40479,-0.219,0.03863,0.88696,-0.74,1.1,0.19,0.64041,-0.18256,0.0305,0.7454,-0.74,1.07,0.19,0.64041,-0.18256,0.0305,0.7454,-0.68,1.07,0.1,-0.3404,-0.18918,-0.10901,0.91458,-0.69,1.1,0.14,-0.13398,-0.18338,-0.14002,0.96375,-0.7,1.11,0.18,0.43871,-0.25165,-0.05013,0.86121,-0.72,1.1,0.19,0.72708,-0.26788,0.01424,0.63198,-0.72,1.07,0.19,0.72708,-0.26788,0.01424,0.63198,-0.67,1.06,0.11,-0.2583,-0.12725,-0.33919,0.89556,-0.68,1.09,0.15,-0.25447,-0.12744,-0.24801,0.92601,-0.68,1.11,0.17,0.41174,-0.27098,-0.18909,0.84929,-0.69,1.09,0.18,0.73551,-0.36444,-0.06577,0.56735,-0.7,1.08,0.18,0.73551,-0.36444,-0.06577,0.56735,-0.81,1.08,0.19
-0.8,1.44,-0.15,-0.8,1.44,-0.15,-0.85,1.1,0.11,0.30547,-0.03754,-0.12072,-0.94377,-0.86,1.07,0.06,0.30547,-0.03754,-0.12072,-0.94377,-0.82,1.08,0.09,0.38911,-0.19257,0.54381,-0.71818,-0.8,1.09,0.11,0.14203,-0.00904,0.50208,-0.85303,-0.8,1.1,0.14,0.05113,-0.0063,0.57522,-0.81637,-0.79,1.1,0.16,0.05113,-0.0063,0.57522,-0.81637,-0.84,1.09,0.09,0.30547,-0.03754,-0.12072,-0.94377,-0.83,1.12,0.13,0.02107,-0.07808,-0.05587,-0.99516,-0.83,1.12,0.17,-0.27053,-0.09205,-0.05689,-0.95661,-0.82,1.11,0.19,-0.39744,-0.07154,-0.05402,-0.91324,-0.82,1.1,0.21,-0.39744,-0.07154,-0.05402,-0.91324,-0.85,1.08,0.09,0.30547,-0.03754,-0.12072,-0.94377,-0.85,1.12,0.13,0.01685,-0.06081,-0.11971,-0.9908,-0.85,1.12,0.18,-0.31294,-0.09684,-0.10545,-0.93892,-0.84,1.11,0.2,-0.45206,-0.09864,-0.14576,-0.87445,-0.84,1.09,0.21,-0.45206,-0.09864,-0.14576,-0.87445,-0.87,1.08,0.09,0.30547,-0.03754,-0.12072,-0.94377,-0.87,1.11,0.13,0.11456,-0.02477,-0.18554,-0.97562,-0.87,1.12,0.17,-0.25671,-0.10626,-0.20115,-0.93934,-0.86,1.11,0.19,-0.44063,-0.16964,-0.19573,-0.85951,-0.85,1.09,0.21,-0.44063,-0.16964,-0.19573,-0.85951,-0.88,1.07,0.09,0.25371,0.03066,-0.35444,-0.89948,-0.89,1.09,0.13,0.19077,0.00512,-0.26669,-0.9447,-0.89,1.11,0.16,-0.18406,-0.08503,-0.31813,-0.92611,-0.88,1.1,0.18,-0.33785,-0.18761,-0.30393,-0.8708,-0.87,1.09,0.19,-0.33785,-0.18761,-0.30393,-0.8708,-0.7,1.09,0.12,-0.35649,-0.18467,-0.11404,0.90874,-0.68,1.05,0.07,-0.35649,-0.18467,-0.11404,0.90874,-0.72,1.06,0.1,-0.44506,-0.22295,0.59327,0.63265,-0.75,1.07,0.11,-0.29549,-0.08386,0.55264,0.77475,-0.76,1.09,0.14,-0.19958,-0.04958,0.63284,0.74647,-0.77,1.09,0.16,-0.19958,-0.04958,0.63284,0.74647,-0.71,1.07,0.1,-0.35649,-0.18467,-0.11404,0.90874,-0.73,1.11,0.13,-0.04361,-0.23471,0.02145,0.97085,-0.75,1.12,0.16,0.35564,-0.21109,0.08896,0.90612,-0.75,1.1,0.18,0.49951,-0.16684,0.11479,0.8423,-0.76,1.08,0.19,0.49951,-0.16684,0.11479,0.8423,-0.7,1.07,0.1,-0.35649,-0.18467,-0.11404,0.90874,-0.71,1.11,0.14,-0.07642,-0.21348,-0.06185,0.97199,-0.72,1.12,0.17,0.38268,-0.22022,0.03099,0.89672,-0.73,1.1,0.19,0.6218,-0.18737,0.02306,0.76008,-0.74,1.08,0.19,0.6218,-0.18737,0.02306,0.76008,-0.68,1.07,0.1,-0.35649,-0.18467,-0.11404,0.90874,-0.69,1.11,0.14,-0.15086,-0.18206,-0.14575,0.96065,-0.7,1.12,0.18,0.41803,-0.25419,-0.0565,0.87031,-0.71,1.1,0.19,0.71029,-0.27335,0.0094,0.6486,-0.72,1.08,0.19,0.71029,-0.27335,0.0094,0.6486,-0.67,1.07,0.11,-0.27422,-0.12713,-0.34519,0.88853,-0.67,1.09,0.15,-0.27551,-0.12576,-0.25435,0.91847,-0.68,1.11,0.17,0.38369,-0.27417,-0.19644,0.85967,-0.69,1.1,0.18,0.71363,-0.37088,-0.07025,0.59012,-0.7,1.08,0.18,0.71363,-0.37088,-0.07025,0.59012,-0.81,1.08,0.19
-0.8,1.44,-0.15,-0.8,1.44,-0.15,-0.85,1.1,0.11,0.30252,-0.04337,-0.12982,-0.94326,-0.86,1.07,0.06,0.30252,-0.04337,-0.12982,-0.94326,-0.82,1.08,0.09,0.39873,-0.19511,0.5304,-0.72224,-0.8,1.09,0.11,0.14969,-0.01671,0.48949,-0.8589,-0.79,1.1,0.14,0.05958,-0.01456,0.56418,-0.82337,-0.79,1.11,0.16,0.05958,-0.01456,0.56418,-0.82337,-0.84,1.09,0.09,0.30252,-0.04337,-0.12982,-0.94326,-0.83,1.12,0.13,0.02623,-0.08423,-0.06489,-0.99399,-0.83,1.12,0.17,-0.26716,-0.10081,-0.06351,-0.95626,-0.82,1.11,0.19,-0.38946,-0.08079,-0.06004,-0.91553,-0.82,1.1,0.21,-0.38946,-0.08079,-0.06004,-0.91553,-0.85,1.08,0.09,0.30252,-0.04337,-0.12982,-0.94326,-0.85,1.12,0.13,-0.0027,-0.07215,-0.12475,-0.98956,-0.85,1.12,0.17,-0.3358,-0.10949,-0.10589,-0.92954,-0.84,1.11,0.2,-0.47778,-0.11025,-0.14382,-0.85959,-0.83,1.09,0.21,-0.47778,-0.11025,-0.14382,-0.85959,-0.87,1.08,0.09,0.30252,-0.04337,-0.12982,-0.94326,-0.87,1.11,0.13,0.09342,-0.03592,-0.1922,-0.97624,-0.87,1.12,0.17,-0.27982,-0.11884,-0.20309,-0.93077,-0.86,1.11,0.19,-0.464,-0.18221,-0.19527,-0.84461,-0.85,1.09,0.2,-0.464,-0.18221,-0.19527,-0.84461,-0.88,1.08,0.09,0.24838,0.02539,-0.36263,-0.89787,-0.89,1.09,0.13,0.1791,-0.00616,-0.27416,-0.94484,-0.89,1.11,0.16,-0.19421,-0.09689,-0.32063,-0.92201,-0.88,1.1,0.18,-0.34557,-0.19909,-0.30491,-0.86486,-0.87,1.09,0.19,-0.34557,-0.19909,-0.30491,-0.86486,-0.7,1.09,0.12,-0.36824,-0.18648,-0.12097,0.90277,-0.68,1.05,0.07,-0.36824,-0.18648,-0.12097,0.90277,-0.72,1.07,0.09,-0.46183,-0.21771,0.58363,0.63142,-0.75,1.08,0.11,-0.31064,-0.08147,0.54161,0.77687,-0.76,1.09,0.13,-0.20804,-0.04173,0.62249,0.75332,-0.77,1.1,0.16,-0.20804,-0.04173,0.62249,0.75332,-0.71,1.07,0.09,-0.36824,-0.18648,-0.12097,0.90277,-0.73,1.12,0.13,-0.10176,-0.23766,0.00271,0.966,-0.75,1.12,0.16,0.28467,-0.22399,0.0695,0.92949,-0.75,1.11,0.18,0.43401,-0.1834,0.09566,0.87684,-0.76,1.09,0.19,0.43401,-0.1834,0.09566,0.87684,-0.7,1.07,0.1,-0.36824,-0.18648,-0.12097,0.90277,-0.71,1.12,0.13,-0.09854,-0.21489,-0.07135,0.96903,-0.72,1.13,0.17,0.35082,-0.2264,0.02059,0.90843,-0.74,1.11,0.19,0.59004,-0.19879,0.01356,0.7824,-0.74,1.09,0.19,0.59004,-0.19879,0.01356,0.7824,-0.68,1.07,0.1,-0.36824,-0.18648,-0.12097,0.90277,-0.69,1.11,0.14,-0.16509,-0.18351,-0.15418,0.95671,-0.7,1.12,0.17,0.38791,-0.25963,-0.06664,0.88186,-0.72,1.11,0.19,0.68103,-0.2835,0.00082,0.67514,-0.72,1.08,0.19,0.68103,-0.2835,0.00082,0.67514,-0.67,1.07,0.11,-0.28436,-0.13228,-0.35228,0.88179,-0.67,1.09,0.14,-0.29647,-0.12332,-0.26379,0.90956,-0.68,1.11,0.17,0.34621,-0.27678,-0.20888,0.87172,-0.69,1.1,0.18,0.67758,-0.37859,-0.08255,0.62509,-0.7,1.09,0.18,0.67758,-0.37859,-0.08255,0.62509,-0.81,1.08,0.19
-0.8,1.44,-0.15,-0.8,1.44,-0.15,-0.85,1.1,0.11,0.31669,-0.05226,-0.12612,-0.93865,-0.86,1.07,0.05,0.31669,-0.05226,-0.12612,-0.93865,-0.82,1.08,0.08,0.41571,-0.19226,0.53164,-0.71244,-0.8,1.1,0.1,0.16821,-0.01482,0.48993,-0.85525,-0.79,1.1,0.13,0.07321,-0.00767,0.56484,-0.82191,-0.79,1.11,0.16,0.07321,-0.00767,0.56484,-0.82191,-0.83,1.09,0.08,0.31669,-0.05226,-0.12612,-0.93865,-0.83,1.12,0.13,0.02933,-0.09104,-0.05766,-0.99374,-0.82,1.13,0.17,-0.2825,-0.10633,-0.05255,-0.95191,-0.82,1.11,0.19,-0.40826,-0.08498,-0.04754,-0.90766,-0.81,1.1,0.2,-0.40826,-0.08498,-0.04754,-0.90766,-0.85,1.08,0.08,0.31669,-0.05226,-0.12612,-0.93865,-0.85,1.12,0.13,0.01994,-0.07867,-0.11938,-0.98953,-0.85,1.13,0.17,-0.32059,-0.11474,-0.09791,-0.93513,-0.84,1.11,0.19,-0.46789,-0.11554,-0.13525,-0.8657,-0.83,1.09,0.21,-0.46789,-0.11554,-0.13525,-0.8657,-0.87,1.08,0.09,0.31669,-0.05226,-0.12612,-0.93865,-0.87,1.11,0.13,0.11658,-0.04404,-0.18737,-0.97435,-0.87,1.12,0.17,-0.26394,-0.12665,-0.1946,-0.93618,-0.86,1.11,0.19,-0.455,-0.18932,-0.18423,-0.85041,-0.85,1.09,0.2,-0.455,-0.18932,-0.18423,-0.85041,-0.88,1.08,0.09,0.26086,0.01326,-0.35992,-0.89568,-0.89,1.1,0.13,0.19112,-0.01941,-0.26968,-0.94359,-0.89,1.11,0.16,-0.18611,-0.1092,-0.31155,-0.9254,-0.88,1.1,0.18,-0.34464,-0.21153,-0.29217,-0.86667,-0.87,1.09,0.19,-0.34464,-0.21153,-0.29217,-0.86667,-0.7,1.1,0.11,-0.36377,-0.19219,-0.1162,0.90401,-0.68,1.05,0.07,-0.36377,-0.19219,-0.1162,0.90401,-0.72,1.07,0.09,-0.45908,-0.22496,0.58734,0.62744,-0.75,1.08,0.11,-0.30257,-0.08321,0.54841,0.77509,-0.76,1.09,0.13,-0.19496,-0.03921,0.6287,0.75179,-0.77,1.1,0.15,-0.19496,-0.03921,0.6287,0.75179,-0.71,1.07,0.09,-0.36377,-0.19219,-0.1162,0.90401,-0.73,1.12,0.13,-0.0823,-0.23782,0.00979,0.96777,-0.75,1.12,0.16,0.31065,-0.22031,0.07774,0.92137,-0.76,1.11,0.17,0.45998,-0.17795,0.10437,0.86363,-0.76,1.09,0.19,0.45998,-0.17795,0.10437,0.86363,-0.7,1.07,0.1,-0.36377,-0.19219,-0.1162,0.90401,-0.71,1.12,0.13,-0.08523,-0.21739,-0.06485,0.97019,-0.73,1.13,0.17,0.36277,-0.22554,0.02736,0.90376,-0.74,1.11,0.19,0.59435,-0.19593,0.01914,0.77974,-0.74,1.09,0.19,0.59435,-0.19593,0.01914,0.77974,-0.68,1.07,0.1,-0.36377,-0.19219,-0.1162,0.90401,-0.69,1.11,0.14,-0.16191,-0.18432,-0.15049,0.95769,-0.7,1.12,0.17,0.38167,-0.25758,-0.06576,0.88524,-0.72,1.11,0.19,0.66716,-0.28217,-0.00199,0.6894,-0.73,1.09,0.19,0.66716,-0.28217,-0.00199,0.6894,-0.67,1.07,0.11,-0.27949,-0.13662,-0.34719,0.88469,-0.68,1.1,0.14,-0.30948,-0.11825,-0.26142,0.90659,-0.68,1.11,0.17,0.32316,-0.27014,-0.2128,0.88165,-0.69,1.11,0.18,0.64831,-0.37353,-0.09441,0.6567,-0.7,1.09,0.18,0.64831,-0.37353,-0.09441,0.6567,-0.81,1.08,0.19
-0.8,1.44,-0.15,-0.8,1.44,-0.15,-0.85,1.1,0.11,0.32821,-0.05526,-0.12227,-0.93503,-0.86,1.07,0.06,0.32821,-0.05526,-0.12227,-0.93503,-0.82,1.08,0.08,0.4287,-0.18765,0.53211,-0.7056,-0.8,1.1,0.1,0.18181,-0.01092,0.48901,-0.85305,-0.79,1.11,0.13,0.07942,0.00222,0.56356,-0.82224,-0.79,1.11,0.16,0.07942,0.00222,0.56356,-0.82224,-0.83,1.09,0.08,0.32821,-0.05526,-0.12227,-0.93503,-0.83,1.12,0.13,0.03142,-0.09431,-0.05068,-0.99376,-0.82,1.13,0.17,-0.31494,-0.1089,-0.04091,-0.94196,-0.82,1.11,0.18,-0.45381,-0.08641,-0.03297,-0.88629,-0.81,1.1,0.2,-0.45381,-0.08641,-0.03297,-0.88629,-0.85,1.08,0.08,0.32821,-0.05526,-0.12227,-0.93503,-0.85,1.12,0.13,0.07037,-0.07587,-0.11826,-0.98758,-0.85,1.13,0.17,-0.27634,-0.11277,-0.09737,-0.94944,-0.84,1.12,0.19,-0.43042,-0.1166,-0.13544,-0.88476,-0.83,1.1,0.21,-0.43042,-0.1166,-0.13544,-0.88476,-0.87,1.08,0.09,0.32821,-0.05526,-0.12227,-0.93503,-0.87,1.11,0.13,0.15708,-0.04281,-0.18447,-0.96926,-0.87,1.13,0.17,-0.23116,-0.12729,-0.19105,-0.94544,-0.86,1.12,0.19,-0.43229,-0.19113,-0.17877,-0.86292,-0.85,1.1,0.2,-0.43229,-0.19113,-0.17877,-0.86292,-0.88,1.08,0.09,0.272,0.00754,-0.35699,-0.8936,-0.88,1.1,0.13,0.20074,-0.02561,-0.26578,-0.94256,-0.89,1.11,0.16,-0.18479,-0.11658,-0.30518,-0.92689,-0.88,1.1,0.17,-0.35857,-0.22208,-0.28143,-0.86192,-0.87,1.09,0.19,-0.35857,-0.22208,-0.28143,-0.86192,-0.7,1.1,0.11,-0.36118,-0.19429,-0.10847,0.90556,-0.68,1.05,0.07,-0.36118,-0.19429,-0.10847,0.90556,-0.72,1.07,0.09,-0.45268,-0.23,0.59574,0.62231,-0.75,1.08,0.11,-0.29083,-0.08065,0.55967,0.7718,-0.76,1.09,0.13,-0.18271,-0.03607,0.6387,0.74658,-0.77,1.09,0.15,-0.18271,-0.03607,0.6387,0.74658,-0.71,1.07,0.09,-0.36118,-0.19429,-0.10847,0.90556,-0.73,1.12,0.12,-0.06245,-0.23321,0.01905,0.97023,-0.75,1.12,0.16,0.34992,-0.21004,0.08902,0.90858,-0.76,1.1,0.17,0.50113,-0.16497,0.116,0.84154,-0.76,1.09,0.18,0.50113,-0.16497,0.116,0.84154,-0.7,1.07,0.09,-0.36118,-0.19429,-0.10847,0.90556,-0.71,1.12,0.13,-0.05414,-0.21796,-0.05094,0.97312,-0.73,1.12,0.17,0.39144,-0.21942,0.03986,0.89277,-0.74,1.1,0.18,0.61549,-0.18522,0.0296,0.7655,-0.74,1.08,0.19,0.61549,-0.18522,0.0296,0.7655,-0.68,1.07,0.1,-0.36118,-0.19429,-0.10847,0.90556,-0.69,1.11,0.14,-0.15109,-0.18431,-0.14171,0.96079,-0.71,1.12,0.17,0.38877,-0.25225,-0.05965,0.88412,-0.72,1.11,0.19,0.66866,-0.27524,0.0002,0.69075,-0.73,1.08,0.19,0.66866,-0.27524,0.0002,0.69075,-0.68,1.07,0.11,-0.27761,-0.13775,-0.33961,0.88804,-0.68,1.1,0.14,-0.3125,-0.11554,-0.25478,0.90779,-0.68,1.11,0.16,0.31992,-0.26391,-0.20969,0.88546,-0.69,1.11,0.18,0.64106,-0.36615,-0.09697,0.66751,-0.7,1.09,0.18,0.64106,-0.36615,-0.09697,0.66751,-0.81,1.08,0.19
-0.8,1.44,-0.15,-0.8,1.44,-0.15,-0.85,1.1,0.11,0.32205,-0.04038,-0.15025,-0.93385,-0.86,1.06,0.06,0.32205,-0.04038,-0.15025,-0.93385,-0.82,1.08,0.09,0.43035,-0.17435,0.50595,-0.72692,-0.8,1.09,0.1,0.18153,-0.00885,0.45793,-0.87021,-0.8,1.1,0.14,0.07484,0.00323,0.53356,-0.84244,-0.79,1.11,0.16,0.07484,0.00323,0.53356,-0.84244,-0.84,1.08,0.09,0.32205,-0.04038,-0.15025,-0.93385,-0.84,1.12,0.13,0.03348,-0.0893,-0.0823,-0.99203,-0.83,1.12,0.17,-0.33374,-0.11677,-0.06955,-0.93281,-0.82,1.11,0.19,-0.48651,-0.0995,-0.05753,-0.86608,-0.82,1.09,0.2,-0.48651,-0.0995,-0.05753,-0.86608,-0.85,1.08,0.09,0.32205,-0.04038,-0.15025,-0.93385,-0.86,1.12,0.13,0.0819,-0.06612,-0.15035,-0.98301,-0.85,1.13,0.17,-0.28014,-0.11709,-0.12882,-0.94404,-0.84,1.11,0.2,-0.4397,-0.12652,-0.16516,-0.87372,-0.84,1.1,0.21,-0.4397,-0.12652,-0.16516,-0.87372,-0.87,1.07,0.09,0.32205,-0.04038,-0.15025,-0.93385,-0.87,1.11,0.13,0.1561,-0.03318,-0.21342,-0.96384,-0.87,1.12,0.17,-0.24121,-0.13229,-0.21984,-0.93594,-0.86,1.11,0.19,-0.44474,-0.2031,-0.20497,-0.8479,-0.85,1.09,0.2,-0.44474,-0.2031,-0.20497,-0.8479,-0.88,1.07,0.09,0.26521,0.02254,-0.38325,-0.88446,-0.89,1.09,0.13,0.1844,-0.0188,-0.29371,-0.93775,-0.89,1.1,0.16,-0.20665,-0.12298,-0.33205,-0.9121,-0.88,1.1,0.18,-0.38157,-0.23529,-0.30602,-0.83987,-0.87,1.09,0.19,-0.38157,-0.23529,-0.30602,-0.83987,-0.7,1.1,0.11,-0.37262,-0.19359,-0.11055,0.90081,-0.68,1.05,0.07,-0.37262,-0.19359,-0.11055,0.90081,-0.72,1.07,0.09,-0.45695,-0.22176,0.59904,0.61901,-0.75,1.08,0.11,-0.29314,-0.06975,0.56142,0.77072,-0.76,1.09,0.13,-0.18403,-0.02475,0.63929,0.74621,-0.77,1.1,0.15,-0.18403,-0.02475,0.63929,0.74621,-0.71,1.07,0.09,-0.37262,-0.19359,-0.11055,0.90081,-0.73,1.12,0.12,-0.07222,-0.23138,0.01685,0.97003,-0.75,1.12,0.16,0.3587,-0.20781,0.09043,0.90552,-0.76,1.11,0.17,0.51365,-0.16189,0.11822,0.83425,-0.76,1.09,0.18,0.51365,-0.16189,0.11822,0.83425,-0.7,1.07,0.09,-0.37262,-0.19359,-0.11055,0.90081,-0.71,1.12,0.13,-0.0325,-0.22101,-0.04421,0.97373,-0.73,1.12,0.17,0.41536,-0.21862,0.04825,0.88168,-0.74,1.1,0.18,0.6391,-0.18022,0.03846,0.74672,-0.74,1.08,0.19,0.6391,-0.18022,0.03846,0.74672,-0.68,1.07,0.1,-0.37262,-0.19359,-0.11055,0.90081,-0.69,1.11,0.14,-0.12785,-0.19082,-0.13656,0.96363,-0.71,1.12,0.17,0.41728,-0.25443,-0.05044,0.87098,-0.72,1.1,0.18,0.69569,-0.2728,0.01045,0.66444,-0.73,1.08,0.18,0.69569,-0.2728,0.01045,0.66444,-0.68,1.07,0.11,-0.28862,-0.14015,-0.34227,0.88312,-0.68,1.1,0.14,-0.31624,-0.11991,-0.25692,0.90532,-0.68,1.12,0.16,0.32589,-0.27115,-0.20596,0.88196,-0.69,1.11,0.18,0.64981,-0.37152,-0.0886,0.65717,-0.7,1.09,0.17,0.64981,-0.37152,-0.0886,0.65717,-0.81,1.08,0.19
-0.8,1.44,-0.15,-0.8,1.44,-0.15,-0.86,1.1,0.11,0.32066,-0.03445,-0.16119,-0.93274,-0.86,1.06,0.06,0.32066,-0.03445,-0.16119,-0.93274,-0.83,1.08,0.09,0.43452,-0.16823,0.49297,-0.73476,-0.8,1.09,0.11,0.18991,-0.01084,0.44238,-0.87642,-0.8,1.1,0.14,0.07996,0.0023,0.51897,-0.85104,-0.8,1.11,0.16,0.07996,0.0023,0.51897,-0.85104,-0.84,1.08,0.09,0.32066,-0.03445,-0.16119,-0.93274,-0.84,1.12,0.13,0.04038,-0.08619,-0.09552,-0.99087,-0.83,1.12,0.17,-0.34596,-0.12059,-0.08043,-0.92699,-0.82,1.11,0.19,-0.50754,-0.10585,-0.06585,-0.85256,-0.82,1.09,0.2,-0.50754,-0.10585,-0.06585,-0.85256,-0.85,1.08,0.09,0.32066,-0.03445,-0.16119,-0.93274,-0.86,1.11,0.13,0.08133,-0.06312,-0.16231,-0.98135,-0.85,1.12,0.18,-0.30945,-0.12295,-0.1373,-0.93288,-0.85,1.11,0.2,-0.47971,-0.13374,-0.17132,-0.85008,-0.84,1.09,0.21,-0.47971,-0.13374,-0.17132,-0.85008,-0.87,1.07,0.09,0.32066,-0.03445,-0.16119,-0.93274,-0.88,1.1,0.13,0.15072,-0.03118,-0.22431,-0.96229,-0.88,1.11,0.17,-0.26329,-0.13889,-0.22836,-0.92695,-0.87,1.1,0.19,-0.47161,-0.21244,-0.21094,-0.82943,-0.85,1.09,0.2,-0.47161,-0.21244,-0.21094,-0.82943,-0.88,1.07,0.09,0.26358,0.02821,-0.39352,-0.88027,-0.89,1.09,0.13,0.17185,-0.01991,-0.30453,-0.93666,-0.89,1.1,0.16,-0.22348,-0.12935,-0.34063,-0.90404,-0.88,1.09,0.18,-0.39741,-0.24355,-0.31346,-0.82734,-0.87,1.08,0.19,-0.39741,-0.24355,-0.31346,-0.82734,-0.7,1.1,0.11,-0.37932,-0.1953,-0.12258,0.89607,-0.68,1.05,0.07,-0.37932,-0.1953,-0.12258,0.89607,-0.72,1.07,0.09,-0.46302,-0.21661,0.59351,0.62165,-0.75,1.08,0.11,-0.29682,-0.06534,0.55455,0.77467,-0.76,1.09,0.13,-0.18736,-0.02113,0.63251,0.75125,-0.77,1.1,0.15,-0.18736,-0.02113,0.63251,0.75125,-0.71,1.07,0.09,-0.37932,-0.1953,-0.12258,0.89607,-0.73,1.12,0.12,-0.0803,-0.23578,0.0056,0.96847,-0.75,1.12,0.16,0.35603,-0.21635,0.08351,0.90524,-0.76,1.11,0.17,0.51272,-0.17138,0.11319,0.83363,-0.76,1.09,0.18,0.51272,-0.17138,0.11319,0.83363,-0.7,1.07,0.09,-0.37932,-0.1953,-0.12258,0.89607,-0.71,1.12,0.13,-0.02767,-0.22887,-0.0506,0.97175,-0.73,1.12,0.17,0.42401,-0.22817,0.04747,0.87516,-0.74,1.1,0.18,0.65195,-0.18823,0.04132,0.73336,-0.74,1.08,0.18,0.65195,-0.18823,0.04132,0.73336,-0.68,1.07,0.1,-0.37932,-0.1953,-0.12258,0.89607,-0.69,1.11,0.14,-0.11665,-0.19953,-0.1434,0.9623,-0.71,1.12,0.17,0.43798,-0.2655,-0.04828,0.85753,-0.72,1.1,0.18,0.71852,-0.28078,0.01869,0.63603,-0.73,1.08,0.18,0.71852,-0.28078,0.01869,0.63603,-0.68,1.07,0.11,-0.29316,-0.14408,-0.35384,0.87641,-0.68,1.1,0.14,-0.30265,-0.13043,-0.26686,0.90564,-0.68,1.12,0.16,0.35273,-0.28759,-0.20291,0.867,-0.69,1.11,0.18,0.67683,-0.38526,-0.07552,0.62272,-0.71,1.09,0.17,0.67683,-0.38526,-0.07552,0.62272,-0.81,1.08,0.19
-0.8,1.44,-0.15,-0.8,1.44,-0.15,-0.85,1.09,0.11,0.32047,-0.03942,-0.14855,-0.93471,-0.86,1.06,0.06,0.32047,-0.03942,-0.14855,-0.93471,-0.82,1.08,0.09,0.4352,-0.17536,0.50053,-0.72754,-0.8,1.09,0.11,0.19411,-0.01644,0.45216,-0.8704,-0.8,1.1,0.14,0.08087,0.0007,0.52863,-0.84499,-0.79,1.11,0.16,0.08087,0.0007,0.52863,-0.84499,-0.84,1.08,0.09,0.32047,-0.03942,-0.14855,-0.93471,-0.84,1.12,0.13,0.03842,-0.08585,-0.08279,-0.99212,-0.83,1.12,0.17,-0.36503,-0.11658,-0.06672,-0.92126,-0.82,1.1,0.19,-0.52691,-0.09944,-0.05226,-0.84246,-0.82,1.09,0.2,-0.52691,-0.09944,-0.05226,-0.84246,-0.85,1.07,0.09,0.32047,-0.03942,-0.14855,-0.93471,-0.86,1.11,0.13,0.05729,-0.06872,-0.14691,-0.98509,-0.85,1.12,0.18,-0.37262,-0.12684,-0.11575,-0.91196,-0.84,1.1,0.2,-0.5585,-0.13196,-0.1474,-0.80557,-0.83,1.08,0.2,-0.5585,-0.13196,-0.1474,-0.80557,-0.87,1.07,0.09,0.32047,-0.03942,-0.14855,-0.93471,-0.87,1.1,0.13,0.12225,-0.03963,-0.21002,-0.96922,-0.87,1.11,0.17,-0.32249,-0.14614,-0.20848,-0.91169,-0.86,1.1,0.19,-0.54068,-0.21604,-0.18867,-0.79082,-0.85,1.08,0.2,-0.54068,-0.21604,-0.18867,-0.79082,-0.88,1.07,0.09,0.2641,0.02395,-0.38157,-0.88548,-0.89,1.09,0.13,0.15892,-0.02657,-0.29218,-0.94269,-0.89,1.1,0.16,-0.25013,-0.13373,-0.32559,-0.90196,-0.88,1.09,0.18,-0.42897,-0.24628,-0.2978,-0.81648,-0.87,1.08,0.19,-0.42897,-0.24628,-0.2978,-0.81648,-0.7,1.09,0.11,-0.36179,-0.19229,-0.12659,0.90339,-0.68,1.05,0.07,-0.36179,-0.19229,-0.12659,0.90339,-0.72,1.07,0.09,-0.4497,-0.22763,0.58988,0.63087,-0.75,1.08,0.11,-0.28063,-0.07539,0.55374,0.78034,-0.76,1.09,0.14,-0.17678,-0.03699,0.63261,0.75312,-0.77,1.09,0.16,-0.17678,-0.03699,0.63261,0.75312,-0.71,1.07,0.09,-0.36179,-0.19229,-0.12659,0.90339,-0.73,1.12,0.13,-0.0812,-0.23431,-0.00573,0.96875,-0.75,1.12,0.16,0.33069,-0.22186,0.06666,0.91487,-0.76,1.11,0.18,0.48654,-0.18035,0.09605,0.84943,-0.76,1.09,0.19,0.48654,-0.18035,0.09605,0.84943,-0.7,1.07,0.1,-0.36179,-0.19229,-0.12659,0.90339,-0.71,1.12,0.13,-0.03132,-0.22567,-0.06119,0.97178,-0.73,1.12,0.17,0.40692,-0.23079,0.03302,0.88321,-0.74,1.1,0.19,0.63537,-0.19602,0.02736,0.74641,-0.74,1.08,0.19,0.63537,-0.19602,0.02736,0.74641,-0.68,1.07,0.1,-0.36179,-0.19229,-0.12659,0.90339,-0.69,1.11,0.14,-0.11123,-0.19382,-0.15067,0.963,-0.7,1.12,0.17,0.43708,-0.2642,-0.05916,0.8577,-0.72,1.1,0.19,0.71711,-0.2835,0.00799,0.63665,-0.73,1.08,0.18,0.71711,-0.2835,0.00799,0.63665,-0.67,1.07,0.11,-0.27611,-0.13658,-0.35683,0.88192,-0.68,1.09,0.14,-0.28116,-0.12619,-0.26915,0.91246,-0.68,1.11,0.17,0.3748,-0.28423,-0.20732,0.85777,-0.69,1.1,0.18,0.69548,-0.38394,-0.08033,0.60204,-0.7,1.08,0.17,0.69548,-0.38394,-0.08033,0.60204,-0.81,1.08,0.19
-0.8,1.44,-0.15,-0.8,1.44,-0.15,-0.85,1.1,0.11,0.31479,-0.04067,-0.13248,-0.93899,-0.86,1.06,0.06,0.31479,-0.04067,-0.13248,-0.93899,-0.82,1.08,0.09,0.4262,-0.18246,0.51285,-0.72253,-0.8,1.09,0.11,0.18985,-0.02039,0.46654,-0.86365,-0.79,1.1,0.14,0.0739,0.0002,0.54226,-0.83695,-0.79,1.1,0.16,0.0739,0.0002,0.54226,-0.83695,-0.84,1.08,0.09,0.31479,-0.04067,-0.13248,-0.93899,-0.83,1.12,0.14,0.04152,-0.08054,-0.06909,-0.99349,-0.83,1.12,0.17,-0.35663,-0.10592,-0.05704,-0.92647,-0.82,1.1,0.19,-0.51519,-0.087,-0.04541,-0.85144,-0.82,1.09,0.2,-0.51519,-0.087,-0.04541,-0.85144,-0.85,1.08,0.09,0.31479,-0.04067,-0.13248,-0.93899,-0.86,1.12,0.14,0.03358,-0.06777,-0.12983,-0.98865,-0.85,1.12,0.18,-0.40725,-0.11961,-0.09928,-0.89999,-0.84,1.1,0.2,-0.6032,-0.12051,-0.13159,-0.77737,-0.83,1.08,0.2,-0.6032,-0.12051,-0.13159,-0.77737,-0.87,1.07,0.09,0.31479,-0.04067,-0.13248,-0.93899,-0.87,1.1,0.14,0.10064,-0.03858,-0.19415,-0.97503,-0.87,1.11,0.17,-0.36277,-0.14104,-0.19289,-0.90072,-0.86,1.1,0.19,-0.59279,-0.20874,-0.17293,-0.75837,-0.85,1.08,0.2,-0.59279,-0.20874,-0.17293,-0.75837,-0.88,1.07,0.1,0.26052,0.02481,-0.36608,-0.89303,-0.89,1.09,0.13,0.14926,-0.0223,-0.27779,-0.94871,-0.89,1.1,0.16,-0.28262,-0.13039,-0.31239,-0.89752,-0.88,1.09,0.18,-0.48082,-0.2466,-0.28199,-0.79277,-0.87,1.08,0.19,-0.48082,-0.2466,-0.28199,-0.79277,-0.7,1.09,0.12,-0.31921,-0.17946,-0.11331,0.92361,-0.68,1.05,0.07,-0.31921,-0.17946,-0.11331,0.92361,-0.72,1.06,0.1,-0.42421,-0.25734,0.5813,0.64491,-0.75,1.07,0.11,-0.25128,-0.1046,0.55281,0.78761,-0.76,1.08,0.14,-0.16865,-0.08449,0.63334,0.75053,-0.77,1.09,0.16,-0.16865,-0.08449,0.63334,0.75053,-0.71,1.07,0.1,-0.31921,-0.17946,-0.11331,0.92361,-0.73,1.11,0.14,-0.12081,-0.21874,-0.02107,0.96805,-0.75,1.12,0.17,0.21102,-0.21819,0.02722,0.95243,-0.76,1.11,0.19,0.35527,-0.18576,0.04852,0.91483,-0.76,1.09,0.2,0.35527,-0.18576,0.04852,0.91483,-0.7,1.07,0.1,-0.31921,-0.17946,-0.11331,0.92361,-0.71,1.11,0.14,-0.06054,-0.20057,-0.07189,0.97516,-0.73,1.12,0.18,0.33671,-0.21384,0.00172,0.917,-0.74,1.1,0.2,0.5514,-0.19409,-0.01198,0.81126,-0.74,1.08,0.21,0.5514,-0.19409,-0.01198,0.81126,-0.68,1.07,0.11,-0.31921,-0.17946,-0.11331,0.92361,-0.69,1.1,0.15,-0.1299,-0.1618,-0.15334,0.96614,-0.7,1.11,0.18,0.38954,-0.23699,-0.08665,0.88577,-0.72,1.1,0.2,0.66642,-0.27015,-0.03115,0.69421,-0.73,1.07,0.2,0.66642,-0.27015,-0.03115,0.69421,-0.68,1.06,0.11,-0.23904,-0.11226,-0.34242,0.90167,-0.68,1.09,0.15,-0.26289,-0.09921,-0.25512,0.92518,-0.68,1.1,0.17,0.37211,-0.2478,-0.21999,0.86703,-0.69,1.09,0.19,0.69122,-0.35622,-0.10997,0.61906,-0.7,1.08,0.18,0.69122,-0.35622,-0.10997,0.61906,-0.81,1.08,0.19
-0.8,1.44,-0.15,-0.8,1.44,-0.15,-0.85,1.1,0.12,0.29201,-0.04062,-0.1136,-0.94878,-0.86,1.06,0.06,0.29201,-0.04062,-0.1136,-0.94878,-0.82,1.08,0.09,0.40653,-0.19804,0.52127,-0.72374,-0.8,1.09,0.11,0.17397,-0.03327,0.47957,-0.85944,-0.79,1.1,0.14,0.06032,-0.0131,0.55547,-0.82924,-0.79,1.1,0.17,0.06032,-0.0131,0.55547,-0.82924,-0.83,1.08,0.09,0.29201,-0.04062,-0.1136,-0.94878,-0.83,1.12,0.14,0.03125,-0.07585,-0.05246,-0.99525,-0.83,1.12,0.18,-0.32018,-0.09245,-0.04847,-0.94159,-0.82,1.1,0.19,-0.46792,-0.07173,-0.04181,-0.87986,-0.82,1.09,0.21,-0.46792,-0.07173,-0.04181,-0.87986,-0.85,1.08,0.09,0.29201,-0.04062,-0.1136,-0.94878,-0.85,1.11,0.14,0.04227,-0.05538,-0.11533,-0.99088,-0.85,1.12,0.18,-0.37987,-0.10015,-0.094,-0.91479,-0.84,1.1,0.2,-0.57586,-0.10204,-0.13157,-0.80041,-0.83,1.08,0.21,-0.57586,-0.10204,-0.13157,-0.80041,-0.87,1.08,0.09,0.29201,-0.04062,-0.1136,-0.94878,-0.87,1.1,0.14,0.12976,-0.01885,-0.17899,-0.97507,-0.87,1.11,0.18,-0.32932,-0.11635,-0.18901,-0.91776,-0.86,1.1,0.2,-0.56421,-0.18491,-0.17542,-0.7853,-0.85,1.08,0.2,-0.56421,-0.18491,-0.17542,-0.7853,-0.88,1.07,0.1,0.24095,0.03129,-0.34664,-0.90598,-0.89,1.09,0.14,0.17906,0.00529,-0.25857,-0.94924,-0.89,1.1,0.16,-0.2507,-0.09851,-0.30787,-0.9125,-0.88,1.09,0.18,-0.45822,-0.21667,-0.28304,-0.81424,-0.87,1.08,0.19,-0.45822,-0.21667,-0.28304,-0.81424,-0.71,1.09,0.13,-0.27521,-0.16452,-0.09644,0.94228,-0.69,1.05,0.07,-0.27521,-0.16452,-0.09644,0.94228,-0.73,1.06,0.1,-0.41881,-0.27036,0.55121,0.66908,-0.75,1.07,0.11,-0.24583,-0.12885,0.52354,0.80553,-0.77,1.08,0.14,-0.18434,-0.12659,0.60593,0.76344,-0.78,1.08,0.16,-0.18434,-0.12659,0.60593,0.76344,-0.71,1.07,0.1,-0.27521,-0.16452,-0.09644,0.94228,-0.73,1.1,0.14,-0.10928,-0.19772,-0.01977,0.97395,-0.75,1.11,0.18,0.18066,-0.19837,0.01244,0.96325,-0.76,1.1,0.2,0.30195,-0.16923,0.02498,0.93785,-0.76,1.09,0.21,0.30195,-0.16923,0.02498,0.93785,-0.7,1.07,0.1,-0.27521,-0.16452,-0.09644,0.94228,-0.71,1.1,0.15,-0.07006,-0.17108,-0.07338,0.98002,-0.73,1.11,0.19,0.308,-0.18722,-0.01578,0.93265,-0.73,1.1,0.21,0.50436,-0.1746,-0.0381,0.8448,-0.74,1.08,0.22,0.50436,-0.1746,-0.0381,0.8448,-0.68,1.07,0.11,-0.27521,-0.16452,-0.09644,0.94228,-0.69,1.1,0.15,-0.14218,-0.12982,-0.14736,0.97016,-0.7,1.11,0.19,0.37078,-0.20618,-0.09982,0.90003,-0.71,1.09,0.2,0.63734,-0.24624,-0.05757,0.72791,-0.72,1.07,0.21,0.63734,-0.24624,-0.05757,0.72791,-0.68,1.06,0.11,-0.20156,-0.08576,-0.32405,0.92033,-0.68,1.08,0.15,-0.26056,-0.07282,-0.23555,0.93345,-0.68,1.1,0.18,0.35704,-0.21024,-0.2253,0.8818,-0.69,1.09,0.19,0.67567,-0.32382,-0.13341,0.6487,-0.7,1.07,0.19,0.67567,-0.32382,-0.13341,0.6487,-0.81,1.08,0.19
-0.8,1.44,-0.15,-0.8,1.44,-0.15,-0.85,1.09,0.12,0.25719,-0.04704,-0.09103,-0.96091,-0.86,1.06,0.06,0.25719,-0.04704,-0.09103,-0.96091,-0.82,1.07,0.09,0.39427,-0.22198,0.51509,-0.72798,-0.8,1.08,0.11,0.16478,-0.06009,0.48028,-0.8594,-0.79,1.09,0.14,0.06266,-0.04654,0.5588,-0.82562,-0.79,1.09,0.16,0.06266,-0.04654,0.5588,-0.82562,-0.83,1.08,0.09,0.25719,-0.04704,-0.09103,-0.96091,-0.83,1.11,0.14,0.00263,-0.0789,-0.02936,-0.99645,-0.82,1.11,0.18,-0.31136,-0.08541,-0.02924,-0.94599,-0.82,1.1,0.2,-0.45022,-0.06143,-0.02506,-0.89045,-0.81,1.08,0.21,-0.45022,-0.06143,-0.02506,-0.89045,-0.85,1.08,0.09,0.25719,-0.04704,-0.09103,-0.96091,-0.85,1.11,0.14,0.09121,-0.03807,-0.10003,-0.99006,-0.85,1.12,0.18,-0.28151,-0.07361,-0.09156,-0.95234,-0.84,1.1,0.21,-0.45937,-0.07948,-0.13642,-0.8741,-0.84,1.08,0.22,-0.45937,-0.07948,-0.13642,-0.8741,-0.87,1.07,0.09,0.25719,-0.04704,-0.09103,-0.96091,-0.87,1.1,0.14,0.18942,0.00217,-0.15796,-0.9691,-0.87,1.11,0.18,-0.22963,-0.08246,-0.18193,-0.95256,-0.86,1.1,0.2,-0.45147,-0.14888,-0.17814,-0.86155,-0.85,1.09,0.21,-0.45147,-0.14888,-0.17814,-0.86155,-0.87,1.07,0.1,0.20886,0.03441,-0.3223,-0.92267,-0.88,1.09,0.14,0.20726,0.02382,-0.23022,-0.95051,-0.89,1.1,0.17,-0.17477,-0.05686,-0.29215,-0.93855,-0.88,1.09,0.18,-0.36961,-0.16685,-0.27814,-0.87074,-0.87,1.08,0.2,-0.36961,-0.16685,-0.27814,-0.87074,-0.71,1.08,0.13,-0.242,-0.15886,-0.07813,0.95399,-0.69,1.06,0.07,-0.242,-0.15886,-0.07813,0.95399,-0.73,1.06,0.1,-0.42107,-0.2738,0.52447,0.68751,-0.75,1.07,0.11,-0.25417,-0.14569,0.49398,0.81863,-0.77,1.08,0.14,-0.2088,-0.15473,0.57745,0.77396,-0.78,1.08,0.16,-0.2088,-0.15473,0.57745,0.77396,-0.72,1.07,0.1,-0.242,-0.15886,-0.07813,0.95399,-0.73,1.1,0.15,-0.07669,-0.18505,-0.00631,0.97971,-0.75,1.1,0.18,0.20621,-0.18167,0.02018,0.96128,-0.76,1.09,0.2,0.32063,-0.15147,0.03013,0.93453,-0.76,1.08,0.22,0.32063,-0.15147,0.03013,0.93453,-0.7,1.07,0.1,-0.242,-0.15886,-0.07813,0.95399,-0.71,1.1,0.15,-0.08606,-0.15184,-0.06729,0.98235,-0.73,1.11,0.19,0.29397,-0.16732,-0.01743,0.9409,-0.73,1.09,0.21,0.48648,-0.15647,-0.04459,0.85841,-0.74,1.07,0.22,0.48648,-0.15647,-0.04459,0.85841,-0.68,1.07,0.11,-0.242,-0.15886,-0.07813,0.95399,-0.7,1.09,0.15,-0.16346,-0.11145,-0.13555,0.97082,-0.7,1.11,0.19,0.35789,-0.18584,-0.09761,0.90986,-0.71,1.09,0.21,0.62374,-0.22671,-0.06265,0.74541,-0.72,1.07,0.21,0.62374,-0.22671,-0.06265,0.74541,-0.68,1.06,0.11,-0.17294,-0.07143,-0.3042,0.93405,-0.68,1.08,0.15,-0.26516,-0.06177,-0.21436,0.93804,-0.68,1.1,0.18,0.34769,-0.1875,-0.2166,0.89277,-0.69,1.08,0.19,0.67098,-0.29984,-0.13478,0.66462,-0.7,1.07,0.19,0.67098,-0.29984,-0.13478,0.66462,-0.81,1.08,0.19
-0.8,1.44,-0.15,-0.8,1.44,-0.15,-0.85,1.09,0.12,0.24229,-0.0558,-0.09378,-0.96405,-0.86,1.07,0.06,0.24229,-0.0558,-0.09378,-0.96405,-0.82,1.07,0.09,0.41382,-0.22499,0.48182,-0.73891,-0.8,1.09,0.11,0.17992,-0.07461,0.44758,-0.87277,-0.79,1.1,0.14,0.09049,-0.07038,0.52966,-0.84043,-0.78,1.1,0.16,0.09049,-0.07038,0.52966,-0.84043,-0.83,1.08,0.09,0.24229,-0.0558,-0.09378,-0.96405,-0.83,1.11,0.14,0.00238,-0.08572,-0.03292,-0.99577,-0.82,1.11,0.18,-0.31033,-0.09295,-0.0306,-0.94558,-0.81,1.09,0.2,-0.45381,-0.06928,-0.02485,-0.88805,-0.81,1.08,0.21,-0.45381,-0.06928,-0.02485,-0.88805,-0.85,1.08,0.09,0.24229,-0.0558,-0.09378,-0.96405,-0.85,1.11,0.14,0.12529,-0.03474,-0.10571,-0.98586,-0.85,1.12,0.18,-0.21636,-0.06979,-0.10031,-0.96864,-0.84,1.11,0.21,-0.3676,-0.07786,-0.14592,-0.91516,-0.84,1.09,0.23,-0.3676,-0.07786,-0.14592,-0.91516,-0.87,1.07,0.09,0.24229,-0.0558,-0.09378,-0.96405,-0.87,1.1,0.14,0.21561,-0.00017,-0.15947,-0.96337,-0.87,1.11,0.18,-0.16459,-0.07899,-0.18427,-0.96577,-0.86,1.11,0.2,-0.35851,-0.14199,-0.18232,-0.90447,-0.85,1.09,0.22,-0.35851,-0.14199,-0.18232,-0.90447,-0.87,1.07,0.1,0.19218,0.0294,-0.32336,-0.92609,-0.88,1.08,0.14,0.21688,0.0147,-0.22834,-0.949,-0.89,1.1,0.17,-0.12771,-0.05393,-0.28776,-0.94762,-0.88,1.09,0.18,-0.29592,-0.15467,-0.27622,-0.90123,-0.87,1.08,0.2,-0.29592,-0.15467,-0.27622,-0.90123,-0.71,1.08,0.13,-0.23089,-0.15649,-0.06359,0.95821,-0.69,1.06,0.07,-0.23089,-0.15649,-0.06359,0.95821,-0.73,1.06,0.1,-0.42306,-0.27477,0.51682,0.69168,-0.75,1.07,0.11,-0.26194,-0.15284,0.4845,0.82054,-0.77,1.08,0.14,-0.22549,-0.16713,0.56787,0.77379,-0.78,1.08,0.16,-0.22549,-0.16713,0.56787,0.77379,-0.72,1.07,0.1,-0.23089,-0.15649,-0.06359,0.95821,-0.73,1.1,0.15,-0.05557,-0.18201,0.00997,0.98168,-0.75,1.1,0.18,0.26349,-0.17218,0.0416,0.94826,-0.76,1.09,0.2,0.39594,-0.13783,0.05544,0.90618,-0.76,1.07,0.22,0.39594,-0.13783,0.05544,0.90618,-0.7,1.07,0.1,-0.23089,-0.15649,-0.06359,0.95821,-0.71,1.1,0.15,-0.1056,-0.1409,-0.05936,0.98258,-0.72,1.11,0.19,0.32431,-0.15494,-0.00636,0.93315,-0.73,1.09,0.21,0.53685,-0.13976,-0.03445,0.83131,-0.74,1.07,0.22,0.53685,-0.13976,-0.03445,0.83131,-0.68,1.07,0.11,-0.23089,-0.15649,-0.06359,0.95821,-0.7,1.09,0.15,-0.19456,-0.1016,-0.12564,0.96749,-0.7,1.11,0.19,0.35688,-0.17608,-0.0889,0.91309,-0.71,1.09,0.21,0.63014,-0.21492,-0.05615,0.74403,-0.72,1.07,0.21,0.63014,-0.21492,-0.05615,0.74403,-0.68,1.06,0.11,-0.16464,-0.06598,-0.28948,0.94061,-0.68,1.08,0.15,-0.29185,-0.05111,-0.19933,0.93407,-0.68,1.1,0.18,0.31355,-0.17033,-0.2121,0.90977,-0.69,1.09,0.19,0.64784,-0.28316,-0.13582,0.69403,-0.7,1.07,0.2,0.64784,-0.28316,-0.13582,0.69403,-0.81,1.08,0.19
-0.8,1.44,-0.15,-0.8,1.44,-0.15,-0.85,1.09,0.11,0.25952,-0.06033,-0.11855,-0.95653,-0.86,1.07,0.06,0.25952,-0.06033,-0.11855,-0.95653,-0.82,1.08,0.09,0.44111,-0.20263,0.45844,-0.74444,-0.8,1.09,0.1,0.20361,-0.06141,0.41738,-0.8835,-0.79,1.1,0.13,0.11248,-0.0577,0.50074,-0.85632,-0.78,1.11,0.16,0.11248,-0.0577,0.50074,-0.85632,-0.83,1.08,0.09,0.25952,-0.06033,-0.11855,-0.95653,-0.83,1.11,0.14,0.02678,-0.08831,-0.05979,-0.99394,-0.82,1.11,0.18,-0.30032,-0.10522,-0.05369,-0.9465,-0.81,1.1,0.19,-0.45534,-0.08575,-0.04479,-0.88505,-0.81,1.08,0.21,-0.45534,-0.08575,-0.04479,-0.88505,-0.85,1.08,0.09,0.25952,-0.06033,-0.11855,-0.95653,-0.85,1.11,0.14,0.14628,-0.04163,-0.13063,-0.9797,-0.85,1.12,0.18,-0.19765,-0.08535,-0.12109,-0.96901,-0.84,1.11,0.2,-0.34645,-0.09705,-0.16392,-0.91852,-0.83,1.1,0.22,-0.34645,-0.09705,-0.16392,-0.91852,-0.87,1.08,0.09,0.25952,-0.06033,-0.11855,-0.95653,-0.87,1.1,0.14,0.23454,-0.01178,-0.18368,-0.95452,-0.87,1.12,0.17,-0.14836,-0.10049,-0.20134,-0.96299,-0.86,1.11,0.2,-0.34159,-0.16666,-0.19401,-0.90438,-0.85,1.1,0.22,-0.34159,-0.16666,-0.19401,-0.90438,-0.87,1.07,0.1,0.20458,0.01994,-0.34811,-0.91464,-0.88,1.09,0.14,0.24005,-0.00651,-0.25059,-0.93784,-0.88,1.1,0.16,-0.11249,-0.08587,-0.30082,-0.94312,-0.88,1.1,0.18,-0.28611,-0.19023,-0.28097,-0.89611,-0.87,1.09,0.2,-0.28611,-0.19023,-0.28097,-0.89611,-0.71,1.09,0.13,-0.25653,-0.16766,-0.09331,0.9473,-0.69,1.06,0.07,-0.25653,-0.16766,-0.09331,0.9473,-0.73,1.07,0.1,-0.46164,-0.26218,0.48684,0.69364,-0.75,1.08,0.11,-0.30039,-0.15137,0.45005,0.82723,-0.77,1.09,0.14,-0.26974,-0.16649,0.53582,0.78257,-0.78,1.1,0.15,-0.26974,-0.16649,0.53582,0.78257,-0.72,1.07,0.1,-0.25653,-0.16766,-0.09331,0.9473,-0.73,1.1,0.14,-0.06534,-0.20193,-0.01036,0.97716,-0.75,1.11,0.18,0.32007,-0.19525,0.04293,0.92606,-0.76,1.09,0.19,0.48047,-0.15804,0.06812,0.85996,-0.76,1.08,0.21,0.48047,-0.15804,0.06812,0.85996,-0.7,1.07,0.1,-0.25653,-0.16766,-0.09331,0.9473,-0.71,1.1,0.15,-0.13562,-0.15549,-0.0888,0.97445,-0.72,1.12,0.19,0.33322,-0.18199,-0.01907,0.92492,-0.73,1.1,0.21,0.56935,-0.16783,-0.03763,0.8039,-0.74,1.08,0.22,0.56935,-0.16783,-0.03763,0.8039,-0.68,1.07,0.11,-0.25653,-0.16766,-0.09331,0.9473,-0.7,1.1,0.15,-0.22495,-0.11495,-0.15702,0.95474,-0.7,1.11,0.19,0.34438,-0.20734,-0.10317,0.90982,-0.71,1.1,0.2,0.62715,-0.24936,-0.05679,0.73572,-0.72,1.08,0.21,0.62715,-0.24936,-0.05679,0.73572,-0.68,1.07,0.11,-0.18318,-0.08418,-0.31938,0.92593,-0.68,1.08,0.15,-0.32252,-0.0594,-0.23196,0.91578,-0.68,1.1,0.18,0.27487,-0.19773,-0.23328,0.91155,-0.69,1.09,0.19,0.61103,-0.31659,-0.1427,0.71137,-0.7,1.08,0.19,0.61103,-0.31659,-0.1427,0.71137,-0.81,1.08,0.19
-0.8,1.44,-0.15,-0.8,1.44,-0.15,-0.85,1.1,0.11,0.30187,-0.05885,-0.14386,-0.94059,-0.86,1.06,0.06,0.30187,-0.05885,-0.14386,-0.94059,-0.82,1.08,0.09,0.46955,-0.16676,0.45528,-0.73786,-0.8,1.1,0.1,0.23391,-0.03009,0.40327,-0.88417,-0.79,1.11,0.13,0.13797,-0.02388,0.4857,-0.86284,-0.79,1.12,0.15,0.13797,-0.02388,0.4857,-0.86284,-0.83,1.08,0.09,0.30187,-0.05885,-0.14386,-0.94059,-0.83,1.12,0.13,0.06975,-0.08571,-0.08763,-0.99001,-0.82,1.13,0.17,-0.28367,-0.11505,-0.0776,-0.94883,-0.82,1.11,0.19,-0.44508,-0.10006,-0.06648,-0.88739,-0.81,1.1,0.2,-0.44508,-0.10006,-0.06648,-0.88739,-0.85,1.08,0.09,0.30187,-0.05885,-0.14386,-0.94059,-0.85,1.12,0.13,0.15905,-0.0513,-0.15463,-0.97374,-0.85,1.13,0.17,-0.2264,-0.10889,-0.13567,-0.95837,-0.84,1.12,0.2,-0.39073,-0.12319,-0.17367,-0.89554,-0.83,1.11,0.22,-0.39073,-0.12319,-0.17367,-0.89554,-0.87,1.08,0.09,0.30187,-0.05885,-0.14386,-0.94059,-0.87,1.11,0.14,0.24389,-0.02615,-0.20845,-0.94677,-0.87,1.12,0.17,-0.18897,-0.13503,-0.21241,-0.94918,-0.86,1.12,0.19,-0.39995,-0.20576,-0.19534,-0.87152,-0.85,1.1,0.21,-0.39995,-0.20576,-0.19534,-0.87152,-0.87,1.07,0.09,0.24263,0.00991,-0.37529,-0.89454,-0.88,1.09,0.13,0.25757,-0.03124,-0.27517,-0.92572,-0.89,1.11,0.16,-0.13904,-0.13376,-0.31069,-0.93073,-0.88,1.1,0.18,-0.34319,-0.24873,-0.27433,-0.86319,-0.87,1.09,0.19,-0.34319,-0.24873,-0.27433,-0.86319,-0.71,1.1,0.12,-0.32543,-0.19666,-0.12512,0.91639,-0.68,1.06,0.07,-0.32543,-0.19666,-0.12512,0.91639,-0.73,1.07,0.09,-0.52907,-0.23188,0.47074,0.66688,-0.75,1.09,0.1,-0.37002,-0.13041,0.42738,0.81451,-0.77,1.1,0.12,-0.33565,-0.13761,0.51625,0.77582,-0.78,1.11,0.14,-0.33565,-0.13761,0.51625,0.77582,-0.71,1.08,0.09,-0.32543,-0.19666,-0.12512,0.91639,-0.73,1.12,0.13,-0.10503,-0.25021,-0.0142,0.96237,-0.75,1.12,0.16,0.32897,-0.23875,0.07162,0.91085,-0.76,1.11,0.18,0.5084,-0.19346,0.11003,0.83186,-0.77,1.09,0.19,0.5084,-0.19346,0.11003,0.83186,-0.7,1.08,0.1,-0.32543,-0.19666,-0.12512,0.91639,-0.71,1.12,0.14,-0.19184,-0.19275,-0.11468,0.95545,-0.73,1.13,0.17,0.27525,-0.2277,-0.02437,0.9337,-0.74,1.12,0.19,0.51883,-0.21725,-0.03103,0.82623,-0.75,1.1,0.2,0.51883,-0.21725,-0.03103,0.82623,-0.68,1.08,0.1,-0.32543,-0.19666,-0.12512,0.91639,-0.7,1.11,0.14,-0.26641,-0.15391,-0.1877,0.9328,-0.7,1.13,0.17,0.29374,-0.25755,-0.10683,0.91432,-0.72,1.12,0.19,0.58121,-0.29906,-0.0424,0.75562,-0.73,1.1,0.2,0.58121,-0.29906,-0.0424,0.75562,-0.68,1.07,0.11,-0.23998,-0.13144,-0.35292,0.89475,-0.68,1.09,0.15,-0.36813,-0.08226,-0.27349,0.88483,-0.68,1.12,0.17,0.22379,-0.24479,-0.25147,0.90926,-0.69,1.11,0.18,0.55378,-0.36538,-0.14179,0.73466,-0.7,1.1,0.19,0.55378,-0.36538,-0.14179,0.73466,-0.81,1.08,0.19
-0.8,1.44,-0.15,-0.8,1.44,-0.15,-0.85,1.1,0.11,0.33841,-0.0542,-0.14815,-0.92768,-0.86,1.06,0.06,0.33841,-0.0542,-0.14815,-0.92768,-0.82,1.08,0.09,0.46983,-0.1339,0.48502,-0.72532,-0.8,1.1,0.1,0.24066,0.00997,0.42287,-0.87359,-0.8,1.11,0.13,0.13517,0.02214,0.5006,-0.85477,-0.79,1.12,0.15,0.13517,0.02214,0.5006,-0.85477,-0.84,1.08,0.09,0.33841,-0.0542,-0.14815,-0.92768,-0.83,1.12,0.13,0.09856,-0.07733,-0.09475,-0.98759,-0.83,1.13,0.16,-0.27064,-0.11181,-0.08528,-0.95236,-0.82,1.12,0.18,-0.4318,-0.09821,-0.07512,-0.89345,-0.82,1.1,0.2,-0.4318,-0.09821,-0.07512,-0.89345,-0.85,1.08,0.09,0.33841,-0.0542,-0.14815,-0.92768,-0.85,1.12,0.13,0.13933,-0.06256,-0.15438,-0.97614,-0.85,1.13,0.17,-0.2905,-0.12499,-0.12549,-0.94034,-0.84,1.12,0.19,-0.47841,-0.13684,-0.15872,-0.85276,-0.83,1.1,0.21,-0.47841,-0.13684,-0.15872,-0.85276,-0.87,1.08,0.09,0.33841,-0.0542,-0.14815,-0.92768,-0.87,1.11,0.13,0.21697,-0.04277,-0.21,-0.95236,-0.87,1.13,0.17,-0.26824,-0.16058,-0.19973,-0.92864,-0.86,1.12,0.19,-0.50215,-0.23063,-0.17339,-0.81523,-0.85,1.1,0.2,-0.50215,-0.23063,-0.17339,-0.81523,-0.88,1.07,0.09,0.27859,0.00495,-0.38198,-0.88117,-0.89,1.09,0.13,0.24344,-0.05973,-0.27683,-0.92765,-0.89,1.11,0.16,-0.19126,-0.17084,-0.29591,-0.92015,-0.88,1.1,0.17,-0.41232,-0.2863,-0.24769,-0.82866,-0.86,1.09,0.19,-0.41232,-0.2863,-0.24769,-0.82866,-0.71,1.1,0.11,-0.35139,-0.22431,-0.11193,0.90204,-0.68,1.06,0.07,-0.35139,-0.22431,-0.11193,0.90204,-0.72,1.07,0.08,-0.54076,-0.22804,0.50132,0.63581,-0.75,1.09,0.09,-0.38636,-0.12008,0.45899,0.79097,-0.77,1.1,0.11,-0.34826,-0.12292,0.54661,0.75155,-0.78,1.11,0.13,-0.34826,-0.12292,0.54661,0.75155,-0.71,1.08,0.08,-0.35139,-0.22431,-0.11193,0.90204,-0.74,1.12,0.12,-0.05809,-0.28899,0.04604,0.95446,-0.76,1.12,0.15,0.38494,-0.24374,0.14712,0.87794,-0.76,1.1,0.16,0.55839,-0.18211,0.18762,0.7873,-0.77,1.08,0.17,0.55839,-0.18211,0.18762,0.7873,-0.7,1.08,0.09,-0.35139,-0.22431,-0.11193,0.90204,-0.72,1.12,0.13,-0.19401,-0.22226,-0.09181,0.95107,-0.73,1.14,0.16,0.24983,-0.24345,0.00398,0.93718,-0.74,1.12,0.18,0.47988,-0.22785,-0.00244,0.84723,-0.75,1.11,0.19,0.47988,-0.22785,-0.00244,0.84723,-0.68,1.08,0.1,-0.35139,-0.22431,-0.11193,0.90204,-0.7,1.11,0.13,-0.26681,-0.17925,-0.17272,0.93105,-0.71,1.13,0.16,0.25185,-0.26683,-0.09156,0.92574,-0.72,1.12,0.18,0.52736,-0.30426,-0.02959,0.79274,-0.73,1.1,0.19,0.52736,-0.30426,-0.02959,0.79274,-0.68,1.07,0.1,-0.26149,-0.16535,-0.34031,0.88796,-0.68,1.1,0.14,-0.36507,-0.08096,-0.2706,0.8871,-0.68,1.12,0.16,0.20229,-0.23517,-0.25541,0.91572,-0.69,1.11,0.18,0.49288,-0.3509,-0.16608,0.77869,-0.71,1.1,0.18,0.49288,-0.3509,-0.16608,0.77869,-0.81,1.08,0.19
-0.8,1.44,-0.15,-0.8,1.44,-0.15,-0.85,1.1,0.11,0.33841,-0.05643,-0.13074,-0.93016,-0.86,1.06,0.06,0.33841,-0.05643,-0.13074,-0.93016,-0.82,1.08,0.09,0.45137,-0.14025,0.51428,-0.71562,-0.8,1.1,0.1,0.22772,0.01316,0.45408,-0.86127,-0.8,1.11,0.13,0.12371,0.02647,0.52982,-0.83862,-0.79,1.12,0.16,0.12371,0.02647,0.52982,-0.83862,-0.84,1.08,0.09,0.33841,-0.05643,-0.13074,-0.93016,-0.83,1.12,0.13,0.07427,-0.07691,-0.07469,-0.99146,-0.83,1.13,0.17,-0.29841,-0.10374,-0.06653,-0.94645,-0.82,1.12,0.19,-0.45347,-0.08643,-0.05776,-0.88519,-0.82,1.1,0.2,-0.45347,-0.08643,-0.05776,-0.88519,-0.85,1.08,0.09,0.33841,-0.05643,-0.13074,-0.93016,-0.85,1.12,0.13,0.11709,-0.06695,-0.1338,-0.98179,-0.85,1.13,0.17,-0.31775,-0.12042,-0.10451,-0.93467,-0.84,1.12,0.19,-0.51059,-0.12716,-0.13863,-0.83899,-0.83,1.1,0.2,-0.51059,-0.12716,-0.13863,-0.83899,-0.87,1.08,0.09,0.33841,-0.05643,-0.13074,-0.93016,-0.87,1.11,0.13,0.19352,-0.04864,-0.19082,-0.96113,-0.87,1.13,0.17,-0.28641,-0.15429,-0.18182,-0.92796,-0.86,1.11,0.19,-0.52225,-0.21982,-0.15788,-0.80871,-0.85,1.09,0.2,-0.52225,-0.21982,-0.15788,-0.80871,-0.88,1.07,0.09,0.28053,0.00346,-0.3656,-0.88748,-0.89,1.09,0.13,0.22916,-0.0666,-0.25877,-0.936,-0.89,1.11,0.16,-0.20297,-0.16662,-0.27766,-0.92409,-0.88,1.1,0.18,-0.42405,-0.27727,-0.23218,-0.8303,-0.86,1.09,0.19,-0.42405,-0.27727,-0.23218,-0.8303,-0.71,1.09,0.11,-0.32567,-0.20144,-0.08208,0.92012,-0.68,1.06,0.07,-0.32567,-0.20144,-0.08208,0.92012,-0.72,1.07,0.09,-0.48089,-0.23125,0.55475,0.63838,-0.75,1.08,0.1,-0.33281,-0.10795,0.51371,0.78338,-0.77,1.09,0.13,-0.30054,-0.12077,0.59629,0.73452,-0.78,1.1,0.14,-0.30054,-0.12077,0.59629,0.73452,-0.71,1.07,0.09,-0.32567,-0.20144,-0.08208,0.92012,-0.73,1.11,0.13,0.00362,-0.26976,0.08397,0.95925,-0.75,1.11,0.16,0.42744,-0.21082,0.16833,0.86285,-0.76,1.09,0.17,0.58944,-0.14673,0.20142,0.76841,-0.76,1.07,0.18,0.58944,-0.14673,0.20142,0.76841,-0.7,1.07,0.09,-0.32567,-0.20144,-0.08208,0.92012,-0.71,1.12,0.13,-0.13746,-0.1981,-0.05849,0.96873,-0.73,1.13,0.17,0.26288,-0.20721,0.01298,0.94222,-0.74,1.11,0.19,0.46184,-0.1912,-0.00635,0.86608,-0.75,1.1,0.2,0.46184,-0.1912,-0.00635,0.86608,-0.68,1.07,0.1,-0.32567,-0.20144,-0.08208,0.92012,-0.7,1.11,0.14,-0.21479,-0.14802,-0.14187,0.9549,-0.7,1.12,0.17,0.26041,-0.2183,-0.09294,0.93589,-0.72,1.11,0.19,0.5095,-0.25836,-0.05299,0.81906,-0.73,1.09,0.2,0.5095,-0.25836,-0.05299,0.81906,-0.68,1.07,0.1,-0.24519,-0.1348,-0.31197,0.90796,-0.68,1.1,0.14,-0.31402,-0.03818,-0.24051,0.91766,-0.68,1.11,0.17,0.21114,-0.16604,-0.26269,0.92674,-0.69,1.11,0.18,0.45885,-0.27886,-0.21101,0.8168,-0.7,1.09,0.19,0.45885,-0.27886,-0.21101,0.8168,-0.81,1.08,0.19
-0.8,1.44,-0.15,-0.8,1.44,-0.15,-0.85,1.1,0.11,0.32697,-0.05645,-0.14155,-0.93267,-0.86,1.06,0.06,0.32697,-0.05645,-0.14155,-0.93267,-0.82,1.08,0.09,0.43908,-0.14852,0.51125,-0.72372,-0.8,1.09,0.11,0.21429,0.00494,0.45343,-0.86514,-0.8,1.11,0.14,0.11558,0.01399,0.53001,-0.83996,-0.79,1.11,0.16,0.11558,0.01399,0.53001,-0.83996,-0.84,1.08,0.09,0.32697,-0.05645,-0.14155,-0.93267,-0.83,1.12,0.13,0.04786,-0.08414,-0.08161,-0.99195,-0.83,1.13,0.17,-0.32381,-0.11237,-0.07032,-0.93679,-0.82,1.11,0.19,-0.47423,-0.09511,-0.05971,-0.87321,-0.82,1.09,0.2,-0.47423,-0.09511,-0.05971,-0.87321,-0.85,1.08,0.09,0.32697,-0.05645,-0.14155,-0.93267,-0.85,1.12,0.13,0.09629,-0.07286,-0.14204,-0.98247,-0.85,1.13,0.17,-0.33265,-0.12855,-0.11,-0.92775,-0.84,1.11,0.19,-0.52358,-0.13517,-0.14204,-0.8291,-0.83,1.09,0.21,-0.52358,-0.13517,-0.14204,-0.8291,-0.87,1.08,0.09,0.32697,-0.05645,-0.14155,-0.93267,-0.87,1.11,0.13,0.17223,-0.05119,-0.20058,-0.96306,-0.87,1.12,0.17,-0.29564,-0.15824,-0.1911,-0.92252,-0.86,1.11,0.19,-0.5277,-0.22553,-0.16628,-0.80188,-0.85,1.09,0.2,-0.5277,-0.22553,-0.16628,-0.80188,-0.88,1.07,0.09,0.26789,0.00597,-0.37498,-0.88746,-0.89,1.09,0.13,0.21095,-0.06639,-0.2696,-0.93723,-0.89,1.11,0.16,-0.21509,-0.16819,-0.2879,-0.91791,-0.88,1.1,0.18,-0.42971,-0.28015,-0.24337,-0.82319,-0.86,1.09,0.19,-0.42971,-0.28015,-0.24337,-0.82319,-0.71,1.09,0.11,-0.31702,-0.1934,-0.07668,0.92532,-0.68,1.06,0.07,-0.31702,-0.1934,-0.07668,0.92532,-0.72,1.07,0.09,-0.45086,-0.23188,0.57968,0.63791,-0.75,1.08,0.1,-0.30913,-0.10359,0.53873,0.77684,-0.77,1.09,0.13,-0.28761,-0.12777,0.61814,0.72032,-0.78,1.1,0.15,-0.28761,-0.12777,0.61814,0.72032,-0.71,1.07,0.09,-0.31702,-0.1934,-0.07668,0.92532,-0.73,1.11,0.13,0.03346,-0.26737,0.09818,0.958,-0.75,1.11,0.16,0.43006,-0.20661,0.17427,0.86139,-0.76,1.09,0.17,0.57688,-0.14509,0.20345,0.77767,-0.76,1.07,0.18,0.57688,-0.14509,0.20345,0.77767,-0.7,1.07,0.09,-0.31702,-0.1934,-0.07668,0.92532,-0.71,1.11,0.13,-0.09874,-0.19454,-0.04639,0.97481,-0.73,1.12,0.17,0.28177,-0.19906,0.01856,0.93842,-0.74,1.11,0.19,0.46396,-0.18161,-0.00414,0.86703,-0.75,1.09,0.21,0.46396,-0.18161,-0.00414,0.86703,-0.68,1.07,0.1,-0.31702,-0.1934,-0.07668,0.92532,-0.7,1.11,0.14,-0.17458,-0.13937,-0.13346,0.96555,-0.7,1.12,0.17,0.27627,-0.20294,-0.09529,0.93456,-0.72,1.11,0.19,0.50523,-0.24344,-0.064,0.82546,-0.73,1.09,0.2,0.50523,-0.24344,-0.064,0.82546,-0.67,1.07,0.1,-0.23915,-0.1244,-0.30675,0.91282,-0.68,1.09,0.14,-0.27359,-0.02109,-0.23701,0.93195,-0.68,1.11,0.17,0.22451,-0.13867,-0.2719,0.92544,-0.68,1.1,0.18,0.43737,-0.24683,-0.23699,0.83164,-0.7,1.09,0.2,0.43737,-0.24683,-0.23699,0.83164,-0.81,1.08,0.19
-0.8,1.44,-0.15,-0.8,1.44,-0.15,-0.85,1.1,0.11,0.31607,-0.05287,-0.15942,-0.93375,-0.86,1.06,0.06,0.31607,-0.05287,-0.15942,-0.93375,-0.82,1.08,0.09,0.4344,-0.15323,0.49576,-0.73623,-0.8,1.09,0.11,0.20688,-0.00411,0.43915,-0.87426,-0.8,1.11,0.14,0.11095,0.00155,0.51711,-0.84869,-0.79,1.11,0.16,0.11095,0.00155,0.51711,-0.84869,-0.84,1.08,0.09,0.31607,-0.05287,-0.15942,-0.93375,-0.83,1.12,0.13,0.03719,-0.0912,-0.09657,-0.99044,-0.83,1.12,0.17,-0.33073,-0.12394,-0.08195,-0.93196,-0.82,1.11,0.19,-0.47981,-0.10831,-0.06921,-0.86791,-0.82,1.09,0.2,-0.47981,-0.10831,-0.06921,-0.86791,-0.85,1.08,0.09,0.31607,-0.05287,-0.15942,-0.93375,-0.86,1.12,0.13,0.0873,-0.07567,-0.15875,-0.98054,-0.85,1.13,0.18,-0.32593,-0.1362,-0.12596,-0.92702,-0.84,1.11,0.2,-0.51225,-0.14573,-0.15632,-0.83182,-0.83,1.09,0.21,-0.51225,-0.14573,-0.15632,-0.83182,-0.87,1.07,0.09,0.31607,-0.05287,-0.15942,-0.93375,-0.87,1.11,0.13,0.16267,-0.04942,-0.2183,-0.96096,-0.87,1.12,0.17,-0.28582,-0.16078,-0.21025,-0.921,-0.86,1.11,0.19,-0.51157,-0.23219,-0.18493,-0.80634,-0.85,1.09,0.2,-0.51157,-0.23219,-0.18493,-0.80634,-0.88,1.07,0.1,0.25555,0.01151,-0.39104,-0.88411,-0.89,1.09,0.13,0.19856,-0.05897,-0.28877,-0.93472,-0.89,1.1,0.16,-0.21589,-0.16572,-0.30917,-0.91123,-0.88,1.1,0.18,-0.41754,-0.27988,-0.26758,-0.82203,-0.86,1.08,0.19,-0.41754,-0.27988,-0.26758,-0.82203,-0.71,1.1,0.11,-0.32743,-0.19206,-0.08322,0.9214,-0.68,1.06,0.07,-0.32743,-0.19206,-0.08322,0.9214,-0.72,1.07,0.09,-0.45342,-0.22297,0.58215,0.63702,-0.75,1.08,0.1,-0.313,-0.09488,0.53907,0.77617,-0.77,1.09,0.13,-0.29212,-0.11989,0.61859,0.71947,-0.78,1.1,0.15,-0.29212,-0.11989,0.61859,0.71947,-0.71,1.07,0.09,-0.32743,-0.19206,-0.08322,0.9214,-0.73,1.11,0.13,0.02026,-0.26818,0.09228,0.95873,-0.75,1.11,0.16,0.41311,-0.21111,0.16798,0.8698,-0.76,1.09,0.17,0.55641,-0.15204,0.19637,0.79292,-0.76,1.07,0.18,0.55641,-0.15204,0.19637,0.79292,-0.7,1.07,0.09,-0.32743,-0.19206,-0.08322,0.9214,-0.71,1.12,0.13,-0.08597,-0.19862,-0.0467,0.97518,-0.73,1.12,0.17,0.30772,-0.20245,0.02282,0.92941,-0.74,1.11,0.19,0.49374,-0.18216,0.00168,0.85032,-0.75,1.09,0.2,0.49374,-0.18216,0.00168,0.85032,-0.68,1.08,0.1,-0.32743,-0.19206,-0.08322,0.9214,-0.69,1.11,0.14,-0.14611,-0.14562,-0.13454,0.9692,-0.7,1.12,0.17,0.30589,-0.2081,-0.09353,0.92432,-0.72,1.11,0.19,0.53233,-0.24721,-0.06148,0.8073,-0.73,1.09,0.2,0.53233,-0.24721,-0.06148,0.8073,-0.67,1.07,0.1,-0.24865,-0.12592,-0.31376,0.90767,-0.68,1.1,0.14,-0.25371,-0.0287,-0.24597,0.93504,-0.68,1.11,0.17,0.24456,-0.14824,-0.27578,0.91769,-0.68,1.1,0.18,0.45259,-0.2562,-0.23981,0.81977,-0.7,1.09,0.19,0.45259,-0.2562,-0.23981,0.81977,-0.81,1.08,0.19
-0.8,1.44,-0.15,-0.8,1.44,-0.15,-0.85,1.1,0.11,0.31251,-0.05103,-0.17933,-0.93144,-0.86,1.06,0.06,0.31251,-0.05103,-0.17933,-0.93144,-0.83,1.08,0.09,0.43734,-0.15746,0.47849,-0.74498,-0.8,1.1,0.11,0.20785,-0.01395,0.42297,-0.88187,-0.8,1.11,0.14,0.11478,-0.01092,0.50265,-0.85677,-0.79,1.11,0.16,0.11478,-0.01092,0.50265,-0.85677,-0.84,1.08,0.09,0.31251,-0.05103,-0.17933,-0.93144,-0.84,1.12,0.13,0.03814,-0.10269,-0.11174,-0.98768,-0.83,1.12,0.17,-0.31824,-0.13912,-0.09341,-0.93308,-0.82,1.11,0.19,-0.4642,-0.12491,-0.07905,-0.87331,-0.81,1.09,0.2,-0.4642,-0.12491,-0.07905,-0.87331,-0.85,1.08,0.09,0.31251,-0.05103,-0.17933,-0.93144,-0.86,1.12,0.14,0.0908,-0.08124,-0.17684,-0.97667,-0.85,1.13,0.18,-0.30845,-0.14685,-0.14209,-0.92903,-0.84,1.11,0.2,-0.48647,-0.15911,-0.17081,-0.84194,-0.83,1.09,0.21,-0.48647,-0.15911,-0.17081,-0.84194,-0.87,1.07,0.09,0.31251,-0.05103,-0.17933,-0.93144,-0.87,1.1,0.14,0.16511,-0.05,-0.23781,-0.95587,-0.87,1.12,0.17,-0.26615,-0.16649,-0.22956,-0.92127,-0.86,1.11,0.19,-0.48052,-0.24074,-0.20403,-0.81824,-0.85,1.09,0.2,-0.48052,-0.24074,-0.20403,-0.81824,-0.88,1.07,0.1,0.24973,0.01334,-0.40937,-0.87743,-0.89,1.09,0.14,0.19094,-0.05246,-0.3106,-0.92969,-0.89,1.1,0.16,-0.20286,-0.16204,-0.33359,-0.90626,-0.88,1.09,0.18,-0.38155,-0.27513,-0.29754,-0.83078,-0.86,1.08,0.19,-0.38155,-0.27513,-0.29754,-0.83078,-0.71,1.1,0.11,-0.34746,-0.19623,-0.09126,0.91238,-0.68,1.06,0.07,-0.34746,-0.19623,-0.09126,0.91238,-0.72,1.07,0.09,-0.47026,-0.21119,0.57887,0.63179,-0.75,1.08,0.1,-0.32717,-0.08282,0.53363,0.77546,-0.77,1.09,0.13,-0.29666,-0.09948,0.6146,0.72413,-0.78,1.1,0.15,-0.29666,-0.09948,0.6146,0.72413,-0.71,1.08,0.09,-0.34746,-0.19623,-0.09126,0.91238,-0.73,1.12,0.12,-0.02056,-0.2703,0.07828,0.95937,-0.75,1.12,0.16,0.37997,-0.21907,0.15716,0.88483,-0.76,1.1,0.17,0.5263,-0.16206,0.18597,0.81373,-0.76,1.08,0.18,0.5263,-0.16206,0.18597,0.81373,-0.7,1.08,0.09,-0.34746,-0.19623,-0.09126,0.91238,-0.71,1.12,0.13,-0.09875,-0.20507,-0.05196,0.97237,-0.73,1.13,0.17,0.34524,-0.20916,0.03189,0.91436,-0.74,1.11,0.19,0.55994,-0.18197,0.01644,0.80813,-0.75,1.09,0.19,0.55994,-0.18197,0.01644,0.80813,-0.68,1.08,0.1,-0.34746,-0.19623,-0.09126,0.91238,-0.69,1.11,0.14,-0.14595,-0.15677,-0.13898,0.96685,-0.7,1.12,0.17,0.35126,-0.22402,-0.08236,0.90535,-0.72,1.11,0.19,0.59952,-0.25841,-0.04063,0.7564,-0.73,1.09,0.19,0.59952,-0.25841,-0.04063,0.7564,-0.67,1.07,0.1,-0.26621,-0.13552,-0.32241,0.89823,-0.68,1.1,0.14,-0.24932,-0.05183,-0.25488,0.93284,-0.68,1.11,0.17,0.28763,-0.18316,-0.26619,0.90159,-0.69,1.11,0.18,0.5179,-0.29361,-0.21515,0.77413,-0.7,1.09,0.19,0.5179,-0.29361,-0.21515,0.77413,-0.81,1.08,0.19
-0.8,1.44,-0.15,-0.8,1.44,-0.15,-0.85,1.1,0.11,0.32478,-0.05568,-0.16677,-0.92931,-0.86,1.06,0.06,0.32478,-0.05568,-0.16677,-0.92931,-0.82,1.08,0.09,0.44179,-0.16147,0.49347,-0.73159,-0.8,1.1,0.11,0.21371,-0.01299,0.43951,-0.87235,-0.8,1.11,0.14,0.11882,-0.00674,0.51842,-0.8468,-0.79,1.11,0.16,0.11882,-0.00674,0.51842,-0.8468,-0.84,1.08,0.09,0.32478,-0.05568,-0.16677,-0.92931,-0.83,1.12,0.13,0.05448,-0.11252,-0.09228,-0.98785,-0.83,1.13,0.17,-0.30155,-0.14167,-0.07197,-0.94012,-0.82,1.11,0.19,-0.44684,-0.12408,-0.05824,-0.88405,-0.81,1.1,0.2,-0.44684,-0.12408,-0.05824,-0.88405,-0.85,1.08,0.09,0.32478,-0.05568,-0.16677,-0.92931,-0.86,1.12,0.13,0.10942,-0.08715,-0.16137,-0.97693,-0.85,1.13,0.17,-0.29315,-0.14653,-0.1253,-0.93642,-0.84,1.12,0.2,-0.47246,-0.15654,-0.15481,-0.85341,-0.83,1.1,0.21,-0.47246,-0.15654,-0.15481,-0.85341,-0.87,1.07,0.09,0.32478,-0.05568,-0.16677,-0.92931,-0.87,1.11,0.14,0.18023,-0.05478,-0.2246,-0.95607,-0.87,1.12,0.17,-0.25009,-0.16502,-0.21588,-0.92931,-0.86,1.11,0.19,-0.46448,-0.23592,-0.19137,-0.83186,-0.85,1.09,0.2,-0.46448,-0.23592,-0.19137,-0.83186,-0.88,1.07,0.1,0.26245,0.00623,-0.3984,-0.87884,-0.89,1.09,0.13,0.19325,-0.05518,-0.30007,-0.9325,-0.89,1.1,0.16,-0.19143,-0.15693,-0.32445,-0.91294,-0.88,1.1,0.18,-0.36333,-0.26554,-0.29162,-0.84406,-0.86,1.09,0.19,-0.36333,-0.26554,-0.29162,-0.84406,-0.71,1.1,0.11,-0.34938,-0.20345,-0.09115,0.91007,-0.68,1.06,0.07,-0.34938,-0.20345,-0.09115,0.91007,-0.72,1.07,0.09,-0.47079,-0.21342,0.58301,0.62682,-0.75,1.08,0.1,-0.32287,-0.08,0.53957,0.77345,-0.77,1.09,0.13,-0.27958,-0.08692,0.62059,0.72743,-0.78,1.1,0.15,-0.27958,-0.08692,0.62059,0.72743,-0.71,1.07,0.09,-0.34938,-0.20345,-0.09115,0.91007,-0.73,1.12,0.12,-0.00355,-0.26785,0.08092,0.96005,-0.75,1.11,0.16,0.39975,-0.21459,0.15948,0.87677,-0.76,1.1,0.17,0.54159,-0.15768,0.1875,0.80415,-0.76,1.08,0.18,0.54159,-0.15768,0.1875,0.80415,-0.7,1.07,0.09,-0.34938,-0.20345,-0.09115,0.91007,-0.71,1.12,0.13,-0.1036,-0.20924,-0.05241,0.97095,-0.73,1.13,0.17,0.35519,-0.21257,0.0368,0.90956,-0.74,1.11,0.19,0.58088,-0.18227,0.02378,0.79296,-0.75,1.09,0.19,0.58088,-0.18227,0.02378,0.79296,-0.68,1.08,0.1,-0.34938,-0.20345,-0.09115,0.91007,-0.7,1.11,0.14,-0.15226,-0.16367,-0.13821,0.96485,-0.71,1.12,0.17,0.37474,-0.23206,-0.07123,0.89478,-0.72,1.11,0.19,0.63921,-0.26155,-0.02272,0.72283,-0.73,1.09,0.19,0.63921,-0.26155,-0.02272,0.72283,-0.68,1.07,0.1,-0.26664,-0.14323,-0.32196,0.89707,-0.68,1.1,0.14,-0.23312,-0.07733,-0.2505,0.93644,-0.68,1.11,0.17,0.33771,-0.20948,-0.24313,0.88485,-0.69,1.1,0.18,0.59387,-0.31821,-0.17602,0.71769,-0.71,1.09,0.18,0.59387,-0.31821,-0.17602,0.71769,-0.81,1.08,0.19
-0.8,1.44,-0.15,-0.8,1.44,-0.15,-0.85,1.1,0.11,0.32744,-0.06557,-0.11779,-0.93521,-0.86,1.06,0.06,0.32744,-0.06557,-0.11779,-0.93521,-0.82,1.08,0.09,0.44156,-0.17814,0.52495,-0.7055,-0.8,1.09,0.11,0.21646,-0.018,0.47688,-0.85171,-0.79,1.1,0.14,0.11452,-0.00266,0.55384,-0.8247,-0.79,1.11,0.16,0.11452,-0.00266,0.55384,-0.8247,-0.83,1.08,0.09,0.32744,-0.06557,-0.11779,-0.93521,-0.83,1.12,0.13,0.0636,-0.12111,-0.03486,-0.98999,-0.82,1.12,0.17,-0.2981,-0.12967,-0.01474,-0.94557,-0.81,1.11,0.19,-0.4468,-0.10341,-0.00318,-0.88863,-0.81,1.09,0.2,-0.4468,-0.10341,-0.00318,-0.88863,-0.85,1.08,0.09,0.32744,-0.06557,-0.11779,-0.93521,-0.85,1.12,0.13,0.1174,-0.08573,-0.1118,-0.98304,-0.84,1.13,0.17,-0.28957,-0.12554,-0.08038,-0.94548,-0.84,1.12,0.2,-0.47546,-0.12821,-0.115,-0.86272,-0.83,1.1,0.21,-0.47546,-0.12821,-0.115,-0.86272,-0.87,1.08,0.09,0.32744,-0.06557,-0.11779,-0.93521,-0.87,1.11,0.13,0.18006,-0.05494,-0.17655,-0.96612,-0.87,1.12,0.17,-0.25836,-0.14509,-0.17251,-0.93938,-0.86,1.11,0.19,-0.48483,-0.20745,-0.15308,-0.83574,-0.85,1.09,0.2,-0.48483,-0.20745,-0.15308,-0.83574,-0.88,1.07,0.1,0.26974,-0.00217,-0.3524,-0.89613,-0.88,1.09,0.13,0.18599,-0.04604,-0.25767,-0.94704,-0.88,1.1,0.16,-0.21481,-0.13521,-0.28851,-0.92322,-0.88,1.1,0.18,-0.40644,-0.24192,-0.25838,-0.84233,-0.86,1.09,0.19,-0.40644,-0.24192,-0.25838,-0.84233,-0.71,1.1,0.11,-0.34913,-0.20049,-0.09397,0.91054,-0.68,1.06,0.07,-0.34913,-0.20049,-0.09397,0.91054,-0.72,1.07,0.09,-0.46913,-0.2109,0.58204,0.62982,-0.75,1.08,0.11,-0.31936,-0.0765,0.53812,0.77626,-0.77,1.09,0.13,-0.27435,-0.08273,0.61914,0.73113,-0.78,1.1,0.15,-0.27435,-0.08273,0.61914,0.73113,-0.71,1.07,0.09,-0.34913,-0.20049,-0.09397,0.91054,-0.73,1.12,0.13,0.00843,-0.26451,0.08011,0.96101,-0.75,1.11,0.16,0.40858,-0.21201,0.15671,0.87382,-0.76,1.1,0.17,0.54647,-0.15625,0.18386,0.80197,-0.76,1.08,0.18,0.54647,-0.15625,0.18386,0.80197,-0.7,1.07,0.09,-0.34913,-0.20049,-0.09397,0.91054,-0.71,1.12,0.13,-0.10414,-0.20658,-0.05639,0.97124,-0.73,1.13,0.17,0.35687,-0.21196,0.03252,0.90921,-0.74,1.11,0.19,0.58485,-0.18238,0.01981,0.79012,-0.75,1.09,0.19,0.58485,-0.18238,0.01981,0.79012,-0.68,1.08,0.1,-0.34913,-0.20049,-0.09397,0.91054,-0.7,1.11,0.14,-0.15799,-0.16179,-0.14183,0.96371,-0.71,1.12,0.17,0.37088,-0.23269,-0.07475,0.89594,-0.72,1.11,0.19,0.6386,-0.26327,-0.025,0.72267,-0.73,1.09,0.19,0.6386,-0.26327,-0.025,0.72267,-0.68,1.07,0.11,-0.2666,-0.1403,-0.32481,0.89652,-0.68,1.1,0.14,-0.23879,-0.07999,-0.25158,0.9345,-0.68,1.11,0.17,0.32507,-0.21096,-0.24382,0.88903,-0.69,1.1,0.18,0.58461,-0.32029,-0.17507,0.72457,-0.71,1.09,0.19,0.58461,-0.32029,-0.17507,0.72457,-0.81,1.08,0.19
-0.8,1.45,-0.15,-0.8,1.45,-0.15,-0.85,1.1,0.11,0.31502,-0.07483,-0.08399,-0.9424,-0.86,1.06,0.06,0.31502,-0.07483,-0.08399,-0.9424,-0.82,1.07,0.09,0.43648,-0.20211,0.53876,-0.69165,-0.8,1.09,0.1,0.20488,-0.03096,0.49953,-0.84115,-0.79,1.1,0.14,0.10105,-0.01191,0.57582,-0.81122,-0.79,1.1,0.16,0.10105,-0.01191,0.57582,-0.81122,-0.83,1.08,0.09,0.31502,-0.07483,-0.08399,-0.9424,-0.82,1.11,0.13,0.07425,-0.13551,0.00423,-0.98798,-0.81,1.12,0.17,-0.26851,-0.1299,0.0243,-0.95417,-0.81,1.11,0.19,-0.4195,-0.0977,0.03474,-0.90181,-0.81,1.09,0.2,-0.4195,-0.0977,0.03474,-0.90181,-0.85,1.08,0.09,0.31502,-0.07483,-0.08399,-0.9424,-0.85,1.12,0.13,0.14367,-0.08069,-0.0822,-0.9829,-0.84,1.13,0.17,-0.26587,-0.10936,-0.05526,-0.95619,-0.83,1.11,0.2,-0.46562,-0.10969,-0.09372,-0.87315,-0.83,1.1,0.21,-0.46562,-0.10969,-0.09372,-0.87315,-0.87,1.08,0.09,0.31502,-0.07483,-0.08399,-0.9424,-0.86,1.11,0.14,0.18779,-0.04566,-0.14697,-0.97008,-0.86,1.12,0.17,-0.26252,-0.12567,-0.14898,-0.94504,-0.86,1.11,0.19,-0.50907,-0.18489,-0.13286,-0.83007,-0.84,1.09,0.2,-0.50907,-0.18489,-0.13286,-0.83007,-0.87,1.07,0.1,0.26041,-0.00694,-0.31926,-0.91116,-0.88,1.09,0.13,0.18069,-0.02669,-0.23045,-0.95579,-0.88,1.1,0.16,-0.2323,-0.10926,-0.27098,-0.92772,-0.88,1.1,0.18,-0.44715,-0.21872,-0.24355,-0.83241,-0.86,1.08,0.19,-0.44715,-0.21872,-0.24355,-0.83241,-0.71,1.1,0.11,-0.34292,-0.19954,-0.0906,0.91345,-0.68,1.06,0.07,-0.34292,-0.19954,-0.0906,0.91345,-0.73,1.07,0.09,-0.45824,-0.21756,0.58919,0.62891,-0.75,1.08,0.11,-0.30424,-0.07706,0.54799,0.77538,-0.77,1.09,0.13,-0.2571,-0.08284,0.62806,0.72978,-0.78,1.1,0.15,-0.2571,-0.08284,0.62806,0.72978,-0.71,1.07,0.09,-0.34292,-0.19954,-0.0906,0.91345,-0.74,1.11,0.13,0.03168,-0.2623,0.08824,0.96042,-0.75,1.11,0.16,0.42385,-0.20712,0.16177,0.86677,-0.76,1.09,0.17,0.55657,-0.15131,0.18775,0.79504,-0.76,1.07,0.18,0.55657,-0.15131,0.18775,0.79504,-0.7,1.07,0.1,-0.34292,-0.19954,-0.0906,0.91345,-0.71,1.12,0.13,-0.10175,-0.20546,-0.05355,0.97189,-0.73,1.13,0.17,0.35744,-0.20971,0.03409,0.90945,-0.74,1.11,0.19,0.58532,-0.17978,0.02075,0.79035,-0.75,1.09,0.2,0.58532,-0.17978,0.02075,0.79035,-0.68,1.07,0.1,-0.34292,-0.19954,-0.0906,0.91345,-0.7,1.11,0.14,-0.17175,-0.15899,-0.14072,0.96199,-0.71,1.12,0.17,0.35493,-0.23003,-0.07573,0.90298,-0.72,1.11,0.19,0.62465,-0.26161,-0.02671,0.73529,-0.73,1.09,0.19,0.62465,-0.26161,-0.02671,0.73529,-0.68,1.07,0.11,-0.26121,-0.13762,-0.32129,0.89978,-0.68,1.1,0.14,-0.24386,-0.08323,-0.24557,0.9345,-0.68,1.11,0.17,0.31343,-0.20888,-0.23855,0.89511,-0.69,1.1,0.18,0.5765,-0.31699,-0.16997,0.73367,-0.71,1.09,0.19,0.5765,-0.31699,-0.16997,0.73367,-0.81,1.08,0.19
-0.8,1.45,-0.15,-0.8,1.45,-0.15,-0.85,1.09,0.11,0.27446,-0.0777,-0.08064,-0.95506,-0.86,1.06,0.06,0.27446,-0.0777,-0.08064,-0.95506,-0.82,1.07,0.09,0.41691,-0.23101,0.52412,-0.70577,-0.8,1.08,0.11,0.17812,-0.06013,0.49444,-0.84864,-0.79,1.09,0.14,0.07825,-0.04508,0.57273,-0.81475,-0.78,1.09,0.16,0.07825,-0.04508,0.57273,-0.81475,-0.83,1.07,0.09,0.27446,-0.0777,-0.08064,-0.95506,-0.82,1.11,0.14,0.04926,-0.15278,0.00978,-0.98698,-0.81,1.11,0.17,-0.24254,-0.14523,0.02772,-0.95881,-0.81,1.1,0.19,-0.38782,-0.11285,0.03888,-0.91397,-0.8,1.08,0.21,-0.38782,-0.11285,0.03888,-0.91397,-0.85,1.07,0.09,0.27446,-0.0777,-0.08064,-0.95506,-0.84,1.11,0.14,0.16417,-0.06861,-0.08665,-0.98022,-0.84,1.12,0.18,-0.24513,-0.10032,-0.06424,-0.96214,-0.83,1.11,0.2,-0.45712,-0.10486,-0.10433,-0.87702,-0.83,1.09,0.22,-0.45712,-0.10486,-0.10433,-0.87702,-0.87,1.07,0.09,0.27446,-0.0777,-0.08064,-0.95506,-0.86,1.1,0.14,0.21536,-0.02383,-0.14811,-0.96494,-0.86,1.12,0.17,-0.24324,-0.1091,-0.15836,-0.95071,-0.86,1.1,0.2,-0.50089,-0.17322,-0.14475,-0.83555,-0.85,1.09,0.21,-0.50089,-0.17322,-0.14475,-0.83555,-0.87,1.07,0.1,0.2208,0.00052,-0.31289,-0.92377,-0.88,1.09,0.14,0.18623,0.00361,-0.22637,-0.95607,-0.88,1.1,0.16,-0.22395,-0.08006,-0.27982,-0.93013,-0.88,1.09,0.18,-0.44582,-0.19469,-0.25791,-0.83476,-0.86,1.08,0.19,-0.44582,-0.19469,-0.25791,-0.83476,-0.71,1.09,0.12,-0.34182,-0.19554,-0.08833,0.91494,-0.68,1.06,0.07,-0.34182,-0.19554,-0.08833,0.91494,-0.72,1.07,0.09,-0.44883,-0.21934,0.59681,0.6279,-0.75,1.08,0.11,-0.28562,-0.06875,0.55794,0.77615,-0.76,1.09,0.14,-0.22983,-0.06963,0.63684,0.73264,-0.77,1.09,0.16,-0.22983,-0.06963,0.63684,0.73264,-0.71,1.07,0.09,-0.34182,-0.19554,-0.08833,0.91494,-0.73,1.11,0.13,0.04304,-0.25826,0.0927,0.96065,-0.75,1.11,0.16,0.42831,-0.20245,0.16277,0.86549,-0.76,1.09,0.17,0.55733,-0.14723,0.18743,0.79535,-0.76,1.07,0.18,0.55733,-0.14723,0.18743,0.79535,-0.7,1.07,0.1,-0.34182,-0.19554,-0.08833,0.91494,-0.71,1.12,0.13,-0.08952,-0.20485,-0.04782,0.97352,-0.73,1.12,0.17,0.37026,-0.20632,0.03914,0.90488,-0.74,1.11,0.19,0.60086,-0.17389,0.02551,0.7798,-0.75,1.08,0.2,0.60086,-0.17389,0.02551,0.7798,-0.68,1.07,0.1,-0.34182,-0.19554,-0.08833,0.91494,-0.7,1.11,0.14,-0.16546,-0.16238,-0.13462,0.9634,-0.71,1.12,0.17,0.37138,-0.2302,-0.06657,0.89702,-0.72,1.11,0.19,0.64737,-0.258,-0.01594,0.717,-0.73,1.08,0.19,0.64737,-0.258,-0.01594,0.717,-0.68,1.07,0.11,-0.26126,-0.13328,-0.31932,0.90112,-0.68,1.1,0.14,-0.24635,-0.0899,-0.24036,0.93459,-0.68,1.11,0.17,0.31984,-0.21372,-0.22909,0.89417,-0.69,1.1,0.18,0.60024,-0.32152,-0.15293,0.7162,-0.71,1.08,0.19,0.60024,-0.32152,-0.15293,0.7162,-0.81,1.08,0.19
-0.8,1.45,-0.15,-0.8,1.45,-0.15,-0.85,1.09,0.12,0.22738,-0.07941,-0.08746,-0.96661,-0.86,1.06,0.06,0.22738,-0.07941,-0.08746,-0.96661,-0.82,1.07,0.09,0.40089,-0.25324,0.49252,-0.72978,-0.8,1.08,0.11,0.1568,-0.09118,0.46942,-0.86414,-0.79,1.08,0.14,0.06142,-0.0819,0.55085,-0.8283,-0.78,1.09,0.16,0.06142,-0.0819,0.55085,-0.8283,-0.83,1.07,0.09,0.22738,-0.07941,-0.08746,-0.96661,-0.82,1.1,0.14,-0.00156,-0.16171,0.00233,-0.98683,-0.81,1.1,0.18,-0.26304,-0.1552,0.01846,-0.95204,-0.8,1.09,0.2,-0.39893,-0.12413,0.0305,-0.90803,-0.8,1.07,0.21,-0.39893,-0.12413,0.0305,-0.90803,-0.85,1.07,0.09,0.22738,-0.07941,-0.08746,-0.96661,-0.84,1.1,0.14,0.13673,-0.06059,-0.09617,-0.98406,-0.84,1.11,0.18,-0.26582,-0.09599,-0.07682,-0.95615,-0.83,1.1,0.21,-0.47793,-0.10224,-0.11729,-0.86451,-0.83,1.08,0.22,-0.47793,-0.10224,-0.11729,-0.86451,-0.87,1.07,0.09,0.22738,-0.07941,-0.08746,-0.96661,-0.86,1.09,0.14,0.21955,-0.0092,-0.15418,-0.9633,-0.86,1.11,0.18,-0.24011,-0.0993,-0.17009,-0.95055,-0.86,1.1,0.2,-0.49736,-0.16723,-0.15868,-0.83635,-0.85,1.08,0.21,-0.49736,-0.16723,-0.15868,-0.83635,-0.87,1.06,0.1,0.1737,0.0101,-0.31525,-0.93292,-0.88,1.08,0.14,0.1954,0.02293,-0.22484,-0.95433,-0.88,1.09,0.17,-0.20734,-0.06072,-0.2865,-0.9334,-0.88,1.08,0.18,-0.43688,-0.17982,-0.26754,-0.83977,-0.87,1.07,0.2,-0.43688,-0.17982,-0.26754,-0.83977,-0.7,1.1,0.11,-0.36986,-0.19169,-0.09955,0.90363,-0.68,1.06,0.07,-0.36986,-0.19169,-0.09955,0.90363,-0.72,1.07,0.09,-0.47026,-0.19322,0.59046,0.6268,-0.75,1.08,0.11,-0.30354,-0.04346,0.54497,0.78037,-0.76,1.09,0.13,-0.234,-0.03385,0.62403,0.74477,-0.77,1.1,0.16,-0.234,-0.03385,0.62403,0.74477,-0.71,1.07,0.09,-0.36986,-0.19169,-0.09955,0.90363,-0.73,1.12,0.13,0.01016,-0.25304,0.07784,0.96427,-0.75,1.12,0.16,0.41044,-0.20257,0.14967,0.87641,-0.76,1.1,0.17,0.53996,-0.14979,0.17356,0.80987,-0.76,1.08,0.18,0.53996,-0.14979,0.17356,0.80987,-0.7,1.07,0.1,-0.36986,-0.19169,-0.09955,0.90363,-0.71,1.12,0.13,-0.04658,-0.21164,-0.04116,0.97537,-0.73,1.12,0.17,0.45205,-0.20612,0.05811,0.8659,-0.74,1.1,0.18,0.70018,-0.15825,0.04932,0.69446,-0.74,1.08,0.18,0.70018,-0.15825,0.04932,0.69446,-0.68,1.07,0.1,-0.36986,-0.19169,-0.09955,0.90363,-0.69,1.11,0.14,-0.09759,-0.18621,-0.12313,0.96987,-0.71,1.12,0.17,0.49299,-0.24355,-0.03004,0.83471,-0.72,1.1,0.18,0.77923,-0.24942,0.03272,0.57404,-0.72,1.08,0.18,0.77923,-0.24942,0.03272,0.57404,-0.67,1.07,0.11,-0.28783,-0.13714,-0.33185,0.88782,-0.68,1.1,0.14,-0.20696,-0.13272,-0.24175,0.93867,-0.68,1.11,0.17,0.41582,-0.25882,-0.19241,0.85034,-0.69,1.1,0.18,0.71675,-0.35328,-0.08678,0.59492,-0.71,1.08,0.17,0.71675,-0.35328,-0.08678,0.59492,-0.81,1.08,0.19
-0.8,1.45,-0.15,-0.8,1.45,-0.15,-0.85,1.09,0.12,0.21888,-0.07699,-0.1009,-0.96746,-0.86,1.06,0.06,0.21888,-0.07699,-0.1009,-0.96746,-0.82,1.07,0.09,0.40768,-0.2464,0.469,-0.74372,-0.8,1.08,0.11,0.16688,-0.09621,0.44217,-0.876,-0.79,1.09,0.14,0.07673,-0.09188,0.52565,-0.84224,-0.78,1.09,0.16,0.07673,-0.09188,0.52565,-0.84224,-0.83,1.07,0.09,0.21888,-0.07699,-0.1009,-0.96746,-0.82,1.1,0.14,-0.02477,-0.15894,-0.01083,-0.98692,-0.81,1.1,0.18,-0.28792,-0.15534,0.00547,-0.94496,-0.8,1.09,0.2,-0.42112,-0.1259,0.01809,-0.89804,-0.8,1.07,0.21,-0.42112,-0.1259,0.01809,-0.89804,-0.85,1.07,0.09,0.21888,-0.07699,-0.1009,-0.96746,-0.84,1.1,0.14,0.11351,-0.05762,-0.1095,-0.9858,-0.84,1.11,0.18,-0.30868,-0.10022,-0.08812,-0.94176,-0.83,1.1,0.21,-0.53115,-0.10729,-0.12636,-0.8309,-0.83,1.08,0.22,-0.53115,-0.10729,-0.12636,-0.8309,-0.87,1.07,0.09,0.21888,-0.07699,-0.1009,-0.96746,-0.86,1.09,0.14,0.20394,-0.00781,-0.16669,-0.96466,-0.86,1.11,0.18,-0.28386,-0.10858,-0.17946,-0.93564,-0.86,1.09,0.2,-0.54626,-0.17928,-0.16441,-0.80151,-0.85,1.07,0.21,-0.54626,-0.17928,-0.16441,-0.80151,-0.87,1.06,0.1,0.16407,0.01408,-0.32728,-0.93047,-0.88,1.08,0.14,0.19475,0.01888,-0.23538,-0.952,-0.88,1.09,0.17,-0.2151,-0.07095,-0.29409,-0.92855,-0.88,1.08,0.19,-0.45852,-0.19624,-0.26951,-0.82378,-0.87,1.07,0.2,-0.45852,-0.19624,-0.26951,-0.82378,-0.7,1.1,0.11,-0.39671,-0.18497,-0.11404,0.89185,-0.68,1.05,0.07,-0.39671,-0.18497,-0.11404,0.89185,-0.72,1.07,0.09,-0.48403,-0.16504,0.58705,0.62757,-0.75,1.08,0.11,-0.3176,-0.01751,0.53386,0.78346,-0.76,1.1,0.13,-0.23891,-0.00183,0.61211,0.75382,-0.77,1.11,0.15,-0.23891,-0.00183,0.61211,0.75382,-0.71,1.07,0.09,-0.39671,-0.18497,-0.11404,0.89185,-0.73,1.12,0.12,-0.03404,-0.24156,0.04876,0.96856,-0.75,1.12,0.16,0.39427,-0.20208,0.12377,0.88792,-0.75,1.1,0.17,0.52818,-0.15299,0.1477,0.82207,-0.75,1.08,0.18,0.52818,-0.15299,0.1477,0.82207,-0.7,1.07,0.1,-0.39671,-0.18497,-0.11404,0.89185,-0.71,1.12,0.13,-0.03547,-0.21277,-0.04798,0.97528,-0.72,1.13,0.17,0.49623,-0.20801,0.06119,0.84068,-0.73,1.1,0.18,0.76138,-0.15058,0.05767,0.62794,-0.73,1.08,0.17,0.76138,-0.15058,0.05767,0.62794,-0.68,1.07,0.1,-0.39671,-0.18497,-0.11404,0.89185,-0.69,1.11,0.14,-0.07826,-0.19438,-0.12824,0.96935,-0.7,1.12,0.17,0.54135,-0.25288,-0.02034,0.80161,-0.71,1.1,0.18,0.83167,-0.24807,0.05258,0.49399,-0.72,1.08,0.17,0.83167,-0.24807,0.05258,0.49399,-0.67,1.07,0.11,-0.3134,-0.13811,-0.34733,0.87297,-0.67,1.1,0.14,-0.19915,-0.15184,-0.25078,0.93509,-0.68,1.11,0.17,0.45788,-0.2858,-0.17713,0.82297,-0.69,1.1,0.18,0.76247,-0.37128,-0.05265,0.52728,-0.7,1.08,0.17,0.76247,-0.37128,-0.05265,0.52728,-0.81,1.08,0.19
-0.8,1.45,-0.15,-0.8,1.45,-0.15,-0.85,1.09,0.12,0.22713,-0.07402,-0.11477,-0.96424,-0.86,1.06,0.06,0.22713,-0.07402,-0.11477,-0.96424,-0.82,1.07,0.09,0.41926,-0.23276,0.45672,-0.7493,-0.8,1.09,0.11,0.18993,-0.09413,0.42325,-0.88087,-0.79,1.1,0.14,0.10677,-0.09373,0.50816,-0.84946,-0.78,1.1,0.16,0.10677,-0.09373,0.50816,-0.84946,-0.83,1.08,0.09,0.22713,-0.07402,-0.11477,-0.96424,-0.82,1.11,0.14,-0.0422,-0.14674,-0.02604,-0.98793,-0.81,1.1,0.18,-0.31837,-0.14729,-0.01026,-0.9364,-0.81,1.09,0.19,-0.4473,-0.11981,0.00178,-0.88632,-0.8,1.07,0.21,-0.4473,-0.11981,0.00178,-0.88632,-0.85,1.07,0.09,0.22713,-0.07402,-0.11477,-0.96424,-0.84,1.11,0.14,0.0721,-0.06006,-0.12141,-0.98816,-0.84,1.11,0.18,-0.40235,-0.11252,-0.0915,-0.90393,-0.83,1.09,0.2,-0.63817,-0.11549,-0.12384,-0.75104,-0.83,1.07,0.21,-0.63817,-0.11549,-0.12384,-0.75104,-0.87,1.07,0.1,0.22713,-0.07402,-0.11477,-0.96424,-0.86,1.1,0.14,0.18115,-0.01163,-0.18041,-0.9667,-0.86,1.11,0.18,-0.36728,-0.12981,-0.18297,-0.90265,-0.85,1.09,0.2,-0.63927,-0.20154,-0.15888,-0.7249,-0.84,1.07,0.2,-0.63927,-0.20154,-0.15888,-0.7249,-0.87,1.07,0.1,0.17078,0.01454,-0.34125,-0.92421,-0.88,1.08,0.14,0.19568,0.00213,-0.24808,-0.94877,-0.88,1.09,0.17,-0.265,-0.10721,-0.29543,-0.91159,-0.87,1.08,0.18,-0.52714,-0.23828,-0.25628,-0.77438,-0.86,1.07,0.19,-0.52714,-0.23828,-0.25628,-0.77438,-0.7,1.1,0.11,-0.43441,-0.17596,-0.12544,0.87441,-0.68,1.05,0.07,-0.43441,-0.17596,-0.12544,0.87441,-0.72,1.07,0.09,-0.49351,-0.12837,0.59427,0.62195,-0.74,1.08,0.11,-0.32469,0.02339,0.53165,0.78191,-0.75,1.1,0.13,-0.23297,0.04701,0.60624,0.75894,-0.76,1.11,0.16,-0.23297,0.04701,0.60624,0.75894,-0.71,1.07,0.09,-0.43441,-0.17596,-0.12544,0.87441,-0.72,1.12,0.12,-0.07395,-0.22042,0.02059,0.97238,-0.74,1.13,0.15,0.3844,-0.19368,0.0948,0.89763,-0.75,1.11,0.17,0.52704,-0.1483,0.11872,0.82833,-0.75,1.09,0.18,0.52704,-0.1483,0.11872,0.82833,-0.69,1.07,0.1,-0.43441,-0.17596,-0.12544,0.87441,-0.7,1.12,0.12,-0.05671,-0.20893,-0.05902,0.9745,-0.72,1.13,0.16,0.50499,-0.20922,0.05659,0.83547,-0.73,1.11,0.17,0.7918,-0.14744,0.05752,0.58992,-0.73,1.08,0.17,0.7918,-0.14744,0.05752,0.58992,-0.68,1.07,0.1,-0.43441,-0.17596,-0.12544,0.87441,-0.68,1.11,0.13,-0.10999,-0.19532,-0.13945,0.96452,-0.7,1.12,0.17,0.53671,-0.26212,-0.02077,0.80175,-0.71,1.1,0.17,0.84515,-0.25245,0.06376,0.46683,-0.71,1.08,0.16,0.84515,-0.25245,0.06376,0.46683,-0.67,1.07,0.11,-0.35048,-0.13985,-0.36021,0.85314,-0.67,1.1,0.14,-0.23566,-0.15761,-0.26235,0.92239,-0.67,1.12,0.16,0.45766,-0.30737,-0.17033,0.81674,-0.69,1.1,0.17,0.78913,-0.38693,-0.01642,0.47674,-0.7,1.09,0.16,0.78913,-0.38693,-0.01642,0.47674,-0.81,1.08,0.19
-0.8,1.45,-0.15,-0.8,1.45,-0.15,-0.85,1.1,0.11,0.26965,-0.05686,-0.16098,-0.94771,-0.86,1.07,0.06,0.26965,-0.05686,-0.16098,-0.94771,-0.82,1.08,0.09,0.44642,-0.18604,0.44002,-0.75663,-0.8,1.1,0.1,0.22066,-0.05786,0.39181,-0.89132,-0.79,1.11,0.13,0.13367,-0.05736,0.47669,-0.86695,-0.79,1.11,0.16,0.13367,-0.05736,0.47669,-0.86695,-0.83,1.08,0.09,0.26965,-0.05686,-0.16098,-0.94771,-0.83,1.12,0.14,-0.00667,-0.12785,-0.07929,-0.9886,-0.82,1.12,0.17,-0.29834,-0.14586,-0.06441,-0.94105,-0.81,1.1,0.19,-0.42404,-0.12574,-0.05343,-0.89528,-0.81,1.09,0.21,-0.42404,-0.12574,-0.05343,-0.89528,-0.85,1.08,0.09,0.26965,-0.05686,-0.16098,-0.94771,-0.85,1.11,0.14,0.073,-0.05545,-0.16973,-0.98122,-0.85,1.12,0.18,-0.41971,-0.13443,-0.13304,-0.88773,-0.84,1.1,0.2,-0.66128,-0.14765,-0.15584,-0.71876,-0.83,1.08,0.2,-0.66128,-0.14765,-0.15584,-0.71876,-0.87,1.07,0.09,0.26965,-0.05686,-0.16098,-0.94771,-0.87,1.1,0.14,0.16527,-0.01072,-0.22932,-0.95916,-0.87,1.11,0.18,-0.39246,-0.15871,-0.22193,-0.87837,-0.86,1.1,0.19,-0.66522,-0.24241,-0.18361,-0.68192,-0.84,1.08,0.19,-0.66522,-0.24241,-0.18361,-0.68192,-0.87,1.07,0.1,0.20931,0.01919,-0.38884,-0.89701,-0.88,1.09,0.14,0.20056,-0.00081,-0.29804,-0.93324,-0.89,1.1,0.16,-0.29453,-0.14762,-0.33286,-0.88355,-0.88,1.09,0.18,-0.56383,-0.29381,-0.27353,-0.72177,-0.86,1.07,0.19,-0.56383,-0.29381,-0.27353,-0.72177,-0.7,1.1,0.11,-0.45523,-0.16926,-0.10692,0.86758,-0.68,1.05,0.07,-0.45523,-0.16926,-0.10692,0.86758,-0.72,1.07,0.09,-0.46596,-0.1213,0.63718,0.60181,-0.74,1.08,0.11,-0.29372,0.05257,0.57389,0.76264,-0.75,1.1,0.14,-0.18312,0.09132,0.63956,0.74101,-0.75,1.11,0.16,-0.18312,0.09132,0.63956,0.74101,-0.71,1.07,0.09,-0.45523,-0.16926,-0.10692,0.86758,-0.72,1.12,0.12,-0.07988,-0.19981,0.0328,0.97602,-0.74,1.13,0.15,0.38476,-0.16948,0.09703,0.90212,-0.74,1.11,0.16,0.53619,-0.12287,0.11834,0.82668,-0.74,1.09,0.17,0.53619,-0.12287,0.11834,0.82668,-0.69,1.07,0.09,-0.45523,-0.16926,-0.10692,0.86758,-0.7,1.13,0.12,-0.07991,-0.19281,-0.04826,0.97678,-0.72,1.13,0.16,0.50162,-0.18913,0.05969,0.84205,-0.72,1.11,0.17,0.7995,-0.1259,0.05369,0.58486,-0.73,1.09,0.16,0.7995,-0.1259,0.05369,0.58486,-0.68,1.07,0.1,-0.45523,-0.16926,-0.10692,0.86758,-0.68,1.12,0.13,-0.14459,-0.18158,-0.12846,0.96417,-0.7,1.13,0.16,0.52769,-0.24614,-0.01541,0.81285,-0.71,1.11,0.17,0.84997,-0.23421,0.06464,0.46747,-0.71,1.09,0.16,0.84997,-0.23421,0.06464,0.46747,-0.67,1.07,0.1,-0.37474,-0.13829,-0.34391,0.8498,-0.67,1.1,0.13,-0.28706,-0.14308,-0.25038,0.91347,-0.67,1.12,0.16,0.42307,-0.29505,-0.1675,0.84018,-0.69,1.11,0.17,0.78368,-0.37518,-0.00955,0.49497,-0.69,1.09,0.16,0.78368,-0.37518,-0.00955,0.49497,-0.81,1.08,0.19
-0.8,1.45,-0.15,-0.8,1.45,-0.15,-0.86,1.1,0.11,0.32773,-0.03594,-0.19726,-0.92325,-0.86,1.07,0.06,0.32773,-0.03594,-0.19726,-0.92325,-0.83,1.09,0.09,0.45742,-0.13473,0.45572,-0.75162,-0.81,1.1,0.1,0.23646,-0.0051,0.39253,-0.88881,-0.8,1.12,0.13,0.13694,0.00087,0.4733,-0.87019,-0.8,1.12,0.16,0.13694,0.00087,0.4733,-0.87019,-0.84,1.09,0.09,0.32773,-0.03594,-0.19726,-0.92325,-0.84,1.13,0.13,0.03202,-0.1078,-0.12186,-0.98616,-0.83,1.13,0.17,-0.26268,-0.14044,-0.11047,-0.94819,-0.82,1.12,0.19,-0.37961,-0.12557,-0.10253,-0.91083,-0.82,1.11,0.2,-0.37961,-0.12557,-0.10253,-0.91083,-0.85,1.08,0.09,0.32773,-0.03594,-0.19726,-0.92325,-0.86,1.12,0.13,0.09804,-0.04605,-0.21224,-0.9712,-0.86,1.13,0.17,-0.41953,-0.15266,-0.17002,-0.87851,-0.85,1.11,0.19,-0.67358,-0.17785,-0.18322,-0.69361,-0.84,1.09,0.19,-0.67358,-0.17785,-0.18322,-0.69361,-0.87,1.08,0.09,0.32773,-0.03594,-0.19726,-0.92325,-0.88,1.11,0.13,0.17922,-0.00568,-0.27201,-0.94544,-0.88,1.12,0.17,-0.39778,-0.18587,-0.25462,-0.86162,-0.87,1.11,0.18,-0.68094,-0.28223,-0.19912,-0.64577,-0.85,1.09,0.18,-0.68094,-0.28223,-0.19912,-0.64577,-0.88,1.07,0.09,0.26523,0.02332,-0.42744,-0.86395,-0.89,1.09,0.13,0.2265,0.00035,-0.3403,-0.91263,-0.89,1.1,0.16,-0.30059,-0.18525,-0.36283,-0.86237,-0.88,1.1,0.17,-0.58715,-0.34807,-0.27737,-0.67614,-0.87,1.08,0.18,-0.58715,-0.34807,-0.27737,-0.67614,-0.7,1.1,0.1,-0.47999,-0.15892,-0.08078,0.85897,-0.68,1.05,0.07,-0.47999,-0.15892,-0.08078,0.85897,-0.72,1.07,0.09,-0.43872,-0.10849,0.67957,0.57788,-0.74,1.08,0.11,-0.26266,0.09037,0.61322,0.73946,-0.75,1.1,0.14,-0.12043,0.15836,0.66295,0.72174,-0.75,1.11,0.16,-0.12043,0.15836,0.66295,0.72174,-0.71,1.08,0.09,-0.47999,-0.15892,-0.08078,0.85897,-0.72,1.13,0.11,-0.09136,-0.1737,0.05089,0.97923,-0.74,1.13,0.15,0.39406,-0.13621,0.10384,0.90298,-0.74,1.11,0.16,0.55791,-0.08701,0.12115,0.81638,-0.74,1.09,0.17,0.55791,-0.08701,0.12115,0.81638,-0.69,1.08,0.09,-0.47999,-0.15892,-0.08078,0.85897,-0.7,1.13,0.11,-0.08834,-0.17102,-0.02875,0.98088,-0.72,1.14,0.15,0.52209,-0.15821,0.06769,0.83535,-0.72,1.11,0.16,0.82762,-0.08947,0.05032,0.55182,-0.72,1.09,0.16,0.82762,-0.08947,0.05032,0.55182,-0.68,1.08,0.09,-0.47999,-0.15892,-0.08078,0.85897,-0.68,1.12,0.12,-0.17434,-0.16274,-0.11059,0.96483,-0.7,1.14,0.15,0.53212,-0.22144,-0.00714,0.81717,-0.7,1.11,0.16,0.86775,-0.20521,0.0647,0.44802,-0.71,1.09,0.15,0.86775,-0.20521,0.0647,0.44802,-0.67,1.07,0.1,-0.40469,-0.13415,-0.32049,0.84589,-0.67,1.11,0.13,-0.33316,-0.12712,-0.23082,0.9053,-0.67,1.13,0.15,0.40119,-0.27732,-0.15844,0.85851,-0.68,1.12,0.16,0.78955,-0.35517,-0.00044,0.50047,-0.69,1.1,0.15,0.78955,-0.35517,-0.00044,0.50047,-0.81,1.08,0.19
-0.8,1.45,-0.15,-0.8,1.45,-0.15,-0.86,1.1,0.11,0.35491,-0.02753,-0.17719,-0.91754,-0.86,1.06,0.06,0.35491,-0.02753,-0.17719,-0.91754,-0.83,1.09,0.09,0.44133,-0.12009,0.5019,-0.7341,-0.81,1.1,0.11,0.22531,0.02432,0.43485,-0.87152,-0.8,1.12,0.14,0.11726,0.03701,0.51004,-0.85132,-0.8,1.12,0.16,0.11726,0.03701,0.51004,-0.85132,-0.84,1.09,0.09,0.35491,-0.02753,-0.17719,-0.91754,-0.84,1.13,0.13,0.04509,-0.09054,-0.10545,-0.98927,-0.84,1.13,0.16,-0.24131,-0.11848,-0.10114,-0.95786,-0.83,1.12,0.19,-0.3518,-0.10197,-0.09753,-0.92538,-0.82,1.11,0.2,-0.3518,-0.10197,-0.09753,-0.92538,-0.86,1.08,0.09,0.35491,-0.02753,-0.17719,-0.91754,-0.86,1.13,0.13,0.1395,-0.02655,-0.19899,-0.96966,-0.86,1.14,0.17,-0.36992,-0.12719,-0.17053,-0.90438,-0.85,1.12,0.19,-0.62741,-0.15679,-0.19321,-0.73786,-0.84,1.1,0.19,-0.62741,-0.15679,-0.19321,-0.73786,-0.87,1.08,0.09,0.35491,-0.02753,-0.17719,-0.91754,-0.88,1.11,0.13,0.22288,0.01162,-0.25727,-0.94021,-0.89,1.13,0.16,-0.34911,-0.16233,-0.25325,-0.88749,-0.87,1.11,0.18,-0.64011,-0.26063,-0.2069,-0.69247,-0.86,1.1,0.19,-0.64011,-0.26063,-0.2069,-0.69247,-0.88,1.07,0.09,0.2962,0.0254,-0.4108,-0.8619,-0.89,1.1,0.13,0.25983,0.01369,-0.32499,-0.90922,-0.9,1.11,0.16,-0.25629,-0.16345,-0.35914,-0.88239,-0.89,1.1,0.17,-0.54526,-0.32427,-0.28365,-0.71908,-0.87,1.09,0.18,-0.54526,-0.32427,-0.28365,-0.71908,-0.7,1.11,0.1,-0.49496,-0.14308,-0.07541,0.85373,-0.68,1.05,0.07,-0.49496,-0.14308,-0.07541,0.85373,-0.72,1.07,0.09,-0.42463,-0.09406,0.69328,0.57463,-0.74,1.08,0.11,-0.24279,0.11711,0.62198,0.73518,-0.75,1.1,0.14,-0.07309,0.20868,0.65716,0.72059,-0.74,1.11,0.16,-0.07309,0.20868,0.65716,0.72059,-0.71,1.08,0.09,-0.49496,-0.14308,-0.07541,0.85373,-0.72,1.13,0.11,-0.10748,-0.15401,0.04618,0.98112,-0.73,1.14,0.14,0.41012,-0.1186,0.09434,0.89935,-0.74,1.12,0.16,0.59248,-0.06894,0.11104,0.79491,-0.74,1.1,0.16,0.59248,-0.06894,0.11104,0.79491,-0.69,1.08,0.09,-0.49496,-0.14308,-0.07541,0.85373,-0.7,1.13,0.11,-0.06361,-0.15351,-0.02685,0.98573,-0.71,1.14,0.15,0.58177,-0.13989,0.06493,0.79859,-0.72,1.11,0.16,0.88269,-0.06403,0.04297,0.46358,-0.72,1.09,0.15,0.88269,-0.06403,0.04297,0.46358,-0.68,1.08,0.09,-0.49496,-0.14308,-0.07541,0.85373,-0.68,1.12,0.12,-0.15252,-0.14893,-0.10737,0.9711,-0.69,1.14,0.15,0.57611,-0.20834,-0.00912,0.79032,-0.7,1.11,0.16,0.90361,-0.18939,0.06044,0.37943,-0.7,1.1,0.14,0.90361,-0.18939,0.06044,0.37943,-0.67,1.08,0.1,-0.4233,-0.12255,-0.31659,0.83998,-0.67,1.11,0.12,-0.33782,-0.11558,-0.2285,0.90571,-0.67,1.13,0.15,0.41842,-0.27138,-0.15917,0.85202,-0.68,1.12,0.16,0.81012,-0.34964,0.00135,0.47059,-0.69,1.1,0.14,0.81012,-0.34964,0.00135,0.47059,-0.81,1.08,0.19
