-0.79,1.46,-0.16,-0.79,1.46,-0.16,-0.85,1.1,0.11,0.35708,-0.07435,-0.18287,-0.91298,-0.86,1.06,0.06,0.35708,-0.07435,-0.18287,-0.91298,-0.83,1.08,0.08,0.44387,-0.14049,0.51561,-0.7193,-0.8,1.09,0.1,0.20799,0.02036,0.456,-0.8651,-0.8,1.1,0.13,0.08226,0.04496,0.52763,-0.84429,-0.8,1.11,0.16,0.08226,0.04496,0.52763,-0.84429,-0.84,1.08,0.08,0.35708,-0.07435,-0.18287,-0.91298,-0.83,1.12,0.12,-0.05361,-0.12923,-0.09333,-0.98576,-0.82,1.12,0.16,-0.45856,-0.15885,-0.05718,-0.87248,-0.82,1.1,0.17,-0.59637,-0.13797,-0.03522,-0.78998,-0.81,1.08,0.18,-0.59637,-0.13797,-0.03522,-0.78998,-0.85,1.07,0.09,0.35708,-0.07435,-0.18287,-0.91298,-0.86,1.12,0.13,0.01601,-0.12795,-0.15897,-0.97883,-0.85,1.12,0.17,-0.41062,-0.18525,-0.10057,-0.88711,-0.83,1.1,0.18,-0.60698,-0.18425,-0.11756,-0.76407,-0.82,1.08,0.19,-0.60698,-0.18425,-0.11756,-0.76407,-0.87,1.07,0.09,0.35708,-0.07435,-0.18287,-0.91298,-0.87,1.11,0.13,0.10283,-0.10839,-0.2246,-0.96293,-0.87,1.11,0.17,-0.37731,-0.22075,-0.1825,-0.88068,-0.85,1.1,0.18,-0.61944,-0.28367,-0.13612,-0.71923,-0.84,1.08,0.19,-0.61944,-0.28367,-0.13612,-0.71923,-0.88,1.07,0.09,0.28789,-0.02112,-0.41479,-0.86291,-0.89,1.09,0.13,0.17984,-0.10523,-0.30734,-0.92851,-0.88,1.1,0.16,-0.31334,-0.23947,-0.28953,-0.87215,-0.87,1.09,0.17,-0.56515,-0.3611,-0.20878,-0.71177,-0.85,1.08,0.17,-0.56515,-0.3611,-0.20878,-0.71177,-0.7,1.09,0.12,-0.35202,-0.18498,-0.10454,0.91156,-0.68,1.05,0.07,-0.35202,-0.18498,-0.10454,0.91156,-0.72,1.07,0.09,-0.42083,-0.21574,0.61744,0.62859,-0.75,1.07,0.11,-0.25114,-0.05116,0.57938,0.77371,-0.76,1.09,0.14,-0.16832,-0.0326,0.65476,0.73614,-0.77,1.09,0.16,-0.16832,-0.0326,0.65476,0.73614,-0.71,1.07,0.09,-0.35202,-0.18498,-0.10454,0.91156,-0.73,1.11,0.13,0.01511,-0.20985,0.02601,0.97727,-0.75,1.11,0.16,0.35059,-0.19011,0.07001,0.91435,-0.75,1.1,0.18,0.45264,-0.15306,0.0839,0.87444,-0.76,1.08,0.19,0.45264,-0.15306,0.0839,0.87444,-0.7,1.07,0.1,-0.35202,-0.18498,-0.10454,0.91156,-0.71,1.12,0.13,-0.04064,-0.19478,-0.05986,0.97818,-0.72,1.12,0.17,0.41111,-0.20241,0.02267,0.88854,-0.73,1.1,0.19,0.62414,-0.17242,0.00783,0.76201,-0.74,1.08,0.19,0.62414,-0.17242,0.00783,0.76201,-0.68,1.07,0.1,-0.35202,-0.18498,-0.10454,0.91156,-0.69,1.11,0.14,-0.11928,-0.17035,-0.13924,0.96818,-0.7,1.12,0.17,0.43618,-0.23897,-0.06149,0.86537,-0.71,1.1,0.19,0.70574,-0.26193,-0.00729,0.65823,-0.72,1.08,0.19,0.70574,-0.26193,-0.00729,0.65823,-0.67,1.07,0.11,-0.27111,-0.12593,-0.33594,0.89319,-0.68,1.09,0.14,-0.23252,-0.13669,-0.24077,0.93235,-0.68,1.11,0.17,0.38723,-0.26263,-0.19021,0.86307,-0.69,1.1,0.18,0.6883,-0.35574,-0.08584,0.62635,-0.7,1.08,0.18,0.6883,-0.35574,-0.08584,0.62635,-0.81,1.08,0.19
-0.79,1.46,-0.16,-0.79,1.46,-0.16,-0.85,1.1,0.11,0.34947,-0.0676,-0.17134,-0.91866,-0.86,1.06,0.06,0.34947,-0.0676,-0.17134,-0.91866,-0.83,1.07,0.09,0.43004,-0.1428,0.52614,-0.71962,-0.8,1.09,0.11,0.19623,0.02188,0.46717,-0.86184,-0.8,1.1,0.14,0.07026,0.04701,0.53765,-0.83892,-0.8,1.11,0.16,0.07026,0.04701,0.53765,-0.83892,-0.84,1.08,0.09,0.34947,-0.0676,-0.17134,-0.91866,-0.83,1.12,0.13,-0.05441,-0.11979,-0.08501,-0.98766,-0.82,1.12,0.16,-0.45572,-0.14656,-0.05424,-0.8763,-0.82,1.1,0.18,-0.59666,-0.1255,-0.03393,-0.7919,-0.81,1.08,0.18,-0.59666,-0.1255,-0.03393,-0.7919,-0.85,1.07,0.09,0.34947,-0.0676,-0.17134,-0.91866,-0.86,1.12,0.13,0.00832,-0.11718,-0.15075,-0.98157,-0.85,1.12,0.17,-0.41434,-0.17142,-0.09867,-0.88837,-0.84,1.1,0.19,-0.611,-0.17022,-0.11877,-0.76394,-0.83,1.08,0.19,-0.611,-0.17022,-0.11877,-0.76394,-0.87,1.07,0.09,0.34947,-0.0676,-0.17134,-0.91866,-0.87,1.11,0.13,0.09562,-0.09571,-0.21687,-0.96678,-0.87,1.11,0.17,-0.3822,-0.20512,-0.18273,-0.8823,-0.85,1.1,0.18,-0.62558,-0.26894,-0.14076,-0.71869,-0.84,1.08,0.19,-0.62558,-0.26894,-0.14076,-0.71869,-0.88,1.07,0.09,0.28344,-0.012,-0.40387,-0.86971,-0.89,1.09,0.13,0.17048,-0.08883,-0.30082,-0.9341,-0.88,1.1,0.16,-0.3229,-0.22125,-0.29217,-0.8726,-0.87,1.09,0.17,-0.5745,-0.34485,-0.21751,-0.70973,-0.86,1.08,0.18,-0.5745,-0.34485,-0.21751,-0.70973,-0.7,1.09,0.12,-0.36169,-0.18634,-0.11078,0.90674,-0.68,1.05,0.07,-0.36169,-0.18634,-0.11078,0.90674,-0.72,1.07,0.09,-0.42998,-0.20554,0.61396,0.62922,-0.75,1.08,0.11,-0.26068,-0.04318,0.57287,0.77589,-0.76,1.09,0.14,-0.17579,-0.02314,0.64835,0.7404,-0.77,1.09,0.16,-0.17579,-0.02314,0.64835,0.7404,-0.71,1.07,0.09,-0.36169,-0.18634,-0.11078,0.90674,-0.73,1.12,0.13,0.00971,-0.21221,0.02152,0.97694,-0.74,1.11,0.16,0.35037,-0.19364,0.06766,0.91388,-0.75,1.1,0.18,0.45349,-0.15676,0.08216,0.87351,-0.76,1.08,0.19,0.45349,-0.15676,0.08216,0.87351,-0.7,1.07,0.1,-0.36169,-0.18634,-0.11078,0.90674,-0.71,1.12,0.13,-0.04573,-0.20094,-0.06248,0.97654,-0.72,1.12,0.17,0.40695,-0.20912,0.0234,0.88888,-0.73,1.1,0.19,0.62013,-0.17907,0.01009,0.76373,-0.74,1.08,0.19,0.62013,-0.17907,0.01009,0.76373,-0.68,1.07,0.1,-0.36169,-0.18634,-0.11078,0.90674,-0.69,1.11,0.14,-0.12477,-0.17702,-0.14293,0.96575,-0.7,1.12,0.17,0.42965,-0.24671,-0.06095,0.8665,-0.72,1.1,0.19,0.69841,-0.26931,-0.00455,0.66308,-0.72,1.08,0.19,0.69841,-0.26931,-0.00455,0.66308,-0.67,1.07,0.11,-0.2794,-0.13004,-0.34232,0.8876,-0.67,1.1,0.14,-0.23856,-0.14388,-0.24589,0.9284,-0.68,1.11,0.17,0.37365,-0.27057,-0.19159,0.8663,-0.69,1.1,0.18,0.67148,-0.36322,-0.08619,0.64013,-0.7,1.08,0.18,0.67148,-0.36322,-0.08619,0.64013,-0.81,1.08,0.19
-0.79,1.46,-0.16,-0.79,1.46,-0.16,-0.85,1.1,0.11,0.34609,-0.06561,-0.16124,-0.92191,-0.86,1.06,0.06,0.34609,-0.06561,-0.16124,-0.92191,-0.83,1.08,0.09,0.42257,-0.14687,0.53509,-0.71662,-0.8,1.09,0.11,0.19035,0.02112,0.47744,-0.85754,-0.8,1.1,0.14,0.06643,0.04591,0.54753,-0.83288,-0.8,1.11,0.16,0.06643,0.04591,0.54753,-0.83288,-0.84,1.08,0.09,0.34609,-0.06561,-0.16124,-0.92191,-0.83,1.12,0.13,-0.03844,-0.11389,-0.07814,-0.98967,-0.83,1.12,0.16,-0.4251,-0.13779,-0.05302,-0.89303,-0.82,1.1,0.18,-0.56595,-0.11661,-0.03565,-0.81537,-0.81,1.08,0.19,-0.56595,-0.11661,-0.03565,-0.81537,-0.85,1.07,0.09,0.34609,-0.06561,-0.16124,-0.92191,-0.86,1.12,0.13,0.01418,-0.11024,-0.14319,-0.98344,-0.85,1.12,0.17,-0.39095,-0.15998,-0.09817,-0.90107,-0.84,1.1,0.19,-0.58197,-0.15992,-0.12231,-0.78789,-0.83,1.08,0.2,-0.58197,-0.15992,-0.12231,-0.78789,-0.87,1.07,0.09,0.34609,-0.06561,-0.16124,-0.92191,-0.87,1.11,0.13,0.09845,-0.08737,-0.20966,-0.96887,-0.87,1.11,0.17,-0.36687,-0.19186,-0.18312,-0.89167,-0.85,1.1,0.19,-0.60613,-0.25599,-0.14675,-0.73861,-0.84,1.08,0.19,-0.60613,-0.25599,-0.14675,-0.73861,-0.88,1.07,0.09,0.28194,-0.00874,-0.39432,-0.87461,-0.89,1.09,0.13,0.16935,-0.07775,-0.29437,-0.93735,-0.88,1.1,0.16,-0.31354,-0.20487,-0.29431,-0.87926,-0.87,1.09,0.17,-0.5558,-0.32711,-0.22918,-0.72908,-0.86,1.08,0.18,-0.5558,-0.32711,-0.22918,-0.72908,-0.7,1.1,0.11,-0.38134,-0.19599,-0.13033,0.89397,-0.68,1.05,0.07,-0.38134,-0.19599,-0.13033,0.89397,-0.72,1.07,0.09,-0.45526,-0.19274,0.59951,0.62943,-0.75,1.08,0.11,-0.28653,-0.0376,0.55431,0.78053,-0.76,1.09,0.14,-0.20145,-0.01691,0.6313,0.74873,-0.77,1.1,0.16,-0.20145,-0.01691,0.6313,0.74873,-0.71,1.07,0.09,-0.38134,-0.19599,-0.13033,0.89397,-0.73,1.12,0.12,-0.01688,-0.22789,0.00663,0.97352,-0.74,1.12,0.16,0.33838,-0.21325,0.06245,0.9144,-0.75,1.11,0.17,0.44605,-0.1767,0.07981,0.87376,-0.76,1.09,0.19,0.44605,-0.1767,0.07981,0.87376,-0.7,1.07,0.1,-0.38134,-0.19599,-0.13033,0.89397,-0.71,1.12,0.13,-0.05652,-0.21965,-0.07375,0.97114,-0.73,1.13,0.17,0.40266,-0.23084,0.02393,0.88544,-0.74,1.11,0.18,0.62175,-0.19973,0.01689,0.75713,-0.74,1.08,0.19,0.62175,-0.19973,0.01689,0.75713,-0.68,1.07,0.1,-0.38134,-0.19599,-0.13033,0.89397,-0.69,1.11,0.14,-0.12977,-0.19715,-0.15552,0.95922,-0.7,1.12,0.17,0.42833,-0.27086,-0.05842,0.86009,-0.72,1.11,0.18,0.69884,-0.29075,0.00726,0.65348,-0.73,1.08,0.18,0.69884,-0.29075,0.00726,0.65348,-0.67,1.07,0.11,-0.29391,-0.1456,-0.36118,0.8729,-0.68,1.1,0.14,-0.24873,-0.162,-0.26338,0.91789,-0.68,1.11,0.17,0.36479,-0.29719,-0.19298,0.86103,-0.69,1.1,0.18,0.66347,-0.38816,-0.07546,0.63517,-0.71,1.09,0.18,0.66347,-0.38816,-0.07546,0.63517,-0.81,1.08,0.19
-0.79,1.46,-0.16,-0.79,1.46,-0.16,-0.85,1.1,0.11,0.34405,-0.06615,-0.15038,-0.92447,-0.86,1.06,0.06,0.34405,-0.06615,-0.15038,-0.92447,-0.83,1.08,0.09,0.41755,-0.15209,0.5441,-0.71167,-0.8,1.09,0.11,0.18741,0.01895,0.48817,-0.85218,-0.8,1.1,0.14,0.06612,0.04341,0.55814,-0.82597,-0.8,1.1,0.16,0.06612,0.04341,0.55814,-0.82597,-0.84,1.08,0.09,0.34405,-0.06615,-0.15038,-0.92447,-0.83,1.12,0.13,-0.02468,-0.10967,-0.06973,-0.99121,-0.82,1.12,0.17,-0.40115,-0.13034,-0.04865,-0.90539,-0.82,1.1,0.18,-0.53946,-0.10843,-0.034,-0.83431,-0.81,1.08,0.19,-0.53946,-0.10843,-0.034,-0.83431,-0.85,1.08,0.09,0.34405,-0.06615,-0.15038,-0.92447,-0.86,1.12,0.13,0.02451,-0.10493,-0.13453,-0.98503,-0.85,1.12,0.17,-0.36636,-0.15012,-0.09504,-0.91335,-0.84,1.1,0.19,-0.54546,-0.1501,-0.12318,-0.81533,-0.83,1.08,0.2,-0.54546,-0.1501,-0.12318,-0.81533,-0.87,1.07,0.09,0.34405,-0.06615,-0.15038,-0.92447,-0.87,1.11,0.13,0.10644,-0.08163,-0.20084,-0.9704,-0.87,1.12,0.17,-0.34265,-0.17964,-0.18114,-0.90416,-0.86,1.1,0.19,-0.57174,-0.24256,-0.15136,-0.769,-0.84,1.08,0.19,-0.57174,-0.24256,-0.15136,-0.769,-0.88,1.07,0.09,0.28133,-0.00828,-0.38405,-0.87937,-0.89,1.09,0.13,0.17501,-0.07039,-0.28559,-0.9396,-0.89,1.1,0.16,-0.28765,-0.18799,-0.29404,-0.89189,-0.88,1.09,0.18,-0.51137,-0.30497,-0.24135,-0.76632,-0.86,1.08,0.18,-0.51137,-0.30497,-0.24135,-0.76632,-0.7,1.1,0.11,-0.3894,-0.20575,-0.14837,0.88545,-0.68,1.05,0.07,-0.3894,-0.20575,-0.14837,0.88545,-0.72,1.07,0.09,-0.47255,-0.19229,0.58437,0.63106,-0.75,1.08,0.11,-0.3041,-0.04386,0.53847,0.78464,-0.76,1.1,0.13,-0.22006,-0.02315,0.61731,0.75496,-0.77,1.1,0.16,-0.22006,-0.02315,0.61731,0.75496,-0.71,1.08,0.09,-0.3894,-0.20575,-0.14837,0.88545,-0.73,1.12,0.12,-0.05392,-0.24347,-0.01333,0.96832,-0.75,1.13,0.16,0.31233,-0.23533,0.05221,0.91888,-0.76,1.11,0.17,0.42865,-0.19963,0.07338,0.87808,-0.76,1.1,0.18,0.42865,-0.19963,0.07338,0.87808,-0.7,1.07,0.1,-0.3894,-0.20575,-0.14837,0.88545,-0.71,1.12,0.13,-0.06157,-0.23684,-0.08507,0.96586,-0.73,1.13,0.17,0.40051,-0.25125,0.02324,0.88087,-0.74,1.11,0.18,0.62858,-0.2188,0.02319,0.74597,-0.75,1.09,0.19,0.62858,-0.2188,0.02319,0.74597,-0.68,1.07,0.1,-0.3894,-0.20575,-0.14837,0.88545,-0.69,1.11,0.14,-0.13038,-0.21373,-0.16836,0.9534,-0.71,1.13,0.17,0.43091,-0.29202,-0.05783,0.85188,-0.72,1.11,0.18,0.70554,-0.30945,0.0177,0.6373,-0.73,1.09,0.18,0.70554,-0.30945,0.0177,0.6373,-0.67,1.07,0.11,-0.29733,-0.15824,-0.37783,0.86244,-0.68,1.1,0.14,-0.25417,-0.17476,-0.28007,0.90907,-0.68,1.12,0.17,0.36768,-0.32021,-0.19439,0.85117,-0.7,1.11,0.18,0.66888,-0.4098,-0.06387,0.61691,-0.71,1.09,0.17,0.66888,-0.4098,-0.06387,0.61691,-0.81,1.08,0.19
-0.79,1.46,-0.16,-0.79,1.46,-0.16,-0.85,1.1,0.11,0.34986,-0.07024,-0.15044,-0.92197,-0.86,1.06,0.06,0.34986,-0.07024,-0.15044,-0.92197,-0.83,1.08,0.09,0.42552,-0.15098,0.54291,-0.70809,-0.8,1.09,0.11,0.19686,0.01839,0.48662,-0.85095,-0.8,1.1,0.14,0.07733,0.04243,0.55727,-0.82564,-0.8,1.11,0.16,0.07733,0.04243,0.55727,-0.82564,-0.84,1.08,0.09,0.34986,-0.07024,-0.15044,-0.92197,-0.83,1.12,0.13,-0.01573,-0.11295,-0.06872,-0.9911,-0.82,1.12,0.16,-0.39652,-0.13341,-0.04591,-0.90712,-0.82,1.1,0.18,-0.5364,-0.11115,-0.03076,-0.83605,-0.81,1.08,0.19,-0.5364,-0.11115,-0.03076,-0.83605,-0.85,1.08,0.09,0.34986,-0.07024,-0.15044,-0.92197,-0.85,1.12,0.13,0.033,-0.10825,-0.13382,-0.98452,-0.85,1.12,0.17,-0.35937,-0.1531,-0.09291,-0.91585,-0.84,1.11,0.19,-0.53728,-0.15289,-0.12079,-0.82059,-0.83,1.09,0.2,-0.53728,-0.15289,-0.12079,-0.82059,-0.87,1.07,0.09,0.34986,-0.07024,-0.15044,-0.92197,-0.87,1.11,0.13,0.11792,-0.08468,-0.20071,-0.96883,-0.87,1.12,0.17,-0.32831,-0.18209,-0.18006,-0.90919,-0.86,1.1,0.19,-0.55479,-0.24441,-0.15039,-0.78093,-0.84,1.09,0.2,-0.55479,-0.24441,-0.15039,-0.78093,-0.88,1.07,0.09,0.28614,-0.01379,-0.38433,-0.87763,-0.89,1.09,0.13,0.18569,-0.07375,-0.28523,-0.9374,-0.88,1.1,0.16,-0.26917,-0.18908,-0.2936,-0.89755,-0.87,1.1,0.18,-0.48897,-0.3044,-0.24188,-0.78086,-0.86,1.08,0.18,-0.48897,-0.3044,-0.24188,-0.78086,-0.71,1.1,0.11,-0.37322,-0.22325,-0.11768,0.89276,-0.68,1.05,0.07,-0.37322,-0.22325,-0.11768,0.89276,-0.72,1.07,0.09,-0.4584,-0.22198,0.60773,0.60931,-0.75,1.08,0.11,-0.29495,-0.06645,0.57094,0.76329,-0.76,1.09,0.14,-0.20954,-0.04022,0.64887,0.73037,-0.77,1.1,0.16,-0.20954,-0.04022,0.64887,0.73037,-0.71,1.07,0.09,-0.37322,-0.22325,-0.11768,0.89276,-0.73,1.12,0.12,-0.01731,-0.25908,0.03717,0.96498,-0.75,1.12,0.16,0.34844,-0.23,0.10558,0.90252,-0.76,1.1,0.17,0.46684,-0.18657,0.12816,0.85489,-0.76,1.08,0.18,0.46684,-0.18657,0.12816,0.85489,-0.7,1.07,0.1,-0.37322,-0.22325,-0.11768,0.89276,-0.71,1.12,0.13,-0.08763,-0.24132,-0.0603,0.9646,-0.73,1.13,0.17,0.36228,-0.24472,0.0433,0.89833,-0.74,1.11,0.18,0.59513,-0.21023,0.03995,0.77462,-0.75,1.09,0.19,0.59513,-0.21023,0.03995,0.77462,-0.68,1.07,0.1,-0.37322,-0.22325,-0.11768,0.89276,-0.7,1.11,0.14,-0.1802,-0.21096,-0.15009,0.94895,-0.71,1.13,0.17,0.36788,-0.2807,-0.04899,0.88514,-0.72,1.11,0.19,0.65659,-0.2982,0.02262,0.69243,-0.73,1.09,0.19,0.65659,-0.2982,0.02262,0.69243,-0.68,1.07,0.11,-0.28221,-0.17025,-0.34705,0.87803,-0.68,1.1,0.14,-0.28344,-0.16929,-0.25555,0.90868,-0.69,1.12,0.17,0.33339,-0.30158,-0.1816,0.8746,-0.7,1.11,0.18,0.64911,-0.38867,-0.05724,0.6514,-0.71,1.09,0.18,0.64911,-0.38867,-0.05724,0.6514,-0.81,1.08,0.19
-0.8,1.46,-0.16,-0.8,1.46,-0.16,-0.85,1.1,0.11,0.34736,-0.07175,-0.15584,-0.9219,-0.86,1.06,0.06,0.34736,-0.07175,-0.15584,-0.9219,-0.83,1.08,0.09,0.42721,-0.15331,0.53723,-0.71089,-0.8,1.09,0.11,0.1973,0.01436,0.48165,-0.85374,-0.8,1.1,0.14,0.07946,0.03686,0.55321,-0.82842,-0.8,1.11,0.16,0.07946,0.03686,0.55321,-0.82842,-0.84,1.08,0.09,0.34736,-0.07175,-0.15584,-0.9219,-0.83,1.12,0.13,-0.01534,-0.11651,-0.07337,-0.99036,-0.82,1.12,0.16,-0.40147,-0.13879,-0.04797,-0.90403,-0.82,1.1,0.18,-0.54333,-0.11689,-0.0314,-0.83075,-0.81,1.08,0.19,-0.54333,-0.11689,-0.0314,-0.83075,-0.85,1.08,0.09,0.34736,-0.07175,-0.15584,-0.9219,-0.85,1.12,0.13,0.03164,-0.11134,-0.13847,-0.98358,-0.85,1.12,0.17,-0.36192,-0.15793,-0.09567,-0.91374,-0.84,1.11,0.19,-0.53936,-0.15795,-0.12248,-0.81801,-0.83,1.09,0.2,-0.53936,-0.15795,-0.12248,-0.81801,-0.87,1.07,0.09,0.34736,-0.07175,-0.15584,-0.9219,-0.87,1.11,0.13,0.11932,-0.08644,-0.20585,-0.96743,-0.87,1.12,0.17,-0.32449,-0.18562,-0.18416,-0.90903,-0.85,1.1,0.19,-0.54841,-0.24859,-0.1539,-0.78343,-0.84,1.09,0.2,-0.54841,-0.24859,-0.1539,-0.78343,-0.88,1.07,0.09,0.28266,-0.01484,-0.38916,-0.87661,-0.89,1.09,0.13,0.18573,-0.0751,-0.29004,-0.93581,-0.88,1.1,0.16,-0.26423,-0.1911,-0.29789,-0.89718,-0.87,1.1,0.18,-0.48035,-0.30648,-0.24643,-0.78397,-0.86,1.08,0.18,-0.48035,-0.30648,-0.24643,-0.78397,-0.71,1.09,0.12,-0.35337,-0.22262,-0.107,0.90229,-0.68,1.05,0.07,-0.35337,-0.22262,-0.107,0.90229,-0.72,1.06,0.09,-0.43612,-0.24306,0.61811,0.60717,-0.75,1.07,0.11,-0.27265,-0.0822,0.58759,0.75739,-0.76,1.08,0.14,-0.18496,-0.05316,0.66487,0.72174,-0.77,1.09,0.16,-0.18496,-0.05316,0.66487,0.72174,-0.71,1.07,0.09,-0.35337,-0.22262,-0.107,0.90229,-0.73,1.11,0.13,0.03932,-0.2684,0.07189,0.95982,-0.75,1.11,0.16,0.39378,-0.22519,0.13978,0.88016,-0.76,1.09,0.17,0.50936,-0.17673,0.1632,0.82625,-0.76,1.07,0.18,0.50936,-0.17673,0.1632,0.82625,-0.7,1.07,0.1,-0.35337,-0.22262,-0.107,0.90229,-0.71,1.12,0.13,-0.11418,-0.23464,-0.06206,0.96336,-0.73,1.13,0.17,0.3105,-0.24098,0.03158,0.91898,-0.74,1.11,0.19,0.5345,-0.21476,0.02434,0.81707,-0.75,1.09,0.2,0.5345,-0.21476,0.02434,0.81707,-0.68,1.07,0.1,-0.35337,-0.22262,-0.107,0.90229,-0.7,1.11,0.14,-0.21833,-0.19528,-0.15336,0.94376,-0.71,1.13,0.17,0.29808,-0.26867,-0.06876,0.91337,-0.72,1.11,0.19,0.58105,-0.29713,-0.00455,0.75768,-0.73,1.09,0.19,0.58105,-0.29713,-0.00455,0.75768,-0.68,1.07,0.11,-0.26444,-0.164,-0.3359,0.88901,-0.68,1.09,0.15,-0.30259,-0.14743,-0.25053,0.90771,-0.68,1.11,0.17,0.27603,-0.27475,-0.20123,0.89879,-0.7,1.11,0.18,0.58845,-0.37161,-0.09149,0.71222,-0.71,1.09,0.18,0.58845,-0.37161,-0.09149,0.71222,-0.81,1.08,0.19
-0.8,1.46,-0.16,-0.8,1.46,-0.16,-0.85,1.1,0.11,0.34124,-0.06953,-0.16248,-0.92321,-0.86,1.06,0.06,0.34124,-0.06953,-0.16248,-0.92321,-0.83,1.08,0.09,0.42366,-0.16115,0.53153,-0.71556,-0.8,1.09,0.11,0.19234,0.00527,0.47838,-0.85682,-0.8,1.1,0.14,0.08063,0.02334,0.55155,-0.82991,-0.8,1.11,0.16,0.08063,0.02334,0.55155,-0.82991,-0.84,1.08,0.09,0.34124,-0.06953,-0.16248,-0.92321,-0.83,1.12,0.13,-0.01556,-0.11877,-0.07957,-0.98961,-0.82,1.12,0.16,-0.40112,-0.14325,-0.05282,-0.90321,-0.82,1.1,0.18,-0.54376,-0.12213,-0.03536,-0.82955,-0.81,1.08,0.19,-0.54376,-0.12213,-0.03536,-0.82955,-0.85,1.08,0.09,0.34124,-0.06953,-0.16248,-0.92321,-0.86,1.12,0.13,0.03641,-0.11003,-0.14645,-0.98241,-0.85,1.12,0.17,-0.35572,-0.15979,-0.10373,-0.91497,-0.84,1.11,0.19,-0.53221,-0.16159,-0.13018,-0.82079,-0.83,1.09,0.2,-0.53221,-0.16159,-0.13018,-0.82079,-0.87,1.07,0.09,0.34124,-0.06953,-0.16248,-0.92321,-0.87,1.11,0.13,0.1286,-0.08178,-0.21419,-0.96483,-0.87,1.12,0.17,-0.30882,-0.18431,-0.19452,-0.91259,-0.86,1.1,0.19,-0.52903,-0.24966,-0.16498,-0.79409,-0.84,1.09,0.2,-0.52903,-0.24966,-0.16498,-0.79409,-0.88,1.07,0.09,0.27623,-0.01137,-0.39505,-0.87608,-0.89,1.09,0.13,0.18714,-0.06857,-0.29758,-0.93366,-0.89,1.1,0.16,-0.2534,-0.18609,-0.30874,-0.89769,-0.88,1.1,0.18,-0.46211,-0.30236,-0.26019,-0.79205,-0.86,1.08,0.19,-0.46211,-0.30236,-0.26019,-0.79205,-0.7,1.1,0.12,-0.35555,-0.20641,-0.1216,0.90343,-0.68,1.06,0.07,-0.35555,-0.20641,-0.1216,0.90343,-0.72,1.07,0.09,-0.43682,-0.22558,0.60623,0.62514,-0.75,1.08,0.11,-0.27072,-0.06854,0.56999,0.77274,-0.76,1.09,0.14,-0.18011,-0.04067,0.64741,0.73944,-0.77,1.09,0.16,-0.18011,-0.04067,0.64741,0.73944,-0.71,1.07,0.09,-0.35555,-0.20641,-0.1216,0.90343,-0.73,1.12,0.13,0.02504,-0.26407,0.05179,0.96279,-0.75,1.11,0.16,0.37154,-0.23017,0.11689,0.8918,-0.76,1.1,0.17,0.48714,-0.18523,0.1399,0.84191,-0.76,1.08,0.18,0.48714,-0.18523,0.1399,0.84191,-0.7,1.07,0.1,-0.35555,-0.20641,-0.1216,0.90343,-0.71,1.12,0.13,-0.09377,-0.22467,-0.07477,0.96703,-0.73,1.13,0.17,0.34182,-0.2369,0.01872,0.90922,-0.74,1.11,0.19,0.56363,-0.21158,0.01148,0.79839,-0.75,1.09,0.2,0.56363,-0.21158,0.01148,0.79839,-0.68,1.07,0.1,-0.35555,-0.20641,-0.1216,0.90343,-0.69,1.11,0.14,-0.18519,-0.187,-0.16297,0.95088,-0.7,1.13,0.17,0.34079,-0.26606,-0.079,0.89824,-0.72,1.11,0.19,0.6152,-0.29674,-0.01635,0.73022,-0.73,1.09,0.19,0.6152,-0.29674,-0.01635,0.73022,-0.67,1.07,0.11,-0.26784,-0.14886,-0.35088,0.88486,-0.68,1.1,0.15,-0.28014,-0.13441,-0.26441,0.91299,-0.68,1.11,0.17,0.29208,-0.26889,-0.22125,0.89075,-0.69,1.11,0.18,0.58591,-0.37187,-0.11927,0.71007,-0.71,1.09,0.19,0.58591,-0.37187,-0.11927,0.71007,-0.81,1.08,0.19
-0.8,1.46,-0.16,-0.8,1.46,-0.16,-0.85,1.1,0.11,0.33695,-0.06664,-0.16781,-0.92405,-0.86,1.06,0.06,0.33695,-0.06664,-0.16781,-0.92405,-0.83,1.08,0.09,0.41996,-0.1674,0.5278,-0.71906,-0.8,1.09,0.11,0.18693,-0.00125,0.47663,-0.859,-0.8,1.1,0.14,0.08034,0.0131,0.55083,-0.83064,-0.8,1.11,0.16,0.08034,0.0131,0.55083,-0.83064,-0.84,1.08,0.09,0.33695,-0.06664,-0.16781,-0.92405,-0.83,1.12,0.13,-0.01562,-0.11946,-0.08494,-0.98908,-0.83,1.12,0.16,-0.39989,-0.1459,-0.05767,-0.90304,-0.82,1.1,0.18,-0.543,-0.12556,-0.03969,-0.82935,-0.81,1.08,0.19,-0.543,-0.12556,-0.03969,-0.82935,-0.85,1.08,0.09,0.33695,-0.06664,-0.16781,-0.92405,-0.86,1.12,0.13,0.04473,-0.10679,-0.1539,-0.98128,-0.85,1.12,0.17,-0.34421,-0.15946,-0.11242,-0.9184,-0.84,1.11,0.19,-0.5188,-0.16338,-0.13914,-0.82752,-0.83,1.09,0.2,-0.5188,-0.16338,-0.13914,-0.82752,-0.87,1.07,0.09,0.33695,-0.06664,-0.16781,-0.92405,-0.87,1.11,0.13,0.13451,-0.07704,-0.22098,-0.96288,-0.87,1.12,0.17,-0.29385,-0.18142,-0.20406,-0.91602,-0.86,1.11,0.19,-0.50932,-0.2487,-0.17587,-0.80487,-0.84,1.09,0.2,-0.50932,-0.2487,-0.17587,-0.80487,-0.88,1.07,0.09,0.27191,-0.00766,-0.39982,-0.8753,-0.89,1.09,0.13,0.18509,-0.06367,-0.30359,-0.93248,-0.89,1.1,0.16,-0.24261,-0.18019,-0.318,-0.89864,-0.88,1.1,0.18,-0.44083,-0.29579,-0.27357,-0.80208,-0.86,1.08,0.19,-0.44083,-0.29579,-0.27357,-0.80208,-0.7,1.1,0.11,-0.37619,-0.20673,-0.1196,0.89523,-0.68,1.06,0.07,-0.37619,-0.20673,-0.1196,0.89523,-0.72,1.07,0.09,-0.45356,-0.2048,0.60697,0.61962,-0.75,1.08,0.11,-0.29019,-0.05015,0.56504,0.77071,-0.76,1.09,0.14,-0.19614,-0.01927,0.64174,0.74117,-0.77,1.1,0.16,-0.19614,-0.01927,0.64174,0.74117,-0.71,1.08,0.09,-0.37619,-0.20673,-0.1196,0.89523,-0.73,1.12,0.12,-0.00048,-0.26196,0.0533,0.9636,-0.75,1.12,0.16,0.34907,-0.22818,0.11789,0.90121,-0.76,1.1,0.17,0.4647,-0.1835,0.13961,0.85492,-0.76,1.09,0.18,0.4647,-0.1835,0.13961,0.85492,-0.7,1.08,0.1,-0.37619,-0.20673,-0.1196,0.89523,-0.71,1.12,0.13,-0.09214,-0.22667,-0.06706,0.96728,-0.73,1.13,0.17,0.35745,-0.23485,0.03013,0.90342,-0.74,1.11,0.19,0.5832,-0.20523,0.0232,0.78564,-0.75,1.09,0.19,0.5832,-0.20523,0.0232,0.78564,-0.68,1.08,0.1,-0.37619,-0.20673,-0.1196,0.89523,-0.69,1.11,0.14,-0.17114,-0.19444,-0.15434,0.95346,-0.7,1.13,0.17,0.36841,-0.26827,-0.06425,0.88779,-0.72,1.11,0.19,0.64386,-0.29287,-0.00051,0.70687,-0.73,1.09,0.19,0.64386,-0.29287,-0.00051,0.70687,-0.67,1.07,0.11,-0.28819,-0.15456,-0.35013,0.87776,-0.68,1.1,0.14,-0.26998,-0.14608,-0.26122,0.91517,-0.68,1.12,0.17,0.30829,-0.27716,-0.21065,0.88531,-0.69,1.11,0.18,0.60193,-0.37575,-0.10596,0.69661,-0.71,1.09,0.18,0.60193,-0.37575,-0.10596,0.69661,-0.81,1.08,0.19
-0.8,1.46,-0.16,-0.8,1.46,-0.16,-0.85,1.1,0.11,0.33944,-0.06632,-0.16173,-0.92424,-0.86,1.06,0.06,0.33944,-0.06632,-0.16173,-0.92424,-0.83,1.08,0.09,0.41933,-0.17201,0.53353,-0.71409,-0.8,1.09,0.1,0.18326,-0.00143,0.48422,-0.85554,-0.8,1.1,0.14,0.0789,0.012,0.55812,-0.82591,-0.79,1.11,0.16,0.0789,0.012,0.55812,-0.82591,-0.84,1.08,0.09,0.33944,-0.06632,-0.16173,-0.92424,-0.83,1.12,0.13,-0.01058,-0.11792,-0.07874,-0.98984,-0.82,1.12,0.16,-0.39445,-0.14215,-0.05272,-0.90633,-0.82,1.11,0.18,-0.53948,-0.12117,-0.03534,-0.83248,-0.81,1.09,0.19,-0.53948,-0.12117,-0.03534,-0.83248,-0.85,1.08,0.09,0.33944,-0.06632,-0.16173,-0.92424,-0.86,1.12,0.13,0.05423,-0.10301,-0.14944,-0.98189,-0.85,1.13,0.17,-0.3306,-0.15375,-0.11064,-0.92457,-0.84,1.11,0.19,-0.50217,-0.15789,-0.1391,-0.83878,-0.83,1.09,0.2,-0.50217,-0.15789,-0.1391,-0.83878,-0.87,1.07,0.09,0.33944,-0.06632,-0.16173,-0.92424,-0.87,1.11,0.13,0.14009,-0.07437,-0.21582,-0.96346,-0.87,1.12,0.17,-0.28057,-0.17525,-0.20193,-0.92184,-0.86,1.11,0.19,-0.49231,-0.24166,-0.17625,-0.81742,-0.84,1.09,0.2,-0.49231,-0.24166,-0.17625,-0.81742,-0.88,1.07,0.09,0.27524,-0.00772,-0.39434,-0.87675,-0.89,1.09,0.13,0.18534,-0.06179,-0.2986,-0.93417,-0.89,1.1,0.16,-0.23314,-0.1731,-0.31586,-0.90328,-0.88,1.1,0.18,-0.42506,-0.28619,-0.27517,-0.81345,-0.86,1.09,0.19,-0.42506,-0.28619,-0.27517,-0.81345,-0.71,1.1,0.11,-0.36437,-0.21511,-0.09712,0.90085,-0.68,1.06,0.07,-0.36437,-0.21511,-0.09712,0.90085,-0.72,1.07,0.09,-0.44553,-0.21982,0.61991,0.60737,-0.75,1.08,0.11,-0.28549,-0.06164,0.58262,0.75846,-0.76,1.09,0.14,-0.19224,-0.02866,0.6589,0.72669,-0.77,1.09,0.16,-0.19224,-0.02866,0.6589,0.72669,-0.71,1.07,0.09,-0.36437,-0.21511,-0.09712,0.90085,-0.73,1.12,0.13,0.02228,-0.25973,0.07845,0.96223,-0.75,1.11,0.16,0.37308,-0.21605,0.14136,0.89115,-0.76,1.1,0.17,0.48542,-0.16842,0.16181,0.84251,-0.76,1.08,0.18,0.48542,-0.16842,0.16181,0.84251,-0.7,1.07,0.1,-0.36437,-0.21511,-0.09712,0.90085,-0.71,1.12,0.13,-0.07402,-0.22766,-0.0421,0.97001,-0.73,1.13,0.17,0.38212,-0.22379,0.05458,0.89494,-0.74,1.11,0.19,0.61184,-0.18584,0.04548,0.7675,-0.75,1.08,0.19,0.61184,-0.18584,0.04548,0.7675,-0.68,1.07,0.1,-0.36437,-0.21511,-0.09712,0.90085,-0.7,1.11,0.14,-0.15947,-0.19513,-0.13157,0.95874,-0.71,1.12,0.17,0.3891,-0.25663,-0.04301,0.88368,-0.72,1.11,0.19,0.66946,-0.27369,0.01735,0.69038,-0.73,1.09,0.19,0.66946,-0.27369,0.01735,0.69038,-0.68,1.07,0.11,-0.27807,-0.15902,-0.32772,0.88881,-0.68,1.1,0.14,-0.2575,-0.15084,-0.23771,0.92436,-0.68,1.11,0.17,0.3301,-0.26792,-0.18762,0.88547,-0.7,1.11,0.18,0.62952,-0.35927,-0.08607,0.68354,-0.71,1.09,0.18,0.62952,-0.35927,-0.08607,0.68354,-0.81,1.08,0.19
-0.8,1.46,-0.16,-0.8,1.46,-0.16,-0.85,1.1,0.1,0.36029,-0.06921,-0.13963,-0.91973,-0.86,1.06,0.06,0.36029,-0.06921,-0.13963,-0.91973,-0.82,1.08,0.08,0.42862,-0.16319,0.55362,-0.6951,-0.8,1.09,0.1,0.19554,0.01403,0.50183,-0.84246,-0.8,1.1,0.13,0.08765,0.0323,0.57349,-0.81387,-0.79,1.11,0.16,0.08765,0.0323,0.57349,-0.81387,-0.84,1.08,0.08,0.36029,-0.06921,-0.13963,-0.91973,-0.83,1.12,0.12,0.00793,-0.11145,-0.05693,-0.99211,-0.82,1.13,0.16,-0.38927,-0.12868,-0.03352,-0.91148,-0.82,1.11,0.18,-0.53765,-0.10485,-0.01833,-0.83643,-0.81,1.09,0.19,-0.53765,-0.10485,-0.01833,-0.83643,-0.85,1.08,0.08,0.36029,-0.06921,-0.13963,-0.91973,-0.85,1.12,0.13,0.05004,-0.10341,-0.12451,-0.98555,-0.85,1.13,0.17,-0.35097,-0.14583,-0.0852,-0.92103,-0.84,1.11,0.19,-0.53085,-0.14493,-0.1148,-0.82705,-0.83,1.09,0.2,-0.53085,-0.14493,-0.1148,-0.82705,-0.87,1.08,0.09,0.36029,-0.06921,-0.13963,-0.91973,-0.87,1.11,0.13,0.13195,-0.08062,-0.19147,-0.96924,-0.87,1.12,0.16,-0.30746,-0.1734,-0.17488,-0.91914,-0.86,1.11,0.18,-0.52974,-0.2343,-0.14887,-0.80145,-0.84,1.09,0.19,-0.52974,-0.2343,-0.14887,-0.80145,-0.88,1.07,0.09,0.29801,-0.01507,-0.37488,-0.87774,-0.89,1.1,0.13,0.18984,-0.06951,-0.27743,-0.93923,-0.88,1.11,0.16,-0.2489,-0.17689,-0.29137,-0.90657,-0.88,1.1,0.17,-0.45528,-0.28785,-0.24732,-0.80542,-0.86,1.09,0.18,-0.45528,-0.28785,-0.24732,-0.80542,-0.7,1.1,0.12,-0.36657,-0.20777,-0.10037,0.90132,-0.68,1.06,0.07,-0.36657,-0.20777,-0.10037,0.90132,-0.72,1.07,0.09,-0.45229,-0.21192,0.61091,0.61425,-0.75,1.08,0.11,-0.29109,-0.05703,0.57098,0.7655,-0.76,1.09,0.14,-0.19871,-0.0261,0.64789,0.73489,-0.77,1.1,0.16,-0.19871,-0.0261,0.64789,0.73489,-0.71,1.07,0.09,-0.36657,-0.20777,-0.10037,0.90132,-0.73,1.12,0.13,0.02951,-0.25494,0.07662,0.96346,-0.75,1.11,0.16,0.37608,-0.21268,0.13691,0.89139,-0.76,1.1,0.17,0.48638,-0.16597,0.15657,0.84343,-0.76,1.08,0.18,0.48638,-0.16597,0.15657,0.84343,-0.7,1.07,0.1,-0.36657,-0.20777,-0.10037,0.90132,-0.71,1.12,0.13,-0.08024,-0.22101,-0.04877,0.97074,-0.73,1.13,0.17,0.37308,-0.22121,0.04469,0.89993,-0.74,1.11,0.19,0.60329,-0.18663,0.03493,0.77459,-0.75,1.09,0.19,0.60329,-0.18663,0.03493,0.77459,-0.68,1.07,0.1,-0.36657,-0.20777,-0.10037,0.90132,-0.69,1.11,0.14,-0.16704,-0.18718,-0.13789,0.95815,-0.71,1.13,0.17,0.38054,-0.2536,-0.05285,0.88774,-0.72,1.11,0.19,0.66306,-0.27442,0.00743,0.69641,-0.73,1.09,0.19,0.66306,-0.27442,0.00743,0.69641,-0.67,1.07,0.11,-0.28124,-0.15237,-0.33141,0.88761,-0.68,1.1,0.14,-0.26243,-0.14355,-0.24195,0.92303,-0.68,1.12,0.17,0.32822,-0.26547,-0.19433,0.88546,-0.69,1.11,0.18,0.63049,-0.35979,-0.0917,0.68164,-0.71,1.09,0.18,0.63049,-0.35979,-0.0917,0.68164,-0.81,1.08,0.19
-0.8,1.46,-0.16,-0.8,1.46,-0.16,-0.85,1.1,0.1,0.38778,-0.07679,-0.10984,-0.91196,-0.86,1.06,0.06,0.38778,-0.07679,-0.10984,-0.91196,-0.82,1.08,0.08,0.44211,-0.1514,0.57965,-0.66755,-0.8,1.09,0.1,0.21753,0.03211,0.52441,-0.82258,-0.8,1.1,0.13,0.10232,0.05982,0.59274,-0.79662,-0.79,1.11,0.15,0.10232,0.05982,0.59274,-0.79662,-0.84,1.08,0.08,0.38778,-0.07679,-0.10984,-0.91196,-0.83,1.13,0.12,0.02563,-0.10576,-0.02571,-0.99373,-0.82,1.13,0.16,-0.38859,-0.11164,-0.00526,-0.91461,-0.82,1.11,0.17,-0.53914,-0.08333,0.00695,-0.83806,-0.81,1.09,0.18,-0.53914,-0.08333,0.00695,-0.83806,-0.85,1.08,0.08,0.38778,-0.07679,-0.10984,-0.91196,-0.85,1.13,0.12,0.03189,-0.10635,-0.08851,-0.98987,-0.84,1.13,0.16,-0.39983,-0.13546,-0.04668,-0.90532,-0.83,1.11,0.18,-0.5998,-0.12477,-0.0771,-0.78659,-0.83,1.09,0.19,-0.5998,-0.12477,-0.0771,-0.78659,-0.87,1.08,0.09,0.38778,-0.07679,-0.10984,-0.91196,-0.87,1.12,0.12,0.12009,-0.08977,-0.15767,-0.97604,-0.86,1.13,0.16,-0.34835,-0.17016,-0.13669,-0.9116,-0.85,1.11,0.18,-0.59119,-0.22244,-0.10921,-0.76752,-0.84,1.09,0.19,-0.59119,-0.22244,-0.10921,-0.76752,-0.88,1.08,0.09,0.32738,-0.02864,-0.34815,-0.87795,-0.88,1.1,0.13,0.19734,-0.08248,-0.24743,-0.94501,-0.88,1.11,0.15,-0.26722,-0.18184,-0.25607,-0.91102,-0.87,1.11,0.17,-0.49998,-0.28955,-0.20535,-0.78995,-0.86,1.09,0.18,-0.49998,-0.28955,-0.20535,-0.78995,-0.7,1.1,0.12,-0.35017,-0.20453,-0.10412,0.90813,-0.68,1.06,0.07,-0.35017,-0.20453,-0.10412,0.90813,-0.72,1.07,0.09,-0.43963,-0.22292,0.60769,0.62269,-0.75,1.08,0.11,-0.27539,-0.06676,0.57063,0.77077,-0.76,1.09,0.14,-0.18616,-0.03959,0.64803,0.73745,-0.77,1.09,0.16,-0.18616,-0.03959,0.64803,0.73745,-0.71,1.07,0.09,-0.35017,-0.20453,-0.10412,0.90813,-0.73,1.12,0.13,0.05946,-0.25781,0.079,0.96112,-0.75,1.11,0.16,0.39556,-0.21496,0.13823,0.88217,-0.76,1.09,0.17,0.50258,-0.16829,0.15835,0.83307,-0.76,1.07,0.19,0.50258,-0.16829,0.15835,0.83307,-0.7,1.07,0.1,-0.35017,-0.20453,-0.10412,0.90813,-0.71,1.12,0.14,-0.07698,-0.218,-0.05647,0.97127,-0.73,1.12,0.17,0.37396,-0.22209,0.03591,0.89974,-0.74,1.11,0.19,0.60362,-0.18968,0.02662,0.77392,-0.75,1.08,0.2,0.60362,-0.18968,0.02662,0.77392,-0.68,1.07,0.1,-0.35017,-0.20453,-0.10412,0.90813,-0.69,1.11,0.14,-0.16776,-0.18016,-0.14537,0.95826,-0.71,1.12,0.17,0.38116,-0.25184,-0.0625,0.88735,-0.72,1.11,0.19,0.66345,-0.27601,-0.00217,0.69545,-0.73,1.08,0.19,0.66345,-0.27601,-0.00217,0.69545,-0.67,1.07,0.11,-0.26539,-0.14495,-0.33421,0.89267,-0.68,1.1,0.15,-0.25516,-0.13412,-0.24589,0.92544,-0.68,1.11,0.17,0.33747,-0.25996,-0.20239,0.8818,-0.69,1.1,0.18,0.64067,-0.35797,-0.10006,0.67186,-0.71,1.09,0.18,0.64067,-0.35797,-0.10006,0.67186,-0.81,1.08,0.19
-0.8,1.46,-0.16,-0.8,1.46,-0.16,-0.85,1.1,0.1,0.38194,-0.07745,-0.09511,-0.91601,-0.86,1.06,0.06,0.38194,-0.07745,-0.09511,-0.91601,-0.82,1.08,0.08,0.44007,-0.15803,0.58472,-0.66292,-0.8,1.09,0.1,0.21885,0.02603,0.53167,-0.81777,-0.79,1.1,0.13,0.10168,0.0568,0.59984,-0.7916,-0.79,1.11,0.16,0.10168,0.0568,0.59984,-0.7916,-0.84,1.08,0.08,0.38194,-0.07745,-0.09511,-0.91601,-0.83,1.13,0.12,0.00111,-0.09981,-0.01085,-0.99495,-0.82,1.13,0.16,-0.43009,-0.09935,0.00779,-0.89727,-0.82,1.11,0.17,-0.58371,-0.06864,0.01974,-0.80881,-0.81,1.09,0.18,-0.58371,-0.06864,0.01974,-0.80881,-0.85,1.08,0.08,0.38194,-0.07745,-0.09511,-0.91601,-0.85,1.13,0.12,-0.01545,-0.10382,-0.07075,-0.99196,-0.84,1.13,0.16,-0.4715,-0.12582,-0.02789,-0.8724,-0.83,1.1,0.18,-0.68724,-0.10603,-0.05831,-0.71628,-0.83,1.08,0.18,-0.68724,-0.10603,-0.05831,-0.71628,-0.87,1.08,0.09,0.38194,-0.07745,-0.09511,-0.91601,-0.87,1.12,0.12,0.0699,-0.09096,-0.13995,-0.98349,-0.86,1.12,0.16,-0.42173,-0.16412,-0.11738,-0.88398,-0.85,1.1,0.18,-0.67861,-0.21044,-0.08884,-0.69807,-0.84,1.08,0.18,-0.67861,-0.21044,-0.08884,-0.69807,-0.88,1.08,0.09,0.32358,-0.02723,-0.3339,-0.88491,-0.88,1.1,0.13,0.16811,-0.08429,-0.23283,-0.95416,-0.88,1.11,0.15,-0.32505,-0.18136,-0.2382,-0.89706,-0.87,1.1,0.17,-0.5798,-0.28929,-0.18201,-0.7396,-0.86,1.09,0.17,-0.5798,-0.28929,-0.18201,-0.7396,-0.7,1.09,0.12,-0.3459,-0.19961,-0.11168,0.90997,-0.68,1.06,0.07,-0.3459,-0.19961,-0.11168,0.90997,-0.72,1.07,0.1,-0.43355,-0.22206,0.60472,0.63011,-0.75,1.08,0.11,-0.26432,-0.06337,0.56773,0.77705,-0.76,1.09,0.14,-0.17387,-0.03711,0.64476,0.74342,-0.77,1.09,0.16,-0.17387,-0.03711,0.64476,0.74342,-0.71,1.07,0.1,-0.3459,-0.19961,-0.11168,0.90997,-0.73,1.12,0.13,0.07086,-0.26023,0.07597,0.95994,-0.75,1.11,0.16,0.40602,-0.21795,0.13627,0.87697,-0.76,1.09,0.18,0.51199,-0.17153,0.15701,0.82692,-0.76,1.07,0.19,0.51199,-0.17153,0.15701,0.82692,-0.7,1.07,0.1,-0.3459,-0.19961,-0.11168,0.90997,-0.71,1.12,0.14,-0.07221,-0.21628,-0.06438,0.97153,-0.73,1.12,0.17,0.38277,-0.22392,0.02917,0.89582,-0.74,1.11,0.19,0.61814,-0.1918,0.0218,0.762,-0.74,1.08,0.2,0.61814,-0.1918,0.0218,0.762,-0.68,1.07,0.1,-0.3459,-0.19961,-0.11168,0.90997,-0.69,1.11,0.14,-0.16687,-0.17627,-0.15388,0.95781,-0.7,1.12,0.18,0.39493,-0.25405,-0.06819,0.88025,-0.72,1.11,0.19,0.68302,-0.27892,-0.00404,0.67503,-0.73,1.08,0.19,0.68302,-0.27892,-0.00404,0.67503,-0.67,1.07,0.11,-0.26118,-0.13919,-0.3414,0.89211,-0.68,1.09,0.15,-0.25551,-0.1262,-0.25414,0.92423,-0.68,1.11,0.17,0.34798,-0.26094,-0.21058,0.87549,-0.69,1.1,0.18,0.66119,-0.36327,-0.10098,0.64859,-0.71,1.08,0.18,0.66119,-0.36327,-0.10098,0.64859,-0.81,1.08,0.19
-0.8,1.46,-0.16,-0.8,1.46,-0.16,-0.85,1.11,0.1,0.36759,-0.07205,-0.09655,-0.92215,-0.86,1.06,0.06,0.36759,-0.07205,-0.09655,-0.92215,-0.83,1.08,0.08,0.43787,-0.1703,0.57347,-0.67112,-0.8,1.09,0.1,0.22717,0.00197,0.52346,-0.82121,-0.79,1.11,0.13,0.11544,0.02998,0.59536,-0.79456,-0.79,1.11,0.16,0.11544,0.02998,0.59536,-0.79456,-0.84,1.09,0.08,0.36759,-0.07205,-0.09655,-0.92215,-0.83,1.13,0.12,-0.03129,-0.09319,-0.01495,-0.99504,-0.82,1.13,0.16,-0.50219,-0.0942,0.00583,-0.85959,-0.82,1.11,0.17,-0.66961,-0.06336,0.02148,-0.7397,-0.82,1.08,0.18,-0.66961,-0.06336,0.02148,-0.7397,-0.85,1.08,0.08,0.36759,-0.07205,-0.09655,-0.92215,-0.85,1.13,0.13,-0.06765,-0.09992,-0.07219,-0.99007,-0.84,1.12,0.17,-0.55975,-0.12372,-0.02476,-0.819,-0.84,1.1,0.18,-0.79285,-0.09541,-0.05125,-0.59971,-0.83,1.08,0.17,-0.79285,-0.09541,-0.05125,-0.59971,-0.87,1.08,0.09,0.36759,-0.07205,-0.09655,-0.92215,-0.87,1.12,0.13,0.0178,-0.08824,-0.14093,-0.98592,-0.86,1.12,0.16,-0.52059,-0.16658,-0.11146,-0.82995,-0.85,1.1,0.18,-0.79261,-0.20866,-0.07437,-0.56806,-0.84,1.08,0.17,-0.79261,-0.20866,-0.07437,-0.56806,-0.88,1.08,0.09,0.31049,-0.01821,-0.33465,-0.88953,-0.89,1.1,0.13,0.14001,-0.07718,-0.23641,-0.95841,-0.88,1.11,0.16,-0.41135,-0.18987,-0.23481,-0.86001,-0.87,1.1,0.17,-0.69962,-0.30509,-0.16005,-0.62597,-0.86,1.08,0.17,-0.69962,-0.30509,-0.16005,-0.62597,-0.7,1.1,0.12,-0.34901,-0.18982,-0.12275,0.90945,-0.68,1.06,0.07,-0.34901,-0.18982,-0.12275,0.90945,-0.72,1.07,0.1,-0.43136,-0.21171,0.59979,0.63982,-0.75,1.08,0.11,-0.25703,-0.05164,0.56008,0.78586,-0.76,1.09,0.14,-0.16182,-0.0242,0.63637,0.75384,-0.77,1.09,0.16,-0.16182,-0.0242,0.63637,0.75384,-0.71,1.07,0.1,-0.34901,-0.18982,-0.12275,0.90945,-0.73,1.12,0.13,0.06636,-0.25714,0.06251,0.96206,-0.75,1.11,0.16,0.41191,-0.21851,0.12491,0.87577,-0.75,1.09,0.18,0.52007,-0.17307,0.14647,0.82348,-0.76,1.07,0.19,0.52007,-0.17307,0.14647,0.82348,-0.7,1.07,0.1,-0.34901,-0.18982,-0.12275,0.90945,-0.71,1.12,0.14,-0.06482,-0.21287,-0.07395,0.97212,-0.73,1.12,0.17,0.39777,-0.22498,0.02114,0.88922,-0.74,1.1,0.19,0.64121,-0.19279,0.01626,0.74257,-0.74,1.08,0.19,0.64121,-0.19279,0.01626,0.74257,-0.68,1.07,0.11,-0.34901,-0.18982,-0.12275,0.90945,-0.69,1.11,0.14,-0.15917,-0.1737,-0.16288,0.9581,-0.7,1.12,0.18,0.41259,-0.25743,-0.07416,0.87063,-0.71,1.1,0.19,0.70654,-0.28282,-0.00513,0.64868,-0.72,1.08,0.19,0.70654,-0.28282,-0.00513,0.64868,-0.67,1.07,0.11,-0.26468,-0.13062,-0.35262,0.888,-0.68,1.09,0.15,-0.2553,-0.1203,-0.26505,0.92201,-0.68,1.11,0.17,0.35735,-0.26511,-0.21988,0.86814,-0.69,1.1,0.18,0.67751,-0.3718,-0.10235,0.62631,-0.7,1.08,0.18,0.67751,-0.3718,-0.10235,0.62631,-0.81,1.08,0.19
-0.8,1.46,-0.16,-0.8,1.46,-0.16,-0.85,1.11,0.11,0.35744,-0.05855,-0.10096,-0.92662,-0.86,1.07,0.06,0.35744,-0.05855,-0.10096,-0.92662,-0.83,1.09,0.09,0.42463,-0.17083,0.57056,-0.68188,-0.8,1.1,0.11,0.2185,-0.00259,0.52006,-0.82571,-0.79,1.11,0.14,0.11719,0.01668,0.59349,-0.79609,-0.79,1.12,0.16,0.11719,0.01668,0.59349,-0.79609,-0.84,1.09,0.09,0.35744,-0.05855,-0.10096,-0.92662,-0.83,1.13,0.13,-0.04091,-0.08147,-0.02593,-0.9955,-0.83,1.13,0.16,-0.5117,-0.08888,-0.00933,-0.8545,-0.82,1.11,0.18,-0.68609,-0.06132,0.00668,-0.7249,-0.82,1.09,0.18,-0.68609,-0.06132,0.00668,-0.7249,-0.85,1.09,0.09,0.35744,-0.05855,-0.10096,-0.92662,-0.85,1.13,0.13,-0.06914,-0.08735,-0.08406,-0.99021,-0.85,1.13,0.17,-0.5512,-0.11837,-0.04275,-0.82483,-0.84,1.1,0.18,-0.78727,-0.09658,-0.07018,-0.60494,-0.83,1.08,0.17,-0.78727,-0.09658,-0.07018,-0.60494,-0.87,1.09,0.09,0.35744,-0.05855,-0.10096,-0.92662,-0.87,1.12,0.13,0.02199,-0.07227,-0.15218,-0.98546,-0.87,1.12,0.17,-0.50465,-0.15783,-0.13136,-0.83855,-0.86,1.1,0.18,-0.7795,-0.20852,-0.09603,-0.58282,-0.85,1.08,0.17,-0.7795,-0.20852,-0.09603,-0.58282,-0.88,1.08,0.09,0.30275,-0.00249,-0.33866,-0.89087,-0.89,1.11,0.13,0.14214,-0.05974,-0.24399,-0.95744,-0.89,1.12,0.16,-0.39721,-0.17673,-0.25223,-0.86451,-0.88,1.1,0.17,-0.68547,-0.29939,-0.1814,-0.63843,-0.86,1.09,0.17,-0.68547,-0.29939,-0.1814,-0.63843,-0.7,1.1,0.12,-0.35043,-0.17491,-0.13141,0.91068,-0.68,1.06,0.07,-0.35043,-0.17491,-0.13141,0.91068,-0.72,1.07,0.1,-0.42841,-0.2025,0.59299,0.65102,-0.75,1.08,0.11,-0.25198,-0.04402,0.55033,0.7948,-0.76,1.09,0.14,-0.15612,-0.0185,0.6265,0.7634,-0.76,1.1,0.17,-0.15612,-0.0185,0.6265,0.7634,-0.71,1.07,0.1,-0.35043,-0.17491,-0.13141,0.91068,-0.73,1.12,0.13,0.0192,-0.24568,0.03096,0.96867,-0.74,1.12,0.16,0.37643,-0.21964,0.09294,0.89522,-0.75,1.1,0.18,0.49348,-0.17772,0.11498,0.84361,-0.76,1.08,0.19,0.49348,-0.17772,0.11498,0.84361,-0.69,1.07,0.1,-0.35043,-0.17491,-0.13141,0.91068,-0.71,1.12,0.14,-0.05769,-0.20234,-0.08451,0.97395,-0.72,1.12,0.18,0.40373,-0.2205,0.0066,0.88789,-0.73,1.1,0.19,0.64636,-0.19203,0.00115,0.73847,-0.74,1.08,0.19,0.64636,-0.19203,0.00115,0.73847,-0.68,1.07,0.11,-0.35043,-0.17491,-0.13141,0.91068,-0.69,1.11,0.14,-0.14066,-0.16602,-0.16962,0.96119,-0.7,1.12,0.18,0.42597,-0.25388,-0.08535,0.86418,-0.71,1.1,0.19,0.71553,-0.28319,-0.01732,0.63837,-0.72,1.08,0.19,0.71553,-0.28319,-0.01732,0.63837,-0.67,1.07,0.11,-0.2679,-0.11647,-0.36173,0.88533,-0.67,1.09,0.15,-0.24735,-0.11296,-0.27281,0.92284,-0.68,1.11,0.17,0.36414,-0.2633,-0.23032,0.86315,-0.69,1.1,0.18,0.68044,-0.37424,-0.11325,0.61978,-0.7,1.08,0.18,0.68044,-0.37424,-0.11325,0.61978,-0.81,1.08,0.19
-0.8,1.46,-0.16,-0.8,1.46,-0.16,-0.85,1.11,0.11,0.34575,-0.04395,-0.09335,-0.93264,-0.86,1.07,0.06,0.34575,-0.04395,-0.09335,-0.93264,-0.82,1.09,0.09,0.4075,-0.17713,0.57508,-0.68692,-0.8,1.1,0.11,0.19773,-0.00396,0.52671,-0.82671,-0.79,1.11,0.14,0.10644,0.00661,0.60017,-0.79273,-0.79,1.11,0.16,0.10644,0.00661,0.60017,-0.79273,-0.83,1.09,0.09,0.34575,-0.04395,-0.09335,-0.93264,-0.83,1.13,0.13,-0.01624,-0.06363,-0.02904,-0.99742,-0.83,1.13,0.17,-0.45828,-0.07447,-0.02327,-0.88538,-0.82,1.11,0.18,-0.63602,-0.05036,-0.01214,-0.76994,-0.82,1.09,0.19,-0.63602,-0.05036,-0.01214,-0.76994,-0.85,1.09,0.09,0.34575,-0.04395,-0.09335,-0.93264,-0.85,1.13,0.13,-0.00175,-0.0608,-0.09136,-0.99396,-0.85,1.13,0.17,-0.44187,-0.09596,-0.06789,-0.88935,-0.84,1.11,0.19,-0.6809,-0.09083,-0.10485,-0.71912,-0.84,1.09,0.19,-0.6809,-0.09083,-0.10485,-0.71912,-0.87,1.09,0.09,0.34575,-0.04395,-0.09335,-0.93264,-0.87,1.12,0.13,0.10057,-0.03828,-0.15659,-0.98178,-0.87,1.13,0.17,-0.37773,-0.12529,-0.15879,-0.90355,-0.86,1.11,0.19,-0.65589,-0.18989,-0.13677,-0.71766,-0.85,1.09,0.19,-0.65589,-0.18989,-0.13677,-0.71766,-0.88,1.08,0.09,0.29542,0.01505,-0.33117,-0.896,-0.89,1.11,0.13,0.19083,-0.02511,-0.23962,-0.9516,-0.89,1.12,0.16,-0.32004,-0.14062,-0.27075,-0.89694,-0.88,1.11,0.17,-0.60012,-0.26787,-0.21725,-0.72174,-0.87,1.09,0.18,-0.60012,-0.26787,-0.21725,-0.72174,-0.7,1.09,0.12,-0.33705,-0.16365,-0.12658,0.91847,-0.68,1.06,0.07,-0.33705,-0.16365,-0.12658,0.91847,-0.72,1.07,0.1,-0.42156,-0.21953,0.58626,0.65604,-0.75,1.08,0.12,-0.24555,-0.0636,0.54777,0.79725,-0.76,1.09,0.14,-0.15551,-0.0422,0.62563,0.7633,-0.77,1.09,0.17,-0.15551,-0.0422,0.62563,0.7633,-0.71,1.07,0.1,-0.33705,-0.16365,-0.12658,0.91847,-0.73,1.11,0.14,-0.05668,-0.21953,-0.00778,0.97393,-0.74,1.12,0.17,0.30481,-0.21145,0.04695,0.92746,-0.75,1.11,0.19,0.43665,-0.17558,0.06806,0.8797,-0.76,1.09,0.2,0.43665,-0.17558,0.06806,0.8797,-0.7,1.07,0.1,-0.33705,-0.16365,-0.12658,0.91847,-0.71,1.12,0.14,-0.04741,-0.18777,-0.08549,0.97734,-0.72,1.12,0.18,0.40536,-0.20791,-0.00314,0.89019,-0.73,1.1,0.2,0.64053,-0.18301,-0.01286,0.7457,-0.74,1.08,0.2,0.64053,-0.18301,-0.01286,0.7457,-0.68,1.07,0.11,-0.33705,-0.16365,-0.12658,0.91847,-0.69,1.11,0.15,-0.12224,-0.15272,-0.16657,0.96643,-0.7,1.12,0.18,0.4228,-0.23847,-0.09608,0.86899,-0.71,1.1,0.19,0.70453,-0.27327,-0.03601,0.65396,-0.72,1.08,0.19,0.70453,-0.27327,-0.03601,0.65396,-0.67,1.07,0.11,-0.25782,-0.10162,-0.357,0.89205,-0.67,1.09,0.15,-0.23474,-0.1028,-0.26699,0.929,-0.67,1.11,0.17,0.3696,-0.24878,-0.23388,0.86418,-0.69,1.1,0.19,0.67795,-0.36147,-0.12684,0.62741,-0.7,1.08,0.18,0.67795,-0.36147,-0.12684,0.62741,-0.81,1.08,0.19
-0.8,1.46,-0.16,-0.8,1.46,-0.16,-0.85,1.1,0.11,0.30149,-0.04239,-0.06089,-0.95058,-0.86,1.07,0.06,0.30149,-0.04239,-0.06089,-0.95058,-0.82,1.08,0.09,0.37423,-0.21783,0.58332,-0.6872,-0.8,1.09,0.11,0.14774,-0.02714,0.5495,-0.82188,-0.79,1.1,0.14,0.05117,-0.01323,0.62101,-0.78202,-0.79,1.1,0.17,0.05117,-0.01323,0.62101,-0.78202,-0.83,1.09,0.09,0.30149,-0.04239,-0.06089,-0.95058,-0.83,1.12,0.14,0.032,-0.0499,-0.00812,-0.99821,-0.82,1.12,0.17,-0.3236,-0.05275,-0.01586,-0.94459,-0.82,1.11,0.19,-0.48968,-0.02781,-0.01488,-0.87133,-0.82,1.09,0.2,-0.48968,-0.02781,-0.01488,-0.87133,-0.85,1.08,0.09,0.30149,-0.04239,-0.06089,-0.95058,-0.85,1.12,0.14,0.04879,-0.0388,-0.06695,-0.99581,-0.85,1.13,0.18,-0.28699,-0.05919,-0.06286,-0.95403,-0.84,1.11,0.2,-0.45802,-0.05914,-0.11097,-0.88001,-0.84,1.09,0.22,-0.45802,-0.05914,-0.11097,-0.88001,-0.87,1.08,0.09,0.30149,-0.04239,-0.06089,-0.95058,-0.87,1.11,0.13,0.14851,-0.01228,-0.12751,-0.98058,-0.87,1.13,0.17,-0.26186,-0.07975,-0.14985,-0.95006,-0.86,1.11,0.19,-0.493,-0.13912,-0.14777,-0.84602,-0.85,1.09,0.21,-0.493,-0.13912,-0.14777,-0.84602,-0.87,1.08,0.09,0.25713,0.02883,-0.29729,-0.91906,-0.88,1.1,0.13,0.2271,0.01055,-0.20449,-0.9521,-0.89,1.11,0.16,-0.22111,-0.07779,-0.26218,-0.93612,-0.88,1.11,0.18,-0.46364,-0.19287,-0.23808,-0.83136,-0.87,1.09,0.19,-0.46364,-0.19287,-0.23808,-0.83136,-0.7,1.09,0.12,-0.30754,-0.1668,-0.10184,0.93125,-0.68,1.06,0.07,-0.30754,-0.1668,-0.10184,0.93125,-0.72,1.07,0.1,-0.41081,-0.25713,0.58491,0.65039,-0.75,1.07,0.12,-0.23918,-0.10361,0.556,0.78925,-0.76,1.08,0.14,-0.16009,-0.08746,0.6358,0.74998,-0.77,1.09,0.17,-0.16009,-0.08746,0.6358,0.74998,-0.71,1.07,0.1,-0.30754,-0.1668,-0.10184,0.93125,-0.73,1.11,0.14,-0.12552,-0.19614,-0.02173,0.97227,-0.75,1.12,0.17,0.21295,-0.1971,0.0202,0.95676,-0.75,1.11,0.19,0.35343,-0.16598,0.03753,0.91985,-0.76,1.09,0.21,0.35343,-0.16598,0.03753,0.91985,-0.7,1.07,0.1,-0.30754,-0.1668,-0.10184,0.93125,-0.71,1.11,0.15,-0.06912,-0.17229,-0.07517,0.97974,-0.72,1.12,0.18,0.36706,-0.18966,-0.00513,0.91064,-0.73,1.1,0.2,0.5935,-0.1695,-0.02226,0.78647,-0.74,1.08,0.21,0.5935,-0.1695,-0.02226,0.78647,-0.68,1.07,0.11,-0.30754,-0.1668,-0.10184,0.93125,-0.69,1.1,0.15,-0.12465,-0.14057,-0.14734,0.97108,-0.7,1.11,0.18,0.40354,-0.21629,-0.09099,0.88436,-0.71,1.09,0.2,0.67891,-0.2518,-0.04248,0.68839,-0.72,1.07,0.2,0.67891,-0.2518,-0.04248,0.68839,-0.67,1.07,0.11,-0.23183,-0.09631,-0.33149,0.90944,-0.68,1.09,0.15,-0.23665,-0.09321,-0.24164,0.93644,-0.68,1.1,0.18,0.3594,-0.22345,-0.22227,0.87835,-0.69,1.09,0.19,0.66573,-0.3329,-0.13029,0.65498,-0.7,1.08,0.19,0.66573,-0.3329,-0.13029,0.65498,-0.81,1.08,0.19
-0.8,1.46,-0.16,-0.8,1.46,-0.16,-0.84,1.1,0.11,0.25354,-0.06566,-0.04178,-0.96419,-0.85,1.07,0.05,0.25354,-0.06566,-0.04178,-0.96419,-0.82,1.08,0.09,0.36869,-0.26675,0.56336,-0.68959,-0.79,1.08,0.1,0.13189,-0.0756,0.54665,-0.82345,-0.78,1.09,0.14,0.02888,-0.05463,0.6214,-0.78105,-0.78,1.09,0.16,0.02888,-0.05463,0.6214,-0.78105,-0.83,1.08,0.09,0.25354,-0.06566,-0.04178,-0.96419,-0.82,1.11,0.14,0.06613,-0.06696,0.00718,-0.99554,-0.82,1.12,0.17,-0.21249,-0.0643,-0.00078,-0.97504,-0.81,1.11,0.19,-0.34215,-0.03719,-0.00369,-0.9389,-0.81,1.09,0.21,-0.34215,-0.03719,-0.00369,-0.9389,-0.85,1.08,0.09,0.25354,-0.06566,-0.04178,-0.96419,-0.84,1.12,0.14,-0.00108,-0.05111,-0.04391,-0.99773,-0.84,1.12,0.18,-0.36242,-0.06351,-0.03523,-0.92918,-0.83,1.1,0.2,-0.53419,-0.05382,-0.08232,-0.83962,-0.83,1.08,0.21,-0.53419,-0.05382,-0.08232,-0.83962,-0.86,1.08,0.09,0.25354,-0.06566,-0.04178,-0.96419,-0.86,1.11,0.14,0.08052,-0.02477,-0.1047,-0.99093,-0.86,1.11,0.17,-0.38378,-0.08608,-0.12143,-0.91135,-0.85,1.1,0.19,-0.62155,-0.13667,-0.11971,-0.76201,-0.85,1.08,0.2,-0.62155,-0.13667,-0.11971,-0.76201,-0.87,1.08,0.09,0.20833,0.0185,-0.27444,-0.93858,-0.88,1.1,0.13,0.17634,0.00552,-0.18345,-0.96707,-0.88,1.11,0.16,-0.32094,-0.08071,-0.23947,-0.91276,-0.88,1.1,0.18,-0.58123,-0.19507,-0.21471,-0.76027,-0.86,1.08,0.18,-0.58123,-0.19507,-0.21471,-0.76027,-0.71,1.09,0.13,-0.28246,-0.17206,-0.07179,0.94099,-0.69,1.06,0.07,-0.28246,-0.17206,-0.07179,0.94099,-0.73,1.06,0.1,-0.39936,-0.28456,0.58968,0.64173,-0.75,1.07,0.12,-0.23398,-0.13261,0.56738,0.7783,-0.77,1.08,0.14,-0.16305,-0.12007,0.64755,0.73463,-0.78,1.08,0.17,-0.16305,-0.12007,0.64755,0.73463,-0.72,1.07,0.1,-0.28246,-0.17206,-0.07179,0.94099,-0.74,1.1,0.14,-0.17489,-0.18648,-0.01363,0.96667,-0.75,1.12,0.18,0.10714,-0.18768,0.0137,0.97627,-0.76,1.11,0.2,0.23263,-0.15936,0.02334,0.95914,-0.76,1.1,0.22,0.23263,-0.15936,0.02334,0.95914,-0.7,1.07,0.1,-0.28246,-0.17206,-0.07179,0.94099,-0.71,1.11,0.15,-0.10957,-0.15741,-0.06026,0.97958,-0.73,1.12,0.19,0.31773,-0.17032,-0.00045,0.93276,-0.74,1.1,0.21,0.54578,-0.15331,-0.02389,0.82344,-0.74,1.08,0.22,0.54578,-0.15331,-0.02389,0.82344,-0.68,1.07,0.11,-0.28246,-0.17206,-0.07179,0.94099,-0.7,1.1,0.15,-0.15845,-0.12728,-0.12603,0.97099,-0.7,1.11,0.19,0.38236,-0.19588,-0.07771,0.89966,-0.72,1.1,0.2,0.66464,-0.22898,-0.03641,0.71028,-0.72,1.07,0.2,0.66464,-0.22898,-0.03641,0.71028,-0.68,1.07,0.11,-0.2105,-0.09429,-0.30081,0.92537,-0.68,1.09,0.15,-0.25822,-0.08502,-0.2116,0.93879,-0.68,1.1,0.18,0.3538,-0.20359,-0.20098,0.89049,-0.69,1.09,0.19,0.67539,-0.30795,-0.11463,0.66021,-0.7,1.07,0.19,0.67539,-0.30795,-0.11463,0.66021,-0.81,1.08,0.19
-0.8,1.46,-0.16,-0.8,1.46,-0.16,-0.84,1.1,0.11,0.2618,-0.06455,-0.04898,-0.96171,-0.85,1.07,0.05,0.2618,-0.06455,-0.04898,-0.96171,-0.82,1.08,0.08,0.38834,-0.25442,0.54904,-0.695,-0.79,1.09,0.1,0.15015,-0.07047,0.52785,-0.83299,-0.78,1.09,0.13,0.03659,-0.04286,0.60374,-0.79519,-0.78,1.1,0.16,0.03659,-0.04286,0.60374,-0.79519,-0.83,1.09,0.09,0.2618,-0.06455,-0.04898,-0.96171,-0.82,1.12,0.13,0.08343,-0.06957,8e-05,-0.99408,-0.82,1.12,0.17,-0.15927,-0.0689,-0.00947,-0.98478,-0.81,1.12,0.19,-0.26957,-0.04314,-0.01453,-0.96191,-0.81,1.11,0.21,-0.26957,-0.04314,-0.01453,-0.96191,-0.85,1.08,0.09,0.2618,-0.06455,-0.04898,-0.96171,-0.84,1.12,0.14,0.00554,-0.04971,-0.0525,-0.99737,-0.84,1.12,0.18,-0.39462,-0.06714,-0.04106,-0.91547,-0.84,1.1,0.2,-0.60235,-0.05786,-0.08777,-0.79128,-0.83,1.08,0.2,-0.60235,-0.05786,-0.08777,-0.79128,-0.87,1.09,0.09,0.2618,-0.06455,-0.04898,-0.96171,-0.86,1.11,0.13,0.07827,-0.02249,-0.1137,-0.99017,-0.86,1.12,0.17,-0.4347,-0.09465,-0.12654,-0.88661,-0.85,1.1,0.19,-0.70733,-0.14889,-0.11754,-0.68096,-0.85,1.08,0.19,-0.70733,-0.14889,-0.11754,-0.68096,-0.87,1.08,0.09,0.21558,0.01738,-0.28208,-0.93469,-0.88,1.1,0.13,0.17059,0.00529,-0.19266,-0.96631,-0.88,1.11,0.16,-0.37498,-0.09751,-0.24444,-0.8889,-0.87,1.1,0.17,-0.67633,-0.22475,-0.20302,-0.67145,-0.86,1.08,0.17,-0.67633,-0.22475,-0.20302,-0.67145,-0.71,1.09,0.12,-0.28398,-0.17428,-0.06618,0.94053,-0.69,1.06,0.07,-0.28398,-0.17428,-0.06618,0.94053,-0.73,1.07,0.1,-0.40056,-0.28395,0.59333,0.63788,-0.75,1.07,0.11,-0.23861,-0.13317,0.57045,0.77455,-0.77,1.08,0.14,-0.16694,-0.11916,0.65065,0.73115,-0.78,1.08,0.16,-0.16694,-0.11916,0.65065,0.73115,-0.72,1.07,0.1,-0.28398,-0.17428,-0.06618,0.94053,-0.74,1.11,0.14,-0.15043,-0.18689,-0.00233,0.97079,-0.75,1.12,0.17,0.13438,-0.18421,0.02504,0.97334,-0.76,1.11,0.19,0.25435,-0.15424,0.034,0.95413,-0.76,1.1,0.21,0.25435,-0.15424,0.034,0.95413,-0.7,1.07,0.1,-0.28398,-0.17428,-0.06618,0.94053,-0.72,1.11,0.15,-0.12149,-0.15021,-0.05962,0.97935,-0.73,1.12,0.18,0.3588,-0.16355,0.00615,0.91895,-0.74,1.1,0.2,0.61348,-0.14068,-0.0161,0.77692,-0.74,1.08,0.21,0.61348,-0.14068,-0.0161,0.77692,-0.68,1.07,0.11,-0.28398,-0.17428,-0.06618,0.94053,-0.7,1.1,0.15,-0.17791,-0.12142,-0.12464,0.96854,-0.7,1.12,0.18,0.42299,-0.19518,-0.06795,0.88225,-0.71,1.1,0.2,0.72347,-0.22259,-0.02169,0.65313,-0.72,1.08,0.2,0.72347,-0.22259,-0.02169,0.65313,-0.68,1.07,0.11,-0.21231,-0.09672,-0.29545,0.92643,-0.68,1.09,0.15,-0.26513,-0.08554,-0.20658,0.93793,-0.68,1.11,0.18,0.38601,-0.20919,-0.18957,0.87824,-0.69,1.09,0.19,0.72643,-0.31061,-0.09184,0.60612,-0.7,1.08,0.18,0.72643,-0.31061,-0.09184,0.60612,-0.81,1.08,0.19
-0.8,1.46,-0.16,-0.8,1.46,-0.16,-0.85,1.1,0.11,0.27242,-0.06107,-0.05685,-0.95855,-0.85,1.07,0.05,0.27242,-0.06107,-0.05685,-0.95855,-0.82,1.08,0.08,0.40808,-0.23369,0.53552,-0.70148,-0.8,1.09,0.1,0.16947,-0.05744,0.50702,-0.84316,-0.79,1.1,0.13,0.05134,-0.02887,0.58335,-0.81008,-0.78,1.1,0.16,0.05134,-0.02887,0.58335,-0.81008,-0.83,1.09,0.09,0.27242,-0.06107,-0.05685,-0.95855,-0.82,1.12,0.13,0.06681,-0.07967,0.00021,-0.99458,-0.82,1.12,0.17,-0.17566,-0.07823,-0.00694,-0.98131,-0.81,1.12,0.19,-0.28502,-0.05193,-0.01056,-0.95706,-0.81,1.1,0.21,-0.28502,-0.05193,-0.01056,-0.95706,-0.85,1.09,0.09,0.27242,-0.06107,-0.05685,-0.95855,-0.84,1.12,0.13,0.04166,-0.04707,-0.06259,-0.99606,-0.84,1.13,0.18,-0.33842,-0.06798,-0.05293,-0.93704,-0.84,1.11,0.2,-0.54984,-0.0652,-0.0999,-0.82671,-0.83,1.09,0.21,-0.54984,-0.0652,-0.0999,-0.82671,-0.87,1.09,0.09,0.27242,-0.06107,-0.05685,-0.95855,-0.86,1.11,0.13,0.1032,-0.01888,-0.12326,-0.98681,-0.86,1.12,0.17,-0.40444,-0.09642,-0.13669,-0.89914,-0.86,1.1,0.19,-0.68525,-0.15521,-0.12551,-0.70042,-0.85,1.08,0.19,-0.68525,-0.15521,-0.12551,-0.70042,-0.87,1.08,0.09,0.22554,0.01797,-0.2906,-0.92971,-0.88,1.1,0.13,0.17844,0.00187,-0.20053,-0.9633,-0.88,1.11,0.16,-0.36189,-0.10389,-0.24949,-0.89219,-0.88,1.1,0.17,-0.67122,-0.23419,-0.20288,-0.6734,-0.86,1.08,0.17,-0.67122,-0.23419,-0.20288,-0.6734,-0.71,1.09,0.12,-0.27067,-0.17191,-0.04851,0.94595,-0.69,1.06,0.07,-0.27067,-0.17191,-0.04851,0.94595,-0.73,1.06,0.1,-0.38907,-0.28866,0.60055,0.63612,-0.75,1.07,0.11,-0.22855,-0.13565,0.57909,0.77073,-0.77,1.08,0.14,-0.15087,-0.11636,0.65901,0.7276,-0.78,1.08,0.16,-0.15087,-0.11636,0.65901,0.7276,-0.72,1.07,0.1,-0.27067,-0.17191,-0.04851,0.94595,-0.74,1.1,0.14,-0.01875,-0.18985,0.04637,0.98054,-0.75,1.1,0.18,0.31546,-0.16564,0.08167,0.93079,-0.76,1.09,0.19,0.4459,-0.12506,0.09603,0.88109,-0.76,1.07,0.21,0.4459,-0.12506,0.09603,0.88109,-0.7,1.07,0.1,-0.27067,-0.17191,-0.04851,0.94595,-0.72,1.11,0.15,-0.11905,-0.14,-0.04552,0.98191,-0.73,1.12,0.19,0.43133,-0.14632,0.02481,0.88991,-0.73,1.1,0.2,0.71777,-0.10945,0.00066,0.68763,-0.74,1.07,0.2,0.71777,-0.10945,0.00066,0.68763,-0.68,1.07,0.11,-0.27067,-0.17191,-0.04851,0.94595,-0.7,1.1,0.15,-0.1987,-0.10893,-0.11186,0.96754,-0.7,1.12,0.18,0.45911,-0.1815,-0.0547,0.86792,-0.71,1.1,0.2,0.78094,-0.20156,-0.00793,0.59114,-0.72,1.07,0.19,0.78094,-0.20156,-0.00793,0.59114,-0.68,1.07,0.11,-0.2023,-0.09059,-0.27764,0.93476,-0.68,1.09,0.15,-0.26499,-0.07711,-0.18875,0.94245,-0.68,1.11,0.18,0.3995,-0.19358,-0.17935,0.87793,-0.69,1.09,0.19,0.76049,-0.29397,-0.08061,0.57335,-0.7,1.08,0.18,0.76049,-0.29397,-0.08061,0.57335,-0.81,1.08,0.19
-0.8,1.46,-0.16,-0.8,1.46,-0.16,-0.85,1.1,0.11,0.28842,-0.06211,-0.05919,-0.95365,-0.86,1.07,0.05,0.28842,-0.06211,-0.05919,-0.95365,-0.82,1.08,0.08,0.42381,-0.21975,0.53404,-0.69778,-0.8,1.09,0.1,0.18632,-0.04598,0.50094,-0.84394,-0.79,1.1,0.13,0.06571,-0.0158,0.57685,-0.81405,-0.78,1.11,0.16,0.06571,-0.0158,0.57685,-0.81405,-0.83,1.09,0.08,0.28842,-0.06211,-0.05919,-0.95365,-0.82,1.12,0.13,0.03569,-0.08961,0.00879,-0.9953,-0.82,1.12,0.17,-0.21538,-0.08497,0.00459,-0.97282,-0.81,1.11,0.19,-0.32735,-0.05689,0.00307,-0.94318,-0.81,1.1,0.21,-0.32735,-0.05689,0.00307,-0.94318,-0.85,1.09,0.08,0.28842,-0.06211,-0.05919,-0.95365,-0.85,1.12,0.13,0.07387,-0.04924,-0.06526,-0.99391,-0.84,1.13,0.17,-0.28089,-0.06985,-0.05649,-0.95553,-0.84,1.12,0.2,-0.48224,-0.07073,-0.10334,-0.86704,-0.83,1.1,0.21,-0.48224,-0.07073,-0.10334,-0.86704,-0.87,1.09,0.09,0.28842,-0.06211,-0.05919,-0.95365,-0.86,1.11,0.13,0.13814,-0.02084,-0.12611,-0.98213,-0.86,1.13,0.17,-0.35114,-0.09799,-0.13926,-0.92071,-0.86,1.11,0.19,-0.63499,-0.1585,-0.1273,-0.74529,-0.85,1.09,0.19,-0.63499,-0.1585,-0.1273,-0.74529,-0.87,1.08,0.09,0.24057,0.01292,-0.29408,-0.92492,-0.88,1.1,0.13,0.19795,-0.00847,-0.20162,-0.95922,-0.88,1.11,0.16,-0.32746,-0.11059,-0.24624,-0.90549,-0.88,1.1,0.17,-0.63959,-0.23834,-0.19723,-0.70372,-0.86,1.09,0.18,-0.63959,-0.23834,-0.19723,-0.70372,-0.71,1.09,0.12,-0.26344,-0.15853,-0.04445,0.95052,-0.69,1.06,0.07,-0.26344,-0.15853,-0.04445,0.95052,-0.73,1.07,0.1,-0.38296,-0.28119,0.5977,0.64578,-0.75,1.07,0.12,-0.22287,-0.12974,0.57357,0.77751,-0.77,1.08,0.14,-0.14257,-0.11,0.65347,0.73522,-0.78,1.08,0.17,-0.14257,-0.11,0.65347,0.73522,-0.72,1.07,0.1,-0.26344,-0.15853,-0.04445,0.95052,-0.74,1.1,0.14,0.01653,-0.19395,0.0634,0.97882,-0.75,1.1,0.18,0.36022,-0.16158,0.1012,0.91318,-0.76,1.09,0.19,0.4997,-0.11633,0.11811,0.85019,-0.76,1.07,0.2,0.4997,-0.11633,0.11811,0.85019,-0.7,1.07,0.1,-0.26344,-0.15853,-0.04445,0.95052,-0.71,1.11,0.15,-0.12774,-0.12494,-0.04555,0.98285,-0.72,1.12,0.19,0.42236,-0.1338,0.01638,0.89635,-0.73,1.1,0.2,0.71474,-0.10099,-0.01164,0.69196,-0.73,1.07,0.2,0.71474,-0.10099,-0.01164,0.69196,-0.68,1.07,0.11,-0.26344,-0.15853,-0.04445,0.95052,-0.7,1.1,0.15,-0.22872,-0.08808,-0.11268,0.96293,-0.7,1.12,0.18,0.43049,-0.16693,-0.06799,0.88442,-0.71,1.1,0.2,0.76412,-0.19485,-0.02492,0.61444,-0.72,1.08,0.19,0.76412,-0.19485,-0.02492,0.61444,-0.68,1.07,0.11,-0.19855,-0.07542,-0.2739,0.93801,-0.68,1.09,0.15,-0.28741,-0.05268,-0.1849,0.93831,-0.68,1.11,0.18,0.36677,-0.17219,-0.19323,0.89359,-0.69,1.09,0.19,0.74192,-0.28273,-0.10018,0.59965,-0.7,1.08,0.18,0.74192,-0.28273,-0.10018,0.59965,-0.81,1.08,0.19
-0.8,1.46,-0.16,-0.8,1.46,-0.16,-0.85,1.1,0.11,0.2959,-0.05947,-0.05944,-0.95151,-0.86,1.07,0.05,0.2959,-0.05947,-0.05944,-0.95151,-0.82,1.08,0.08,0.42688,-0.21346,0.53684,-0.69571,-0.8,1.09,0.1,0.18583,-0.03664,0.50219,-0.84376,-0.79,1.1,0.13,0.06509,-0.0069,0.57703,-0.8141,-0.79,1.11,0.16,0.06509,-0.0069,0.57703,-0.8141,-0.83,1.09,0.08,0.2959,-0.05947,-0.05944,-0.95151,-0.82,1.12,0.13,0.04269,-0.10232,0.0169,-0.99369,-0.82,1.12,0.17,-0.21691,-0.09531,0.01649,-0.97139,-0.81,1.11,0.19,-0.33697,-0.06571,0.0169,-0.93907,-0.81,1.1,0.21,-0.33697,-0.06571,0.0169,-0.93907,-0.85,1.09,0.08,0.2959,-0.05947,-0.05944,-0.95151,-0.85,1.12,0.13,0.15701,-0.04252,-0.06972,-0.98422,-0.84,1.14,0.17,-0.19088,-0.06563,-0.06349,-0.97736,-0.84,1.13,0.2,-0.38053,-0.07257,-0.11135,-0.91517,-0.83,1.11,0.22,-0.38053,-0.07257,-0.11135,-0.91517,-0.87,1.09,0.09,0.2959,-0.05947,-0.05944,-0.95151,-0.87,1.12,0.13,0.22184,-0.0119,-0.12796,-0.96658,-0.87,1.13,0.17,-0.24003,-0.08995,-0.14564,-0.95555,-0.86,1.12,0.19,-0.51441,-0.15321,-0.13642,-0.83265,-0.85,1.1,0.2,-0.51441,-0.15321,-0.13642,-0.83265,-0.87,1.08,0.09,0.24837,0.01362,-0.29498,-0.92256,-0.88,1.1,0.13,0.2442,-0.00211,-0.19993,-0.94889,-0.88,1.12,0.16,-0.23728,-0.09664,-0.25092,-0.93349,-0.88,1.11,0.17,-0.53975,-0.22208,-0.20942,-0.78453,-0.87,1.09,0.18,-0.53975,-0.22208,-0.20942,-0.78453,-0.71,1.09,0.12,-0.27147,-0.14479,-0.06351,0.94937,-0.69,1.06,0.07,-0.27147,-0.14479,-0.06351,0.94937,-0.73,1.07,0.1,-0.40123,-0.25265,0.57492,0.66682,-0.75,1.08,0.12,-0.23836,-0.10916,0.54184,0.79855,-0.77,1.08,0.14,-0.15954,-0.0943,0.62285,0.76007,-0.77,1.09,0.17,-0.15954,-0.0943,0.62285,0.76007,-0.72,1.07,0.1,-0.27147,-0.14479,-0.06351,0.94937,-0.73,1.11,0.14,0.02204,-0.20072,0.05413,0.9779,-0.75,1.11,0.18,0.36365,-0.17116,0.09457,0.91078,-0.75,1.09,0.19,0.50525,-0.12655,0.11358,0.84605,-0.76,1.07,0.2,0.50525,-0.12655,0.11358,0.84605,-0.7,1.07,0.1,-0.27147,-0.14479,-0.06351,0.94937,-0.71,1.11,0.15,-0.12967,-0.11779,-0.06459,0.98241,-0.72,1.12,0.19,0.41091,-0.13801,-0.00494,0.90116,-0.73,1.1,0.2,0.70166,-0.11343,-0.03057,0.70277,-0.73,1.08,0.2,0.70166,-0.11343,-0.03057,0.70277,-0.68,1.08,0.11,-0.27147,-0.14479,-0.06351,0.94937,-0.69,1.1,0.15,-0.23188,-0.07714,-0.13193,0.96066,-0.7,1.12,0.18,0.41873,-0.17001,-0.09085,0.88742,-0.71,1.1,0.2,0.75034,-0.2077,-0.04504,0.62596,-0.71,1.08,0.19,0.75034,-0.2077,-0.04504,0.62596,-0.68,1.07,0.11,-0.20652,-0.06429,-0.29348,0.93117,-0.68,1.09,0.15,-0.29918,-0.038,-0.20385,0.93139,-0.67,1.11,0.17,0.33099,-0.16887,-0.2197,0.90203,-0.68,1.1,0.19,0.7079,-0.29201,-0.12573,0.63072,-0.7,1.08,0.19,0.7079,-0.29201,-0.12573,0.63072,-0.81,1.08,0.19
-0.8,1.46,-0.16,-0.8,1.46,-0.16,-0.85,1.1,0.11,0.28707,-0.06303,-0.07026,-0.95325,-0.86,1.07,0.05,0.28707,-0.06303,-0.07026,-0.95325,-0.82,1.08,0.08,0.42679,-0.22047,0.52484,-0.7027,-0.8,1.09,0.1,0.17262,-0.04091,0.49373,-0.85133,-0.79,1.1,0.13,0.05296,-0.01423,0.56915,-0.82041,-0.79,1.1,0.16,0.05296,-0.01423,0.56915,-0.82041,-0.83,1.09,0.08,0.28707,-0.06303,-0.07026,-0.95325,-0.82,1.12,0.13,0.04642,-0.12836,0.01587,-0.99051,-0.81,1.12,0.17,-0.21359,-0.12082,0.02232,-0.96917,-0.81,1.11,0.19,-0.34069,-0.09024,0.02663,-0.93545,-0.81,1.1,0.21,-0.34069,-0.09024,0.02663,-0.93545,-0.85,1.08,0.08,0.28707,-0.06303,-0.07026,-0.95325,-0.85,1.12,0.13,0.21852,-0.04158,-0.08329,-0.97138,-0.84,1.14,0.17,-0.1495,-0.07179,-0.07495,-0.9833,-0.84,1.13,0.2,-0.35544,-0.08474,-0.1215,-0.92289,-0.83,1.12,0.22,-0.35544,-0.08474,-0.1215,-0.92289,-0.87,1.08,0.09,0.28707,-0.06303,-0.07026,-0.95325,-0.86,1.11,0.13,0.28743,-0.0058,-0.13917,-0.94762,-0.87,1.13,0.16,-0.18486,-0.094,-0.15587,-0.96576,-0.86,1.12,0.19,-0.46925,-0.16205,-0.14302,-0.85621,-0.85,1.11,0.2,-0.46925,-0.16205,-0.14302,-0.85621,-0.87,1.08,0.09,0.23753,0.01205,-0.3045,-0.92234,-0.88,1.1,0.13,0.28662,0.01174,-0.20792,-0.93514,-0.89,1.12,0.16,-0.17906,-0.08803,-0.26491,-0.9434,-0.88,1.11,0.17,-0.48673,-0.21895,-0.22318,-0.81569,-0.87,1.09,0.18,-0.48673,-0.21895,-0.22318,-0.81569,-0.7,1.1,0.12,-0.3187,-0.15047,-0.09732,0.93076,-0.69,1.06,0.07,-0.3187,-0.15047,-0.09732,0.93076,-0.73,1.07,0.1,-0.44375,-0.21058,0.55997,0.66722,-0.75,1.09,0.11,-0.28042,-0.07432,0.51563,0.80621,-0.76,1.1,0.14,-0.20151,-0.06019,0.59729,0.77396,-0.77,1.1,0.16,-0.20151,-0.06019,0.59729,0.77396,-0.72,1.08,0.1,-0.3187,-0.15047,-0.09732,0.93076,-0.73,1.12,0.14,-0.02785,-0.2127,0.02655,0.97636,-0.75,1.12,0.17,0.31701,-0.19318,0.07308,0.92566,-0.75,1.11,0.19,0.45612,-0.15279,0.09331,0.87173,-0.76,1.09,0.2,0.45612,-0.15279,0.09331,0.87173,-0.7,1.08,0.1,-0.3187,-0.15047,-0.09732,0.93076,-0.71,1.12,0.14,-0.1157,-0.13958,-0.08789,0.97949,-0.72,1.13,0.18,0.41505,-0.16854,-0.01438,0.89394,-0.73,1.11,0.2,0.69769,-0.14526,-0.02938,0.7009,-0.73,1.09,0.2,0.69769,-0.14526,-0.02938,0.7009,-0.68,1.08,0.1,-0.3187,-0.15047,-0.09732,0.93076,-0.69,1.11,0.14,-0.18602,-0.1064,-0.15736,0.96401,-0.7,1.13,0.18,0.45398,-0.20652,-0.09418,0.86162,-0.71,1.11,0.19,0.76965,-0.24081,-0.03422,0.59033,-0.72,1.08,0.19,0.76965,-0.24081,-0.03422,0.59033,-0.68,1.07,0.11,-0.24666,-0.0828,-0.32888,0.90782,-0.68,1.1,0.15,-0.28727,-0.0645,-0.24102,0.92478,-0.67,1.11,0.17,0.34411,-0.21262,-0.23149,0.88475,-0.69,1.1,0.18,0.70595,-0.33474,-0.11834,0.61284,-0.7,1.09,0.18,0.70595,-0.33474,-0.11834,0.61284,-0.81,1.08,0.19
-0.8,1.46,-0.16,-0.8,1.46,-0.16,-0.85,1.1,0.11,0.23753,-0.07033,-0.08172,-0.96538,-0.85,1.07,0.05,0.23753,-0.07033,-0.08172,-0.96538,-0.82,1.08,0.08,0.40268,-0.25131,0.49934,-0.72481,-0.79,1.09,0.1,0.13661,-0.07403,0.47951,-0.86367,-0.79,1.09,0.13,0.01791,-0.05115,0.55794,-0.82811,-0.78,1.09,0.15,0.01791,-0.05115,0.55794,-0.82811,-0.83,1.08,0.08,0.23753,-0.07033,-0.08172,-0.96538,-0.82,1.11,0.13,0.00513,-0.15182,0.00732,-0.98837,-0.81,1.11,0.17,-0.25288,-0.14461,0.02007,-0.95642,-0.8,1.1,0.19,-0.3856,-0.11358,0.02973,-0.91517,-0.8,1.08,0.21,-0.3856,-0.11358,0.02973,-0.91517,-0.85,1.08,0.08,0.23753,-0.07033,-0.08172,-0.96538,-0.84,1.11,0.14,0.19441,-0.0461,-0.09432,-0.97529,-0.84,1.13,0.17,-0.19167,-0.08124,-0.08218,-0.97463,-0.84,1.12,0.2,-0.41773,-0.09487,-0.12624,-0.89474,-0.83,1.1,0.22,-0.41773,-0.09487,-0.12624,-0.89474,-0.86,1.08,0.09,0.23753,-0.07033,-0.08172,-0.96538,-0.86,1.1,0.14,0.28156,-0.00278,-0.14827,-0.94802,-0.87,1.12,0.17,-0.20566,-0.09793,-0.16419,-0.95977,-0.86,1.11,0.19,-0.49728,-0.16912,-0.14897,-0.83781,-0.85,1.1,0.2,-0.49728,-0.16912,-0.14897,-0.83781,-0.87,1.07,0.09,0.18623,0.01673,-0.31102,-0.93183,-0.88,1.09,0.13,0.2745,0.0279,-0.21327,-0.93722,-0.88,1.1,0.16,-0.18917,-0.07511,-0.27701,-0.93906,-0.88,1.1,0.18,-0.50195,-0.21301,-0.23783,-0.80381,-0.87,1.08,0.19,-0.50195,-0.21301,-0.23783,-0.80381,-0.7,1.1,0.11,-0.36756,-0.17216,-0.10992,0.90729,-0.68,1.06,0.07,-0.36756,-0.17216,-0.10992,0.90729,-0.72,1.08,0.09,-0.46999,-0.17754,0.57624,0.64462,-0.75,1.09,0.11,-0.31137,-0.03948,0.52448,0.79146,-0.76,1.1,0.13,-0.22564,-0.0184,0.60396,0.76419,-0.77,1.11,0.15,-0.22564,-0.0184,0.60396,0.76419,-0.71,1.08,0.09,-0.36756,-0.17216,-0.10992,0.90729,-0.73,1.12,0.13,-0.08153,-0.2176,0.01112,0.97256,-0.75,1.13,0.16,0.30571,-0.20173,0.06936,0.92792,-0.75,1.12,0.18,0.44731,-0.16178,0.09101,0.87491,-0.76,1.1,0.19,0.44731,-0.16178,0.09101,0.87491,-0.7,1.08,0.09,-0.36756,-0.17216,-0.10992,0.90729,-0.71,1.13,0.13,-0.07647,-0.17533,-0.07911,0.97834,-0.72,1.13,0.17,0.45441,-0.19382,0.01306,0.86935,-0.73,1.11,0.18,0.72939,-0.1567,0.00611,0.66588,-0.74,1.09,0.18,0.72939,-0.1567,0.00611,0.66588,-0.68,1.08,0.1,-0.36756,-0.17216,-0.10992,0.90729,-0.69,1.12,0.14,-0.12785,-0.15601,-0.15012,0.96787,-0.7,1.13,0.17,0.50595,-0.23861,-0.05849,0.82684,-0.71,1.11,0.18,0.80721,-0.2528,0.01185,0.53325,-0.72,1.09,0.17,0.80721,-0.2528,0.01185,0.53325,-0.67,1.08,0.1,-0.28813,-0.11744,-0.34268,0.88643,-0.68,1.1,0.14,-0.25744,-0.11828,-0.25135,0.9255,-0.68,1.12,0.17,0.41258,-0.26725,-0.19638,0.84841,-0.69,1.11,0.18,0.75357,-0.36538,-0.06328,0.5428,-0.7,1.09,0.17,0.75357,-0.36538,-0.06328,0.5428,-0.81,1.08,0.19
-0.8,1.46,-0.16,-0.8,1.46,-0.16,-0.85,1.1,0.11,0.24708,-0.06546,-0.12204,-0.95905,-0.85,1.07,0.06,0.24708,-0.06546,-0.12204,-0.95905,-0.82,1.08,0.08,0.42106,-0.22999,0.46843,-0.74188,-0.8,1.09,0.1,0.14842,-0.06494,0.44138,-0.88258,-0.79,1.1,0.13,0.02436,-0.04395,0.52115,-0.85198,-0.79,1.1,0.16,0.02436,-0.04395,0.52115,-0.85198,-0.83,1.08,0.09,0.24708,-0.06546,-0.12204,-0.95905,-0.82,1.11,0.14,0.01956,-0.1558,-0.03254,-0.98706,-0.81,1.12,0.17,-0.25451,-0.15935,-0.01472,-0.95374,-0.81,1.1,0.19,-0.40119,-0.1332,-0.00034,-0.90626,-0.8,1.09,0.21,-0.40119,-0.1332,-0.00034,-0.90626,-0.85,1.08,0.09,0.24708,-0.06546,-0.12204,-0.95905,-0.85,1.11,0.14,0.1835,-0.04438,-0.13443,-0.97277,-0.84,1.13,0.18,-0.27233,-0.1034,-0.11265,-0.94998,-0.84,1.11,0.2,-0.54448,-0.12414,-0.1473,-0.81636,-0.83,1.09,0.21,-0.54448,-0.12414,-0.1473,-0.81636,-0.87,1.08,0.09,0.24708,-0.06546,-0.12204,-0.95905,-0.86,1.1,0.14,0.26938,6e-05,-0.18844,-0.94442,-0.87,1.12,0.17,-0.28266,-0.1281,-0.19348,-0.93073,-0.86,1.11,0.19,-0.60653,-0.2117,-0.16006,-0.74946,-0.85,1.09,0.2,-0.60653,-0.2117,-0.16006,-0.74946,-0.87,1.07,0.09,0.19094,0.01784,-0.35017,-0.91684,-0.88,1.09,0.13,0.26682,0.02564,-0.25387,-0.92936,-0.88,1.1,0.16,-0.22644,-0.10607,-0.30906,-0.91758,-0.88,1.1,0.18,-0.57317,-0.26605,-0.2448,-0.73537,-0.86,1.08,0.18,-0.57317,-0.26605,-0.2448,-0.73537,-0.7,1.1,0.11,-0.37268,-0.1861,-0.09542,0.90409,-0.68,1.06,0.07,-0.37268,-0.1861,-0.09542,0.90409,-0.72,1.07,0.09,-0.45328,-0.18634,0.60864,0.62399,-0.75,1.08,0.11,-0.2936,-0.03415,0.56124,0.77307,-0.76,1.09,0.14,-0.19266,0.00106,0.63652,0.74681,-0.77,1.1,0.16,-0.19266,0.00106,0.63652,0.74681,-0.71,1.08,0.09,-0.37268,-0.1861,-0.09542,0.90409,-0.73,1.12,0.12,-0.04888,-0.21688,0.03273,0.97442,-0.75,1.12,0.16,0.35638,-0.18993,0.09303,0.91009,-0.75,1.11,0.17,0.49686,-0.14565,0.11462,0.84781,-0.76,1.09,0.18,0.49686,-0.14565,0.11462,0.84781,-0.7,1.08,0.09,-0.37268,-0.1861,-0.09542,0.90409,-0.71,1.12,0.13,-0.07816,-0.18876,-0.0573,0.97723,-0.73,1.13,0.17,0.44661,-0.19397,0.03736,0.87265,-0.73,1.11,0.18,0.71725,-0.15032,0.02813,0.67982,-0.74,1.08,0.18,0.71725,-0.15032,0.02813,0.67982,-0.68,1.08,0.1,-0.37268,-0.1861,-0.09542,0.90409,-0.69,1.11,0.14,-0.14199,-0.1695,-0.13201,0.96627,-0.7,1.13,0.17,0.48411,-0.23812,-0.0384,0.84111,-0.71,1.11,0.18,0.7921,-0.24522,0.02958,0.55819,-0.72,1.08,0.17,0.7921,-0.24522,0.02958,0.55819,-0.67,1.07,0.1,-0.29229,-0.13217,-0.32845,0.88838,-0.68,1.1,0.14,-0.25917,-0.1361,-0.23467,0.92695,-0.68,1.12,0.16,0.41466,-0.27037,-0.17208,0.85167,-0.69,1.11,0.18,0.75687,-0.35683,-0.04113,0.546,-0.7,1.09,0.17,0.75687,-0.35683,-0.04113,0.546,-0.81,1.08,0.19
-0.8,1.46,-0.16,-0.8,1.46,-0.16,-0.85,1.1,0.11,0.24749,-0.06478,-0.13004,-0.95794,-0.86,1.07,0.06,0.24749,-0.06478,-0.13004,-0.95794,-0.82,1.08,0.09,0.42448,-0.22247,0.46101,-0.74686,-0.8,1.09,0.1,0.14783,-0.0592,0.43172,-0.88784,-0.79,1.1,0.13,0.00997,-0.03193,0.51075,-0.85908,-0.79,1.1,0.16,0.00997,-0.03193,0.51075,-0.85908,-0.83,1.08,0.09,0.24749,-0.06478,-0.13004,-0.95794,-0.83,1.11,0.14,0.01706,-0.15471,-0.04097,-0.98696,-0.81,1.12,0.17,-0.28018,-0.16106,-0.01913,-0.94615,-0.81,1.1,0.19,-0.4435,-0.13554,-0.00058,-0.88596,-0.8,1.09,0.2,-0.4435,-0.13554,-0.00058,-0.88596,-0.85,1.08,0.09,0.24749,-0.06478,-0.13004,-0.95794,-0.85,1.11,0.14,0.17259,-0.04479,-0.14218,-0.97365,-0.85,1.13,0.18,-0.2933,-0.10845,-0.1182,-0.94247,-0.84,1.11,0.2,-0.57623,-0.13062,-0.14995,-0.79273,-0.83,1.09,0.21,-0.57623,-0.13062,-0.14995,-0.79273,-0.87,1.08,0.09,0.24749,-0.06478,-0.13004,-0.95794,-0.86,1.1,0.14,0.26774,5e-05,-0.19625,-0.94329,-0.87,1.12,0.17,-0.29135,-0.13392,-0.19904,-0.92605,-0.86,1.11,0.19,-0.62333,-0.22045,-0.1609,-0.73278,-0.85,1.09,0.2,-0.62333,-0.22045,-0.1609,-0.73278,-0.87,1.07,0.09,0.19037,0.01811,-0.35776,-0.91402,-0.88,1.09,0.14,0.26927,0.01936,-0.26074,-0.92689,-0.89,1.1,0.16,-0.23679,-0.1194,-0.31072,-0.91276,-0.88,1.09,0.18,-0.59654,-0.2833,-0.2358,-0.71294,-0.86,1.08,0.18,-0.59654,-0.2833,-0.2358,-0.71294,-0.7,1.1,0.12,-0.35212,-0.1821,-0.09143,0.91351,-0.68,1.06,0.07,-0.35212,-0.1821,-0.09143,0.91351,-0.72,1.07,0.09,-0.42799,-0.20604,0.61699,0.62745,-0.75,1.08,0.11,-0.26472,-0.04693,0.57546,0.77238,-0.76,1.09,0.14,-0.16494,-0.01306,0.65026,0.74148,-0.77,1.09,0.16,-0.16494,-0.01306,0.65026,0.74148,-0.71,1.07,0.09,-0.35212,-0.1821,-0.09143,0.91351,-0.73,1.12,0.13,-0.01117,-0.21353,0.03953,0.97607,-0.75,1.12,0.16,0.38397,-0.18395,0.09615,0.89972,-0.75,1.1,0.18,0.52192,-0.13907,0.1175,0.83334,-0.75,1.08,0.19,0.52192,-0.13907,0.1175,0.83334,-0.7,1.07,0.1,-0.35212,-0.1821,-0.09143,0.91351,-0.71,1.12,0.13,-0.06424,-0.18659,-0.05308,0.9789,-0.72,1.12,0.17,0.42845,-0.19106,0.03312,0.88251,-0.73,1.1,0.19,0.68273,-0.15291,0.02038,0.71421,-0.74,1.08,0.19,0.68273,-0.15291,0.02038,0.71421,-0.68,1.07,0.1,-0.35212,-0.1821,-0.09143,0.91351,-0.69,1.11,0.14,-0.1351,-0.16363,-0.12932,0.96863,-0.7,1.12,0.17,0.46208,-0.23048,-0.04725,0.85506,-0.71,1.1,0.19,0.76405,-0.24449,0.01431,0.59687,-0.72,1.08,0.18,0.76405,-0.24449,0.01431,0.59687,-0.67,1.07,0.11,-0.2736,-0.12265,-0.32372,0.89739,-0.68,1.1,0.14,-0.24765,-0.12932,-0.22955,0.93234,-0.68,1.11,0.17,0.41417,-0.25871,-0.17605,0.85472,-0.69,1.1,0.18,0.75165,-0.34836,-0.0535,0.5575,-0.7,1.08,0.17,0.75165,-0.34836,-0.0535,0.5575,-0.81,1.08,0.19
-0.8,1.46,-0.16,-0.8,1.46,-0.16,-0.85,1.1,0.11,0.23784,-0.06705,-0.12552,-0.96082,-0.86,1.07,0.06,0.23784,-0.06705,-0.12552,-0.96082,-0.82,1.08,0.09,0.42008,-0.22578,0.45917,-0.74948,-0.8,1.09,0.1,0.136,-0.05924,0.43195,-0.88961,-0.79,1.1,0.14,-0.02468,-0.01947,0.50935,-0.85999,-0.79,1.1,0.16,-0.02468,-0.01947,0.50935,-0.85999,-0.83,1.08,0.09,0.23784,-0.06705,-0.12552,-0.96082,-0.83,1.11,0.14,-0.00097,-0.15263,-0.03726,-0.98758,-0.81,1.11,0.17,-0.31226,-0.15776,-0.01373,-0.93671,-0.81,1.1,0.19,-0.48711,-0.13108,0.00745,-0.86342,-0.8,1.08,0.2,-0.48711,-0.13108,0.00745,-0.86342,-0.85,1.08,0.09,0.23784,-0.06705,-0.12552,-0.96082,-0.85,1.11,0.14,0.15424,-0.047,-0.13697,-0.97736,-0.85,1.12,0.18,-0.31673,-0.10844,-0.11203,-0.93561,-0.84,1.11,0.2,-0.602,-0.12752,-0.14355,-0.77507,-0.83,1.09,0.21,-0.602,-0.12752,-0.14355,-0.77507,-0.87,1.08,0.09,0.23784,-0.06705,-0.12552,-0.96082,-0.86,1.1,0.14,0.25902,-0.00241,-0.19114,-0.94677,-0.87,1.12,0.17,-0.30448,-0.13362,-0.19325,-0.92309,-0.86,1.11,0.19,-0.63818,-0.21809,-0.15518,-0.72186,-0.85,1.09,0.2,-0.63818,-0.21809,-0.15518,-0.72186,-0.87,1.07,0.1,0.18115,0.01839,-0.35259,-0.91789,-0.88,1.09,0.14,0.26591,0.01261,-0.2547,-0.92966,-0.88,1.1,0.16,-0.2476,-0.1238,-0.30174,-0.91231,-0.88,1.09,0.18,-0.61393,-0.28541,-0.22366,-0.70115,-0.86,1.08,0.18,-0.61393,-0.28541,-0.22366,-0.70115,-0.7,1.09,0.12,-0.34556,-0.1805,-0.093,0.91616,-0.68,1.06,0.07,-0.34556,-0.1805,-0.093,0.91616,-0.72,1.07,0.09,-0.41971,-0.21469,0.61789,0.62926,-0.75,1.07,0.11,-0.25478,-0.05363,0.57888,0.77273,-0.76,1.09,0.14,-0.15586,-0.02056,0.6538,0.74016,-0.77,1.09,0.16,-0.15586,-0.02056,0.6538,0.74016,-0.71,1.07,0.09,-0.34556,-0.1805,-0.093,0.91616,-0.73,1.11,0.13,0.00112,-0.21421,0.03991,0.97597,-0.75,1.11,0.16,0.3792,-0.18579,0.09339,0.90165,-0.75,1.1,0.18,0.51324,-0.14189,0.11409,0.83871,-0.75,1.08,0.19,0.51324,-0.14189,0.11409,0.83871,-0.7,1.07,0.1,-0.34556,-0.1805,-0.093,0.91616,-0.71,1.12,0.14,-0.06623,-0.18792,-0.05454,0.97843,-0.72,1.12,0.17,0.40666,-0.19366,0.02823,0.89237,-0.73,1.1,0.19,0.64869,-0.16021,0.01417,0.74387,-0.74,1.08,0.19,0.64869,-0.16021,0.01417,0.74387,-0.68,1.07,0.1,-0.34556,-0.1805,-0.093,0.91616,-0.69,1.11,0.14,-0.14451,-0.16218,-0.13241,0.9671,-0.7,1.12,0.18,0.43685,-0.23066,-0.05441,0.86775,-0.71,1.1,0.19,0.73305,-0.24963,0.00431,0.6327,-0.72,1.08,0.19,0.73305,-0.24963,0.00431,0.6327,-0.67,1.07,0.11,-0.26732,-0.1194,-0.3249,0.89929,-0.67,1.09,0.14,-0.25158,-0.12791,-0.23047,0.93126,-0.68,1.11,0.17,0.39274,-0.25529,-0.18199,0.86456,-0.69,1.1,0.18,0.72756,-0.34798,-0.06443,0.58772,-0.7,1.08,0.18,0.72756,-0.34798,-0.06443,0.58772,-0.81,1.08,0.19
-0.8,1.46,-0.16,-0.8,1.46,-0.16,-0.85,1.1,0.12,0.22395,-0.06651,-0.11617,-0.96536,-0.86,1.07,0.06,0.22395,-0.06651,-0.11617,-0.96536,-0.82,1.08,0.09,0.41111,-0.23028,0.45939,-0.75294,-0.8,1.09,0.1,0.11794,-0.05847,0.43488,-0.89081,-0.79,1.1,0.14,-0.0663,-0.00562,0.50974,-0.85775,-0.79,1.1,0.16,-0.0663,-0.00562,0.50974,-0.85775,-0.83,1.08,0.09,0.22395,-0.06651,-0.11617,-0.96536,-0.83,1.11,0.14,-0.01693,-0.14631,-0.03119,-0.9886,-0.81,1.11,0.18,-0.33056,-0.14947,-0.00949,-0.93182,-0.81,1.1,0.19,-0.51155,-0.12194,0.01179,-0.85047,-0.8,1.08,0.2,-0.51155,-0.12194,0.01179,-0.85047,-0.85,1.08,0.09,0.22395,-0.06651,-0.11617,-0.96536,-0.85,1.11,0.14,0.14184,-0.04391,-0.1277,-0.98064,-0.85,1.12,0.18,-0.3237,-0.10063,-0.10588,-0.93482,-0.84,1.11,0.2,-0.60677,-0.11757,-0.1403,-0.77351,-0.83,1.09,0.21,-0.60677,-0.11757,-0.1403,-0.77351,-0.87,1.08,0.09,0.22395,-0.06651,-0.11617,-0.96536,-0.87,1.1,0.14,0.25349,-0.00093,-0.18093,-0.95027,-0.87,1.12,0.17,-0.30703,-0.12579,-0.18627,-0.92478,-0.86,1.11,0.19,-0.6408,-0.20809,-0.15201,-0.72317,-0.85,1.09,0.2,-0.6408,-0.20809,-0.15201,-0.72317,-0.87,1.07,0.1,0.16904,0.0226,-0.34253,-0.9239,-0.88,1.09,0.14,0.26452,0.01333,-0.24354,-0.93303,-0.89,1.1,0.16,-0.25031,-0.11737,-0.29277,-0.91535,-0.88,1.09,0.18,-0.62418,-0.27741,-0.21651,-0.69754,-0.86,1.08,0.18,-0.62418,-0.27741,-0.21651,-0.69754,-0.7,1.09,0.12,-0.34256,-0.17955,-0.09484,0.91729,-0.68,1.06,0.07,-0.34256,-0.17955,-0.09484,0.91729,-0.72,1.07,0.09,-0.4166,-0.22223,0.61666,0.62992,-0.75,1.07,0.11,-0.25157,-0.06139,0.57962,0.77265,-0.76,1.08,0.14,-0.15341,-0.02857,0.65507,0.73928,-0.77,1.09,0.16,-0.15341,-0.02857,0.65507,0.73928,-0.71,1.07,0.09,-0.34256,-0.17955,-0.09484,0.91729,-0.73,1.11,0.13,0.00484,-0.21562,0.03919,0.97568,-0.75,1.11,0.16,0.36826,-0.18871,0.09025,0.90588,-0.75,1.1,0.18,0.49603,-0.14619,0.10972,0.84885,-0.75,1.08,0.19,0.49603,-0.14619,0.10972,0.84885,-0.7,1.07,0.1,-0.34256,-0.17955,-0.09484,0.91729,-0.71,1.12,0.14,-0.0688,-0.18978,-0.05583,0.97782,-0.72,1.12,0.17,0.39397,-0.19625,0.02579,0.89756,-0.73,1.1,0.19,0.62819,-0.16524,0.01115,0.76023,-0.74,1.08,0.2,0.62819,-0.16524,0.01115,0.76023,-0.68,1.07,0.1,-0.34256,-0.17955,-0.09484,0.91729,-0.69,1.11,0.14,-0.14828,-0.1631,-0.13404,0.96615,-0.7,1.12,0.18,0.42342,-0.23197,-0.05751,0.87384,-0.71,1.1,0.19,0.71396,-0.25321,-0.00052,0.6528,-0.72,1.08,0.19,0.71396,-0.25321,-0.00052,0.6528,-0.67,1.07,0.11,-0.26434,-0.11774,-0.32651,0.89981,-0.67,1.09,0.14,-0.25526,-0.12927,-0.23132,0.92985,-0.68,1.11,0.17,0.37352,-0.25426,-0.18556,0.87258,-0.69,1.1,0.18,0.70349,-0.34835,-0.0725,0.61522,-0.7,1.08,0.18,0.70349,-0.34835,-0.0725,0.61522,-0.81,1.08,0.19
-0.8,1.46,-0.16,-0.8,1.46,-0.16,-0.85,1.1,0.12,0.21399,-0.06536,-0.11479,-0.96786,-0.86,1.07,0.06,0.21399,-0.06536,-0.11479,-0.96786,-0.82,1.08,0.09,0.40739,-0.23092,0.45344,-0.75836,-0.8,1.09,0.11,0.10664,-0.05789,0.43003,-0.89462,-0.79,1.1,0.14,-0.10199,0.00735,0.50266,-0.85842,-0.8,1.1,0.16,-0.10199,0.00735,0.50266,-0.85842,-0.83,1.08,0.09,0.21399,-0.06536,-0.11479,-0.96786,-0.83,1.11,0.14,-0.02825,-0.14212,-0.03214,-0.98892,-0.82,1.11,0.18,-0.3389,-0.14547,-0.01211,-0.92943,-0.81,1.09,0.19,-0.51768,-0.11844,0.0084,-0.84729,-0.81,1.08,0.21,-0.51768,-0.11844,0.0084,-0.84729,-0.85,1.08,0.09,0.21399,-0.06536,-0.11479,-0.96786,-0.85,1.11,0.14,0.10588,-0.04606,-0.12471,-0.98545,-0.85,1.12,0.18,-0.36097,-0.10105,-0.10201,-0.92146,-0.84,1.1,0.2,-0.64042,-0.11412,-0.1359,-0.74724,-0.83,1.08,0.21,-0.64042,-0.11412,-0.1359,-0.74724,-0.87,1.08,0.09,0.21399,-0.06536,-0.11479,-0.96786,-0.87,1.1,0.14,0.22747,-0.00242,-0.17872,-0.95724,-0.87,1.12,0.18,-0.33721,-0.1257,-0.18379,-0.91472,-0.86,1.1,0.2,-0.66681,-0.20637,-0.14996,-0.70021,-0.85,1.08,0.2,-0.66681,-0.20637,-0.14996,-0.70021,-0.87,1.07,0.1,0.15979,0.02615,-0.34034,-0.92626,-0.88,1.09,0.14,0.25056,0.01074,-0.24147,-0.93744,-0.89,1.1,0.16,-0.27116,-0.11933,-0.28925,-0.91026,-0.88,1.09,0.18,-0.64358,-0.27818,-0.21235,-0.68068,-0.86,1.08,0.18,-0.64358,-0.27818,-0.21235,-0.68068,-0.7,1.09,0.12,-0.34007,-0.17836,-0.09818,0.9181,-0.68,1.06,0.07,-0.34007,-0.17836,-0.09818,0.9181,-0.72,1.07,0.09,-0.41286,-0.22827,0.61564,0.63121,-0.75,1.07,0.11,-0.24701,-0.06702,0.58026,0.77317,-0.76,1.08,0.14,-0.14763,-0.03309,0.65596,0.73948,-0.77,1.09,0.16,-0.14763,-0.03309,0.65596,0.73948,-0.71,1.07,0.09,-0.34007,-0.17836,-0.09818,0.9181,-0.73,1.11,0.13,0.00868,-0.2166,0.0366,0.97554,-0.74,1.11,0.16,0.37054,-0.19059,0.08793,0.90479,-0.75,1.09,0.18,0.49442,-0.14882,0.10701,0.84968,-0.75,1.08,0.19,0.49442,-0.14882,0.10701,0.84968,-0.7,1.07,0.1,-0.34007,-0.17836,-0.09818,0.9181,-0.71,1.11,0.14,-0.06093,-0.19204,-0.05673,0.97785,-0.72,1.12,0.18,0.40395,-0.19848,0.02667,0.89259,-0.73,1.1,0.19,0.63896,-0.1662,0.01309,0.75096,-0.74,1.08,0.2,0.63896,-0.1662,0.01309,0.75096,-0.68,1.07,0.1,-0.34007,-0.17836,-0.09818,0.9181,-0.69,1.11,0.14,-0.1421,-0.16485,-0.13573,0.96655,-0.7,1.12,0.18,0.43102,-0.23423,-0.0575,0.86951,-0.71,1.1,0.19,0.721,-0.2549,0.00064,0.64435,-0.72,1.08,0.19,0.721,-0.2549,0.00064,0.64435,-0.67,1.07,0.11,-0.26169,-0.11601,-0.32958,0.89969,-0.67,1.09,0.15,-0.25313,-0.13005,-0.23383,0.9297,-0.68,1.11,0.17,0.37622,-0.25642,-0.18679,0.87053,-0.69,1.1,0.18,0.7052,-0.35075,-0.0727,0.61187,-0.7,1.08,0.18,0.7052,-0.35075,-0.0727,0.61187,-0.81,1.08,0.19
-0.8,1.46,-0.16,-0.8,1.46,-0.16,-0.85,1.1,0.12,0.21396,-0.06183,-0.1249,-0.96685,-0.86,1.07,0.06,0.21396,-0.06183,-0.1249,-0.96685,-0.82,1.08,0.09,0.41054,-0.22587,0.44326,-0.76417,-0.8,1.1,0.11,0.10649,-0.05636,0.41833,-0.90027,-0.79,1.1,0.14,-0.11424,0.01258,0.4903,-0.86394,-0.8,1.1,0.16,-0.11424,0.01258,0.4903,-0.86394,-0.84,1.09,0.09,0.21396,-0.06183,-0.1249,-0.96685,-0.83,1.11,0.14,-0.03256,-0.13607,-0.04452,-0.98916,-0.82,1.11,0.18,-0.33941,-0.14337,-0.02631,-0.92928,-0.81,1.1,0.2,-0.50954,-0.11899,-0.00735,-0.85215,-0.81,1.08,0.21,-0.50954,-0.11899,-0.00735,-0.85215,-0.85,1.08,0.09,0.21396,-0.06183,-0.1249,-0.96685,-0.85,1.11,0.14,0.054,-0.05181,-0.13197,-0.98843,-0.85,1.12,0.19,-0.41995,-0.11017,-0.10453,-0.89475,-0.84,1.1,0.2,-0.68878,-0.11896,-0.13419,-0.70244,-0.83,1.07,0.2,-0.68878,-0.11896,-0.13419,-0.70244,-0.87,1.08,0.09,0.21396,-0.06183,-0.1249,-0.96685,-0.87,1.1,0.14,0.17885,-0.00759,-0.18813,-0.96569,-0.87,1.11,0.18,-0.39185,-0.13522,-0.18869,-0.89026,-0.86,1.1,0.2,-0.70736,-0.21508,-0.15177,-0.65601,-0.85,1.08,0.19,-0.70736,-0.21508,-0.15177,-0.65601,-0.88,1.07,0.1,0.15908,0.02926,-0.34998,-0.92269,-0.88,1.09,0.14,0.23073,0.00488,-0.25197,-0.93982,-0.89,1.1,0.17,-0.29538,-0.12983,-0.29452,-0.89953,-0.88,1.09,0.18,-0.65718,-0.28875,-0.21439,-0.6624,-0.86,1.08,0.18,-0.65718,-0.28875,-0.21439,-0.6624,-0.7,1.09,0.12,-0.33965,-0.1782,-0.10001,0.91809,-0.68,1.05,0.07,-0.33965,-0.1782,-0.10001,0.91809,-0.72,1.07,0.1,-0.4111,-0.23082,0.61573,0.63134,-0.75,1.07,0.11,-0.24552,-0.06965,0.581,0.77286,-0.76,1.08,0.14,-0.14464,-0.03423,0.65677,0.7393,-0.77,1.09,0.16,-0.14464,-0.03423,0.65677,0.7393,-0.71,1.07,0.1,-0.33965,-0.1782,-0.10001,0.91809,-0.73,1.11,0.13,0.01078,-0.21789,0.03597,0.97525,-0.74,1.11,0.17,0.37181,-0.19202,0.08769,0.90399,-0.75,1.09,0.18,0.49406,-0.15044,0.10672,0.84964,-0.75,1.08,0.19,0.49406,-0.15044,0.10672,0.84964,-0.7,1.07,0.1,-0.33965,-0.1782,-0.10001,0.91809,-0.71,1.11,0.14,-0.05538,-0.19392,-0.05663,0.97782,-0.72,1.12,0.18,0.41192,-0.19992,0.02832,0.88857,-0.73,1.1,0.19,0.64834,-0.16628,0.01557,0.74281,-0.74,1.08,0.2,0.64834,-0.16628,0.01557,0.74281,-0.68,1.07,0.1,-0.33965,-0.1782,-0.10001,0.91809,-0.69,1.11,0.14,-0.1383,-0.16642,-0.13642,0.96673,-0.7,1.12,0.18,0.43715,-0.23592,-0.05655,0.86605,-0.71,1.1,0.19,0.72748,-0.25572,0.00265,0.63669,-0.72,1.08,0.19,0.72748,-0.25572,0.00265,0.63669,-0.67,1.07,0.11,-0.26105,-0.11581,-0.33129,0.89927,-0.67,1.09,0.15,-0.25233,-0.13098,-0.23527,0.92942,-0.68,1.11,0.17,0.37809,-0.25821,-0.18701,0.86914,-0.69,1.1,0.18,0.70756,-0.35248,-0.07155,0.60828,-0.7,1.08,0.18,0.70756,-0.35248,-0.07155,0.60828,-0.81,1.08,0.19
-0.8,1.46,-0.16,-0.8,1.46,-0.16,-0.86,1.1,0.12,0.25011,-0.0442,-0.17466,-0.95131,-0.86,1.07,0.06,0.25011,-0.0442,-0.17466,-0.95131,-0.83,1.09,0.09,0.43733,-0.18637,0.41818,-0.77404,-0.81,1.1,0.1,0.13107,-0.03077,0.37904,-0.91553,-0.8,1.11,0.14,-0.09396,0.02956,0.44852,-0.88833,-0.8,1.11,0.16,-0.09396,0.02956,0.44852,-0.88833,-0.84,1.09,0.09,0.25011,-0.0442,-0.17466,-0.95131,-0.84,1.12,0.14,-0.02289,-0.11594,-0.09976,-0.98797,-0.83,1.12,0.18,-0.3072,-0.13945,-0.08837,-0.93722,-0.82,1.11,0.19,-0.44774,-0.12395,-0.07534,-0.88232,-0.81,1.09,0.21,-0.44774,-0.12395,-0.07534,-0.88232,-0.85,1.08,0.09,0.25011,-0.0442,-0.17466,-0.95131,-0.86,1.12,0.14,0.02287,-0.05882,-0.17967,-0.9817,-0.85,1.12,0.18,-0.43752,-0.13738,-0.14426,-0.87686,-0.84,1.1,0.2,-0.68392,-0.15347,-0.16416,-0.69408,-0.83,1.08,0.2,-0.68392,-0.15347,-0.16416,-0.69408,-0.87,1.08,0.09,0.25011,-0.0442,-0.17466,-0.95131,-0.87,1.11,0.14,0.14978,-0.01032,-0.23902,-0.95934,-0.88,1.12,0.18,-0.40496,-0.16306,-0.2305,-0.86965,-0.86,1.1,0.19,-0.69644,-0.25341,-0.18365,-0.64578,-0.85,1.08,0.19,-0.69644,-0.25341,-0.18365,-0.64578,-0.88,1.07,0.1,0.19104,0.03574,-0.40033,-0.89553,-0.89,1.09,0.14,0.22862,-0.00162,-0.30287,-0.9252,-0.89,1.1,0.16,-0.28858,-0.16102,-0.3336,-0.8829,-0.88,1.09,0.18,-0.61771,-0.32594,-0.24549,-0.67226,-0.87,1.08,0.18,-0.61771,-0.32594,-0.24549,-0.67226,-0.7,1.09,0.12,-0.34018,-0.17828,-0.10088,0.91778,-0.68,1.05,0.07,-0.34018,-0.17828,-0.10088,0.91778,-0.72,1.07,0.1,-0.40969,-0.23219,0.6168,0.63071,-0.75,1.07,0.11,-0.24464,-0.07091,0.58243,0.77194,-0.76,1.08,0.14,-0.14344,-0.03498,0.65818,0.73824,-0.77,1.09,0.16,-0.14344,-0.03498,0.65818,0.73824,-0.71,1.07,0.1,-0.34018,-0.17828,-0.10088,0.91778,-0.73,1.11,0.13,0.01225,-0.22023,0.03754,0.97465,-0.74,1.11,0.17,0.36965,-0.19392,0.08928,0.90431,-0.75,1.09,0.18,0.48969,-0.15239,0.10804,0.85165,-0.76,1.08,0.19,0.48969,-0.15239,0.10804,0.85165,-0.7,1.07,0.1,-0.34018,-0.17828,-0.10088,0.91778,-0.71,1.11,0.14,-0.05402,-0.19574,-0.05605,0.97756,-0.72,1.12,0.18,0.41944,-0.20102,0.03112,0.8847,-0.73,1.1,0.19,0.66205,-0.1652,0.01967,0.73076,-0.74,1.08,0.19,0.66205,-0.1652,0.01967,0.73076,-0.68,1.07,0.1,-0.34018,-0.17828,-0.10088,0.91778,-0.69,1.11,0.14,-0.13909,-0.16742,-0.13691,0.96637,-0.7,1.12,0.18,0.44439,-0.23747,-0.05434,0.86208,-0.71,1.1,0.19,0.73857,-0.25553,0.00699,0.62384,-0.72,1.08,0.19,0.73857,-0.25553,0.00699,0.62384,-0.67,1.07,0.11,-0.26143,-0.11605,-0.33215,0.89881,-0.67,1.09,0.15,-0.25412,-0.13152,-0.23606,0.92866,-0.68,1.11,0.17,0.37959,-0.25991,-0.18643,0.8681,-0.69,1.1,0.18,0.71331,-0.354,-0.06781,0.60106,-0.7,1.08,0.18,0.71331,-0.354,-0.06781,0.60106,-0.81,1.08,0.19
-0.8,1.46,-0.16,-0.8,1.46,-0.16,-0.86,1.1,0.11,0.27682,-0.0454,-0.18104,-0.94262,-0.86,1.07,0.06,0.27682,-0.0454,-0.18104,-0.94262,-0.83,1.09,0.08,0.4439,-0.1841,0.43585,-0.76098,-0.8,1.1,0.1,0.13979,-0.02207,0.39573,-0.9074,-0.8,1.11,0.13,-0.07441,0.03713,0.46384,-0.88201,-0.8,1.11,0.16,-0.07441,0.03713,0.46384,-0.88201,-0.84,1.09,0.09,0.27682,-0.0454,-0.18104,-0.94262,-0.84,1.12,0.13,-0.02297,-0.11041,-0.10686,-0.98786,-0.83,1.12,0.17,-0.29072,-0.13446,-0.09914,-0.94211,-0.82,1.11,0.19,-0.41337,-0.11871,-0.09015,-0.89828,-0.81,1.09,0.2,-0.41337,-0.11871,-0.09015,-0.89828,-0.85,1.08,0.09,0.27682,-0.0454,-0.18104,-0.94262,-0.86,1.12,0.14,0.06123,-0.06304,-0.18551,-0.9787,-0.85,1.12,0.18,-0.34019,-0.13396,-0.15678,-0.91747,-0.84,1.11,0.2,-0.54905,-0.15283,-0.18422,-0.80078,-0.83,1.09,0.21,-0.54905,-0.15283,-0.18422,-0.80078,-0.87,1.08,0.09,0.27682,-0.0454,-0.18104,-0.94262,-0.87,1.11,0.14,0.17836,-0.01722,-0.24548,-0.9527,-0.88,1.12,0.17,-0.32122,-0.15906,-0.24055,-0.90203,-0.86,1.11,0.19,-0.58624,-0.24717,-0.20441,-0.74394,-0.85,1.09,0.2,-0.58624,-0.24717,-0.20441,-0.74394,-0.88,1.07,0.09,0.2159,0.02771,-0.40843,-0.88645,-0.89,1.09,0.13,0.23321,-0.01959,-0.30983,-0.92154,-0.89,1.1,0.16,-0.24044,-0.16463,-0.3365,-0.89546,-0.88,1.1,0.18,-0.52265,-0.31327,-0.26654,-0.74676,-0.87,1.08,0.18,-0.52265,-0.31327,-0.26654,-0.74676,-0.7,1.09,0.12,-0.34484,-0.17798,-0.10366,0.91579,-0.68,1.05,0.07,-0.34484,-0.17798,-0.10366,0.91579,-0.72,1.07,0.1,-0.41216,-0.22821,0.6166,0.63075,-0.75,1.07,0.11,-0.24723,-0.06725,0.58113,0.77243,-0.76,1.08,0.14,-0.1455,-0.0311,0.6567,0.73933,-0.77,1.09,0.16,-0.1455,-0.0311,0.6567,0.73933,-0.71,1.07,0.1,-0.34484,-0.17798,-0.10366,0.91579,-0.73,1.11,0.13,0.01049,-0.22285,0.03789,0.97406,-0.74,1.11,0.16,0.36303,-0.19676,0.08951,0.90636,-0.75,1.1,0.18,0.48027,-0.15559,0.10782,0.85645,-0.76,1.08,0.19,0.48027,-0.15559,0.10782,0.85645,-0.69,1.07,0.1,-0.34484,-0.17798,-0.10366,0.91579,-0.71,1.11,0.14,-0.05413,-0.1977,-0.057,0.97711,-0.72,1.12,0.18,0.42655,-0.20292,0.0329,0.8808,-0.73,1.1,0.19,0.67567,-0.16506,0.0231,0.71812,-0.74,1.08,0.19,0.67567,-0.16506,0.0231,0.71812,-0.68,1.07,0.1,-0.34484,-0.17798,-0.10366,0.91579,-0.69,1.11,0.14,-0.14027,-0.16919,-0.13878,0.96563,-0.7,1.12,0.18,0.45306,-0.24053,-0.05224,0.85683,-0.71,1.1,0.19,0.75176,-0.25648,0.01228,0.60739,-0.72,1.08,0.18,0.75176,-0.25648,0.01228,0.60739,-0.67,1.07,0.11,-0.26565,-0.11706,-0.33508,0.89635,-0.67,1.09,0.15,-0.25749,-0.1332,-0.23868,0.92682,-0.68,1.11,0.17,0.3839,-0.26466,-0.18532,0.865,-0.69,1.1,0.18,0.72337,-0.35802,-0.06084,0.58725,-0.7,1.08,0.18,0.72337,-0.35802,-0.06084,0.58725,-0.81,1.08,0.19
-0.8,1.46,-0.16,-0.8,1.46,-0.16,-0.86,1.1,0.11,0.29814,-0.05503,-0.17286,-0.93712,-0.86,1.06,0.05,0.29814,-0.05503,-0.17286,-0.93712,-0.83,1.08,0.08,0.45149,-0.18599,0.45659,-0.7437,-0.8,1.1,0.1,0.14882,-0.01528,0.41718,-0.89643,-0.8,1.1,0.13,-0.04914,0.04077,0.48489,-0.87224,-0.8,1.1,0.15,-0.04914,0.04077,0.48489,-0.87224,-0.84,1.08,0.08,0.29814,-0.05503,-0.17286,-0.93712,-0.84,1.12,0.13,-0.01205,-0.11653,-0.09442,-0.98862,-0.83,1.12,0.17,-0.2838,-0.13758,-0.08507,-0.94514,-0.82,1.11,0.19,-0.40581,-0.11998,-0.07614,-0.90284,-0.81,1.09,0.2,-0.40581,-0.11998,-0.07614,-0.90284,-0.85,1.08,0.08,0.29814,-0.05503,-0.17286,-0.93712,-0.86,1.12,0.13,0.09475,-0.07238,-0.17511,-0.9773,-0.85,1.12,0.17,-0.28176,-0.13449,-0.14739,-0.93851,-0.84,1.11,0.19,-0.46796,-0.15074,-0.17822,-0.85237,-0.83,1.09,0.21,-0.46796,-0.15074,-0.17822,-0.85237,-0.87,1.07,0.09,0.29814,-0.05503,-0.17286,-0.93712,-0.87,1.1,0.13,0.20009,-0.03322,-0.23564,-0.95044,-0.87,1.12,0.17,-0.26644,-0.16027,-0.2292,-0.92238,-0.86,1.11,0.19,-0.51495,-0.24137,-0.198,-0.79835,-0.85,1.09,0.2,-0.51495,-0.24137,-0.198,-0.79835,-0.88,1.07,0.09,0.2358,0.01335,-0.40219,-0.88457,-0.89,1.09,0.13,0.22967,-0.04251,-0.30183,-0.92431,-0.89,1.1,0.16,-0.21312,-0.1692,-0.32366,-0.9062,-0.88,1.09,0.17,-0.46716,-0.30331,-0.26347,-0.78762,-0.86,1.08,0.18,-0.46716,-0.30331,-0.26347,-0.78762,-0.7,1.09,0.12,-0.35426,-0.17777,-0.10682,0.91186,-0.68,1.05,0.07,-0.35426,-0.17777,-0.10682,0.91186,-0.72,1.07,0.1,-0.41882,-0.21984,0.61601,0.62991,-0.75,1.07,0.11,-0.25313,-0.05886,0.5784,0.77325,-0.76,1.08,0.14,-0.14953,-0.02157,0.65349,0.74171,-0.77,1.09,0.16,-0.14953,-0.02157,0.65349,0.74171,-0.71,1.07,0.1,-0.35426,-0.17777,-0.10682,0.91186,-0.73,1.11,0.13,0.0076,-0.22434,0.03838,0.97373,-0.74,1.11,0.16,0.354,-0.19866,0.08914,0.90954,-0.75,1.1,0.18,0.46652,-0.1582,0.10636,0.86372,-0.75,1.08,0.19,0.46652,-0.1582,0.10636,0.86372,-0.69,1.07,0.1,-0.35426,-0.17777,-0.10682,0.91186,-0.71,1.12,0.14,-0.05451,-0.20021,-0.05724,0.97656,-0.72,1.12,0.17,0.43065,-0.20505,0.035,0.87822,-0.73,1.1,0.19,0.6838,-0.16558,0.02647,0.71014,-0.74,1.08,0.19,0.6838,-0.16558,0.02647,0.71014,-0.68,1.07,0.1,-0.35426,-0.17777,-0.10682,0.91186,-0.69,1.11,0.14,-0.14122,-0.17236,-0.14009,0.96474,-0.7,1.12,0.18,0.45892,-0.24422,-0.04957,0.85281,-0.71,1.1,0.19,0.76038,-0.25805,0.01767,0.59575,-0.72,1.08,0.18,0.76038,-0.25805,0.01767,0.59575,-0.67,1.07,0.11,-0.27445,-0.11942,-0.33866,0.89204,-0.67,1.09,0.15,-0.25998,-0.1373,-0.24134,0.92483,-0.68,1.11,0.17,0.38928,-0.27129,-0.18256,0.86112,-0.69,1.1,0.18,0.73079,-0.36269,-0.05322,0.57583,-0.7,1.08,0.17,0.73079,-0.36269,-0.05322,0.57583,-0.81,1.08,0.19
-0.79,1.46,-0.16,-0.79,1.46,-0.16,-0.86,1.09,0.11,0.31217,-0.06583,-0.16109,-0.93395,-0.86,1.06,0.05,0.31217,-0.06583,-0.16109,-0.93395,-0.83,1.07,0.08,0.45796,-0.18292,0.47274,-0.73029,-0.8,1.09,0.1,0.16053,-0.00751,0.43186,-0.88751,-0.8,1.1,0.13,-0.02883,0.04768,0.49869,-0.86499,-0.8,1.1,0.15,-0.02883,0.04768,0.49869,-0.86499,-0.84,1.08,0.08,0.31217,-0.06583,-0.16109,-0.93395,-0.83,1.11,0.13,0.00208,-0.12259,-0.07935,-0.98928,-0.83,1.12,0.16,-0.30847,-0.14235,-0.06319,-0.9384,-0.82,1.1,0.18,-0.43903,-0.12237,-0.05155,-0.88861,-0.81,1.09,0.2,-0.43903,-0.12237,-0.05155,-0.88861,-0.85,1.07,0.08,0.31217,-0.06583,-0.16109,-0.93395,-0.86,1.11,0.13,0.10989,-0.08462,-0.15963,-0.97739,-0.85,1.12,0.17,-0.27187,-0.14071,-0.12786,-0.94336,-0.84,1.11,0.19,-0.45533,-0.15305,-0.15845,-0.86264,-0.83,1.09,0.21,-0.45533,-0.15305,-0.15845,-0.86264,-0.87,1.07,0.09,0.31217,-0.06583,-0.16109,-0.93395,-0.87,1.1,0.13,0.2017,-0.05182,-0.22101,-0.95278,-0.87,1.12,0.17,-0.25934,-0.16827,-0.2089,-0.92779,-0.86,1.11,0.19,-0.50319,-0.24229,-0.17775,-0.81025,-0.85,1.09,0.2,-0.50319,-0.24229,-0.17775,-0.81025,-0.88,1.06,0.09,0.24886,-0.00023,-0.39191,-0.88571,-0.89,1.08,0.13,0.21653,-0.06514,-0.28905,-0.93023,-0.89,1.1,0.16,-0.21993,-0.17983,-0.30377,-0.90941,-0.88,1.09,0.17,-0.46306,-0.30397,-0.24578,-0.79547,-0.86,1.08,0.18,-0.46306,-0.30397,-0.24578,-0.79547,-0.7,1.1,0.11,-0.38037,-0.17488,-0.10744,0.90177,-0.68,1.05,0.07,-0.38037,-0.17488,-0.10744,0.90177,-0.72,1.07,0.1,-0.42905,-0.19267,0.62395,0.62408,-0.74,1.08,0.11,-0.26019,-0.02647,0.57982,0.77162,-0.76,1.09,0.14,-0.14452,0.0195,0.65096,0.74497,-0.76,1.1,0.16,-0.14452,0.0195,0.65096,0.74497,-0.71,1.07,0.09,-0.38037,-0.17488,-0.10744,0.90177,-0.73,1.12,0.13,0.02298,-0.21788,0.04821,0.97451,-0.74,1.12,0.16,0.3781,-0.18775,0.09804,0.90121,-0.75,1.1,0.18,0.48663,-0.14634,0.11407,0.85368,-0.75,1.08,0.19,0.48663,-0.14634,0.11407,0.85368,-0.69,1.07,0.1,-0.38037,-0.17488,-0.10744,0.90177,-0.7,1.12,0.13,-0.04928,-0.20039,-0.05132,0.97713,-0.72,1.12,0.17,0.46531,-0.20072,0.04708,0.8608,-0.73,1.1,0.18,0.7283,-0.1526,0.03965,0.66688,-0.73,1.08,0.18,0.7283,-0.1526,0.03965,0.66688,-0.68,1.07,0.1,-0.38037,-0.17488,-0.10744,0.90177,-0.69,1.11,0.14,-0.14028,-0.17749,-0.13543,0.96461,-0.7,1.12,0.17,0.48429,-0.24641,-0.03629,0.83871,-0.71,1.1,0.18,0.79021,-0.25204,0.03449,0.55755,-0.72,1.08,0.18,0.79021,-0.25204,0.03449,0.55755,-0.67,1.07,0.11,-0.30041,-0.12345,-0.34089,0.88222,-0.67,1.1,0.14,-0.26872,-0.14461,-0.24115,0.92126,-0.68,1.11,0.17,0.40475,-0.28192,-0.17102,0.85291,-0.69,1.1,0.18,0.75146,-0.36656,-0.0327,0.5476,-0.7,1.08,0.17,0.75146,-0.36656,-0.0327,0.5476,-0.81,1.08,0.19
-0.79,1.46,-0.16,-0.79,1.46,-0.16,-0.86,1.09,0.11,0.33061,-0.07305,-0.1545,-0.92817,-0.86,1.06,0.06,0.33061,-0.07305,-0.1545,-0.92817,-0.83,1.07,0.08,0.47015,-0.17105,0.48248,-0.71897,-0.8,1.09,0.1,0.17868,0.00496,0.43693,-0.88156,-0.8,1.1,0.13,-0.00959,0.06158,0.50187,-0.86269,-0.8,1.1,0.15,-0.00959,0.06158,0.50187,-0.86269,-0.84,1.08,0.08,0.33061,-0.07305,-0.1545,-0.92817,-0.83,1.12,0.13,0.02167,-0.12414,-0.07219,-0.9894,-0.83,1.12,0.16,-0.32146,-0.14393,-0.05103,-0.93453,-0.82,1.1,0.18,-0.46225,-0.12272,-0.03713,-0.87743,-0.81,1.09,0.19,-0.46225,-0.12272,-0.03713,-0.87743,-0.85,1.07,0.09,0.33061,-0.07305,-0.1545,-0.92817,-0.86,1.11,0.13,0.12406,-0.09299,-0.15057,-0.97637,-0.85,1.13,0.17,-0.27145,-0.14676,-0.1143,-0.9443,-0.84,1.11,0.19,-0.4578,-0.15664,-0.14389,-0.86324,-0.83,1.09,0.21,-0.4578,-0.15664,-0.14389,-0.86324,-0.87,1.07,0.09,0.33061,-0.07305,-0.1545,-0.92817,-0.87,1.1,0.13,0.20711,-0.06465,-0.21251,-0.95277,-0.87,1.12,0.17,-0.25759,-0.17644,-0.19498,-0.92979,-0.86,1.11,0.19,-0.50199,-0.24628,-0.16223,-0.81304,-0.85,1.09,0.2,-0.50199,-0.24628,-0.16223,-0.81304,-0.88,1.06,0.09,0.26624,-0.01173,-0.38679,-0.88282,-0.89,1.09,0.13,0.22272,-0.08106,-0.28082,-0.93003,-0.89,1.1,0.16,-0.21308,-0.19034,-0.28995,-0.9134,-0.88,1.09,0.17,-0.4535,-0.30888,-0.23077,-0.80354,-0.86,1.08,0.18,-0.4535,-0.30888,-0.23077,-0.80354,-0.7,1.1,0.11,-0.4105,-0.16835,-0.10014,0.89058,-0.68,1.05,0.07,-0.4105,-0.16835,-0.10014,0.89058,-0.72,1.07,0.1,-0.43309,-0.15956,0.64074,0.61353,-0.74,1.08,0.11,-0.25746,0.01911,0.58851,0.76616,-0.75,1.09,0.14,-0.12051,0.08115,0.65065,0.74535,-0.75,1.1,0.17,-0.12051,0.08115,0.65065,0.74535,-0.71,1.07,0.09,-0.4105,-0.16835,-0.10014,0.89058,-0.72,1.12,0.12,0.05455,-0.20143,0.06617,0.97574,-0.74,1.12,0.16,0.47643,-0.15613,0.12155,0.85666,-0.74,1.1,0.17,0.5913,-0.10931,0.1388,0.78686,-0.74,1.07,0.18,0.5913,-0.10931,0.1388,0.78686,-0.69,1.07,0.1,-0.4105,-0.16835,-0.10014,0.89058,-0.7,1.12,0.13,-0.03177,-0.19403,-0.03676,0.97979,-0.72,1.13,0.17,0.54056,-0.18305,0.06912,0.81824,-0.72,1.1,0.18,0.81824,-0.1152,0.06045,0.55996,-0.73,1.08,0.17,0.81824,-0.1152,0.06045,0.55996,-0.68,1.07,0.1,-0.4105,-0.16835,-0.10014,0.89058,-0.69,1.11,0.13,-0.13335,-0.17783,-0.12238,0.96727,-0.7,1.13,0.17,0.53962,-0.23892,-0.01323,0.80719,-0.71,1.1,0.18,0.85162,-0.22797,0.06056,0.46809,-0.71,1.08,0.16,0.85162,-0.22797,0.06056,0.46809,-0.67,1.07,0.11,-0.33216,-0.1248,-0.33585,0.87253,-0.67,1.1,0.14,-0.27934,-0.14672,-0.23423,0.91955,-0.67,1.12,0.16,0.43809,-0.28684,-0.15228,0.83822,-0.69,1.11,0.17,0.79885,-0.36014,0.00047,0.48181,-0.69,1.09,0.16,0.79885,-0.36014,0.00047,0.48181,-0.81,1.08,0.19
-0.79,1.46,-0.16,-0.79,1.46,-0.16,-0.86,1.09,0.11,0.33567,-0.06562,-0.15899,-0.92614,-0.86,1.06,0.06,0.33567,-0.06562,-0.15899,-0.92614,-0.83,1.07,0.09,0.47146,-0.15044,0.47989,-0.72443,-0.81,1.09,0.1,0.18148,0.02221,0.42648,-0.88583,-0.8,1.1,0.13,-0.00659,0.07544,0.4892,-0.86888,-0.8,1.11,0.16,-0.00659,0.07544,0.4892,-0.86888,-0.84,1.08,0.09,0.33567,-0.06562,-0.15899,-0.92614,-0.84,1.12,0.13,0.03016,-0.1125,-0.08331,-0.98969,-0.83,1.12,0.17,-0.32983,-0.13818,-0.06297,-0.93175,-0.82,1.11,0.18,-0.47916,-0.11937,-0.04815,-0.86824,-0.81,1.09,0.2,-0.47916,-0.11937,-0.04815,-0.86824,-0.85,1.07,0.09,0.33567,-0.06562,-0.15899,-0.92614,-0.86,1.12,0.13,0.12521,-0.0879,-0.15592,-0.97585,-0.85,1.13,0.17,-0.28712,-0.14634,-0.11863,-0.93919,-0.84,1.11,0.19,-0.47435,-0.15634,-0.14782,-0.85364,-0.83,1.09,0.21,-0.47435,-0.15634,-0.14782,-0.85364,-0.87,1.07,0.09,0.33567,-0.06562,-0.15899,-0.92614,-0.87,1.1,0.13,0.20346,-0.06183,-0.21662,-0.95281,-0.87,1.12,0.17,-0.26038,-0.17563,-0.20002,-0.92809,-0.86,1.11,0.19,-0.49962,-0.24611,-0.16834,-0.81331,-0.85,1.09,0.2,-0.49962,-0.24611,-0.16834,-0.81331,-0.88,1.07,0.09,0.27208,-0.00595,-0.39156,-0.87899,-0.89,1.09,0.13,0.22103,-0.08335,-0.28343,-0.92945,-0.89,1.1,0.16,-0.19793,-0.18831,-0.29392,-0.91596,-0.88,1.1,0.18,-0.424,-0.30409,-0.2395,-0.81877,-0.86,1.08,0.19,-0.424,-0.30409,-0.2395,-0.81877,-0.7,1.1,0.11,-0.47692,-0.15245,-0.07787,0.86212,-0.68,1.05,0.07,-0.47692,-0.15245,-0.07787,0.86212,-0.72,1.07,0.09,-0.45014,-0.10735,0.66905,0.58157,-0.74,1.08,0.11,-0.26559,0.09285,0.60178,0.74746,-0.75,1.1,0.14,-0.08466,0.1926,0.63961,0.73935,-0.74,1.11,0.16,-0.08466,0.1926,0.63961,0.73935,-0.71,1.08,0.09,-0.47692,-0.15245,-0.07787,0.86212,-0.72,1.13,0.11,0.01378,-0.16834,0.08344,0.98209,-0.73,1.13,0.15,0.53529,-0.10586,0.13541,0.827,-0.74,1.1,0.16,0.70659,-0.04549,0.15315,0.68935,-0.73,1.08,0.16,0.70659,-0.04549,0.15315,0.68935,-0.69,1.08,0.09,-0.47692,-0.15245,-0.07787,0.86212,-0.7,1.13,0.12,-0.05571,-0.17199,-0.01407,0.98342,-0.71,1.14,0.16,0.57328,-0.14732,0.08412,0.8016,-0.72,1.11,0.16,0.88038,-0.06209,0.06343,0.46589,-0.72,1.09,0.15,0.88038,-0.06209,0.06343,0.46589,-0.68,1.08,0.1,-0.47692,-0.15245,-0.07787,0.86212,-0.68,1.12,0.12,-0.17855,-0.1635,-0.10259,0.96481,-0.69,1.14,0.16,0.55092,-0.21637,0.00458,0.80601,-0.7,1.11,0.17,0.8956,-0.18867,0.07849,0.39515,-0.7,1.1,0.15,0.8956,-0.18867,0.07849,0.39515,-0.67,1.08,0.1,-0.4034,-0.12675,-0.31801,0.84857,-0.67,1.11,0.13,-0.34396,-0.13327,-0.22054,0.90293,-0.67,1.13,0.15,0.4169,-0.27908,-0.13993,0.85366,-0.68,1.12,0.16,0.82184,-0.34407,0.02936,0.45314,-0.69,1.1,0.15,0.82184,-0.34407,0.02936,0.45314,-0.81,1.08,0.19
-0.79,1.46,-0.16,-0.79,1.46,-0.16,-0.86,1.09,0.11,0.33062,-0.06171,-0.15523,-0.92886,-0.86,1.06,0.06,0.33062,-0.06171,-0.15523,-0.92886,-0.83,1.07,0.09,0.46481,-0.14506,0.48265,-0.72798,-0.81,1.09,0.1,0.17452,0.02886,0.42706,-0.88675,-0.8,1.1,0.14,-0.00919,0.07869,0.48918,-0.86858,-0.81,1.11,0.16,-0.00919,0.07869,0.48918,-0.86858,-0.84,1.08,0.09,0.33062,-0.06171,-0.15523,-0.92886,-0.84,1.12,0.13,0.03071,-0.1033,-0.08471,-0.99056,-0.83,1.12,0.17,-0.33518,-0.13053,-0.06678,-0.93068,-0.82,1.11,0.19,-0.48922,-0.11274,-0.05223,-0.86326,-0.82,1.09,0.2,-0.48922,-0.11274,-0.05223,-0.86326,-0.85,1.07,0.09,0.33062,-0.06171,-0.15523,-0.92886,-0.86,1.11,0.13,0.12132,-0.08303,-0.15313,-0.97721,-0.85,1.13,0.17,-0.29343,-0.141,-0.11777,-0.93816,-0.84,1.11,0.19,-0.47893,-0.15041,-0.14811,-0.8521,-0.83,1.09,0.21,-0.47893,-0.15041,-0.14811,-0.8521,-0.87,1.07,0.09,0.33062,-0.06171,-0.15523,-0.92886,-0.87,1.1,0.13,0.19884,-0.0589,-0.21253,-0.9549,-0.87,1.12,0.17,-0.25655,-0.16916,-0.19931,-0.93051,-0.86,1.11,0.19,-0.48685,-0.23829,-0.17137,-0.82269,-0.85,1.09,0.2,-0.48685,-0.23829,-0.17137,-0.82269,-0.88,1.07,0.1,0.26849,-0.00067,-0.38785,-0.88175,-0.89,1.09,0.13,0.21511,-0.08376,-0.27833,-0.93233,-0.89,1.1,0.16,-0.17526,-0.17719,-0.29361,-0.92287,-0.88,1.1,0.18,-0.38116,-0.2875,-0.24793,-0.84297,-0.86,1.09,0.19,-0.38116,-0.2875,-0.24793,-0.84297,-0.7,1.11,0.1,-0.48781,-0.14669,-0.07955,0.85685,-0.68,1.05,0.07,-0.48781,-0.14669,-0.07955,0.85685,-0.72,1.07,0.09,-0.44913,-0.10696,0.67292,0.57795,-0.74,1.09,0.11,-0.25311,0.10497,0.60483,0.74773,-0.75,1.1,0.14,-0.05219,0.22082,0.63248,0.7406,-0.74,1.11,0.16,-0.05219,0.22082,0.63248,0.7406,-0.71,1.08,0.09,-0.48781,-0.14669,-0.07955,0.85685,-0.72,1.13,0.11,-0.00044,-0.16244,0.07682,0.98372,-0.73,1.13,0.15,0.57991,-0.09585,0.13374,0.79789,-0.73,1.11,0.15,0.7896,-0.02586,0.15401,0.59342,-0.73,1.09,0.15,0.7896,-0.02586,0.15401,0.59342,-0.69,1.08,0.09,-0.48781,-0.14669,-0.07955,0.85685,-0.7,1.13,0.11,-0.03922,-0.16736,-0.01406,0.98501,-0.71,1.14,0.15,0.61597,-0.14035,0.08635,0.77034,-0.72,1.11,0.16,0.92253,-0.04378,0.06448,0.37798,-0.72,1.09,0.14,0.92253,-0.04378,0.06448,0.37798,-0.68,1.08,0.09,-0.48781,-0.14669,-0.07955,0.85685,-0.68,1.12,0.12,-0.16353,-0.15881,-0.1049,0.96801,-0.69,1.14,0.15,0.58037,-0.21378,0.00333,0.78578,-0.7,1.11,0.16,0.92289,-0.18045,0.08141,0.33027,-0.7,1.1,0.14,0.92289,-0.18045,0.08141,0.33027,-0.67,1.08,0.1,-0.415,-0.1242,-0.32018,0.84252,-0.67,1.11,0.13,-0.34301,-0.12831,-0.22483,0.90296,-0.67,1.13,0.15,0.43484,-0.28116,-0.14148,0.84371,-0.68,1.12,0.16,0.84183,-0.34455,0.03666,0.41385,-0.69,1.1,0.14,0.84183,-0.34455,0.03666,0.41385,-0.81,1.08,0.19
-0.79,1.46,-0.16,-0.79,1.46,-0.16,-0.85,1.09,0.11,0.32332,-0.06599,-0.14837,-0.93225,-0.86,1.06,0.06,0.32332,-0.06599,-0.14837,-0.93225,-0.83,1.07,0.09,0.46253,-0.15124,0.48379,-0.72742,-0.81,1.09,0.1,0.1701,0.02473,0.43056,-0.88604,-0.8,1.1,0.14,-0.00931,0.07271,0.49376,-0.8665,-0.8,1.1,0.16,-0.00931,0.07271,0.49376,-0.8665,-0.84,1.08,0.09,0.32332,-0.06599,-0.14837,-0.93225,-0.83,1.12,0.13,0.02278,-0.10375,-0.07808,-0.99127,-0.83,1.12,0.17,-0.35217,-0.12894,-0.05917,-0.92512,-0.82,1.1,0.19,-0.51021,-0.11008,-0.04371,-0.85186,-0.81,1.08,0.2,-0.51021,-0.11008,-0.04371,-0.85186,-0.85,1.07,0.09,0.32332,-0.06599,-0.14837,-0.93225,-0.86,1.11,0.13,0.11861,-0.08468,-0.14601,-0.97849,-0.85,1.12,0.17,-0.29405,-0.13925,-0.11098,-0.93906,-0.84,1.11,0.2,-0.4752,-0.14685,-0.14219,-0.8558,-0.83,1.09,0.21,-0.4752,-0.14685,-0.14219,-0.8558,-0.87,1.07,0.09,0.32332,-0.06599,-0.14837,-0.93225,-0.87,1.1,0.13,0.19428,-0.06279,-0.20456,-0.95732,-0.87,1.12,0.17,-0.24689,-0.16584,-0.19297,-0.93504,-0.86,1.11,0.19,-0.46899,-0.23223,-0.16787,-0.83543,-0.85,1.09,0.2,-0.46899,-0.23223,-0.16787,-0.83543,-0.88,1.07,0.1,0.26143,-0.0027,-0.3808,-0.88693,-0.89,1.09,0.13,0.20685,-0.0887,-0.27038,-0.93608,-0.89,1.1,0.16,-0.16604,-0.1725,-0.28708,-0.9275,-0.88,1.1,0.18,-0.36004,-0.27799,-0.2461,-0.85588,-0.86,1.09,0.19,-0.36004,-0.27799,-0.2461,-0.85588,-0.7,1.11,0.1,-0.48687,-0.14285,-0.09268,0.85672,-0.68,1.05,0.07,-0.48687,-0.14285,-0.09268,0.85672,-0.72,1.08,0.09,-0.44908,-0.11282,0.6654,0.58553,-0.74,1.09,0.11,-0.24964,0.09747,0.59904,0.75454,-0.75,1.1,0.14,-0.04162,0.21732,0.62635,0.74748,-0.74,1.11,0.16,-0.04162,0.21732,0.62635,0.74748,-0.71,1.08,0.09,-0.48687,-0.14285,-0.09268,0.85672,-0.72,1.13,0.11,-0.01598,-0.1646,0.05681,0.98459,-0.73,1.13,0.15,0.58024,-0.10783,0.12063,0.79821,-0.73,1.11,0.15,0.80113,-0.03883,0.14602,0.5791,-0.73,1.09,0.15,0.80113,-0.03883,0.14602,0.5791,-0.69,1.08,0.09,-0.48687,-0.14285,-0.09268,0.85672,-0.7,1.13,0.11,-0.02373,-0.16903,-0.02681,0.98496,-0.71,1.14,0.15,0.63781,-0.14867,0.0797,0.75149,-0.72,1.11,0.16,0.93889,-0.04936,0.06417,0.33456,-0.71,1.09,0.14,0.93889,-0.04936,0.06417,0.33456,-0.68,1.08,0.09,-0.48687,-0.14285,-0.09268,0.85672,-0.68,1.12,0.12,-0.13679,-0.16024,-0.11643,0.9706,-0.69,1.14,0.15,0.60589,-0.22189,-0.00303,0.76397,-0.7,1.11,0.16,0.93643,-0.18727,0.0828,0.28492,-0.7,1.1,0.14,0.93643,-0.18727,0.0828,0.28492,-0.67,1.08,0.1,-0.41304,-0.12055,-0.3328,0.83911,-0.67,1.11,0.13,-0.32468,-0.12918,-0.23738,0.90639,-0.67,1.13,0.15,0.45362,-0.2898,-0.14858,0.82956,-0.68,1.12,0.16,0.8527,-0.35437,0.0389,0.38186,-0.69,1.1,0.14,0.8527,-0.35437,0.0389,0.38186,-0.81,1.08,0.19
-0.79,1.46,-0.16,-0.79,1.46,-0.16,-0.85,1.09,0.11,0.32254,-0.07209,-0.1449,-0.93262,-0.86,1.06,0.06,0.32254,-0.07209,-0.1449,-0.93262,-0.83,1.07,0.09,0.46432,-0.15698,0.48538,-0.72399,-0.8,1.09,0.1,0.171,0.02053,0.4344,-0.8841,-0.8,1.1,0.13,-0.00297,0.06653,0.49897,-0.86406,-0.8,1.1,0.16,-0.00297,0.06653,0.49897,-0.86406,-0.84,1.08,0.09,0.32254,-0.07209,-0.1449,-0.93262,-0.83,1.12,0.13,0.02268,-0.10843,-0.07299,-0.99116,-0.82,1.12,0.17,-0.37006,-0.13237,-0.05013,-0.91816,-0.82,1.1,0.18,-0.53458,-0.11218,-0.03243,-0.83701,-0.81,1.08,0.19,-0.53458,-0.11218,-0.03243,-0.83701,-0.85,1.07,0.09,0.32254,-0.07209,-0.1449,-0.93262,-0.85,1.11,0.13,0.11838,-0.08981,-0.14141,-0.97874,-0.85,1.12,0.17,-0.29116,-0.14167,-0.10516,-0.94026,-0.84,1.11,0.2,-0.46853,-0.14786,-0.1364,-0.86024,-0.83,1.09,0.21,-0.46853,-0.14786,-0.1364,-0.86024,-0.87,1.07,0.09,0.32254,-0.07209,-0.1449,-0.93262,-0.87,1.1,0.13,0.19046,-0.06959,-0.19985,-0.95862,-0.87,1.12,0.17,-0.23803,-0.16718,-0.18792,-0.93812,-0.86,1.11,0.19,-0.45412,-0.23142,-0.16385,-0.84461,-0.85,1.09,0.2,-0.45412,-0.23142,-0.16385,-0.84461,-0.88,1.07,0.1,0.2599,-0.00833,-0.3773,-0.88883,-0.89,1.09,0.13,0.19757,-0.09626,-0.26602,-0.93858,-0.88,1.1,0.16,-0.17067,-0.17566,-0.28097,-0.92794,-0.88,1.1,0.18,-0.35749,-0.27776,-0.2417,-0.85827,-0.86,1.09,0.19,-0.35749,-0.27776,-0.2417,-0.85827,-0.7,1.11,0.1,-0.47448,-0.1423,-0.1054,0.86227,-0.68,1.05,0.07,-0.47448,-0.1423,-0.1054,0.86227,-0.72,1.08,0.09,-0.44031,-0.12522,0.65927,0.59651,-0.74,1.09,0.11,-0.24096,0.08142,0.59695,0.7609,-0.75,1.1,0.14,-0.03041,0.20262,0.62709,0.75151,-0.74,1.11,0.16,-0.03041,0.20262,0.62709,0.75151,-0.71,1.08,0.09,-0.47448,-0.1423,-0.1054,0.86227,-0.72,1.13,0.11,-0.04792,-0.17041,0.03231,0.98368,-0.73,1.13,0.15,0.53305,-0.13049,0.10147,0.82978,-0.74,1.11,0.16,0.75857,-0.06813,0.13241,0.63435,-0.73,1.09,0.15,0.75857,-0.06813,0.13241,0.63435,-0.69,1.08,0.09,-0.47448,-0.1423,-0.1054,0.86227,-0.7,1.13,0.11,-0.01592,-0.1722,-0.04204,0.98404,-0.71,1.13,0.15,0.62382,-0.16282,0.06631,0.76154,-0.72,1.11,0.16,0.92794,-0.07165,0.05861,0.36105,-0.72,1.09,0.14,0.92794,-0.07165,0.05861,0.36105,-0.68,1.08,0.09,-0.47448,-0.1423,-0.1054,0.86227,-0.68,1.12,0.12,-0.12138,-0.1615,-0.12994,0.97072,-0.69,1.13,0.16,0.60594,-0.23183,-0.01481,0.76084,-0.7,1.11,0.16,0.93303,-0.20284,0.07774,0.28681,-0.7,1.1,0.14,0.93303,-0.20284,0.07774,0.28681,-0.67,1.08,0.1,-0.39928,-0.11691,-0.34453,0.84155,-0.67,1.11,0.13,-0.30951,-0.12717,-0.24999,0.90859,-0.67,1.13,0.15,0.45517,-0.29456,-0.16192,0.82452,-0.68,1.12,0.16,0.84973,-0.36609,0.03041,0.37817,-0.69,1.1,0.14,0.84973,-0.36609,0.03041,0.37817,-0.81,1.08,0.19
-0.79,1.46,-0.16,-0.79,1.46,-0.16,-0.85,1.09,0.11,0.32536,-0.07379,-0.14692,-0.93119,-0.86,1.06,0.06,0.32536,-0.07379,-0.14692,-0.93119,-0.83,1.07,0.09,0.46733,-0.15678,0.48429,-0.72283,-0.8,1.09,0.1,0.17347,0.0204,0.43333,-0.88415,-0.8,1.1,0.13,0.0023,0.06479,0.49851,-0.86446,-0.8,1.1,0.16,0.0023,0.06479,0.49851,-0.86446,-0.84,1.08,0.09,0.32536,-0.07379,-0.14692,-0.93119,-0.83,1.12,0.13,0.02686,-0.10981,-0.075,-0.99076,-0.82,1.12,0.17,-0.3802,-0.13533,-0.04931,-0.91362,-0.82,1.1,0.18,-0.55053,-0.11521,-0.02969,-0.82629,-0.81,1.08,0.19,-0.55053,-0.11521,-0.02969,-0.82629,-0.85,1.07,0.09,0.32536,-0.07379,-0.14692,-0.93119,-0.85,1.11,0.13,0.11845,-0.0923,-0.14279,-0.9783,-0.85,1.13,0.17,-0.29011,-0.14442,-0.10554,-0.94013,-0.84,1.11,0.19,-0.4664,-0.15056,-0.13633,-0.86094,-0.83,1.09,0.21,-0.4664,-0.15056,-0.13633,-0.86094,-0.87,1.07,0.09,0.32536,-0.07379,-0.14692,-0.93119,-0.87,1.1,0.13,0.18465,-0.0737,-0.20086,-0.95923,-0.87,1.12,0.17,-0.23849,-0.17009,-0.188,-0.93747,-0.86,1.11,0.19,-0.45184,-0.23384,-0.16374,-0.84519,-0.85,1.09,0.2,-0.45184,-0.23384,-0.16374,-0.84519,-0.88,1.07,0.1,0.26201,-0.01079,-0.37932,-0.88733,-0.89,1.09,0.13,0.18908,-0.1001,-0.26777,-0.93943,-0.88,1.1,0.16,-0.17813,-0.17896,-0.28119,-0.92584,-0.87,1.09,0.18,-0.36107,-0.2801,-0.24244,-0.8558,-0.86,1.09,0.19,-0.36107,-0.2801,-0.24244,-0.8558,-0.7,1.1,0.11,-0.44506,-0.14585,-0.10851,0.87686,-0.68,1.05,0.07,-0.44506,-0.14585,-0.10851,0.87686,-0.72,1.07,0.09,-0.4289,-0.15655,0.65173,0.60563,-0.75,1.08,0.11,-0.24276,0.03608,0.59937,0.76192,-0.75,1.1,0.14,-0.04293,0.15262,0.64221,0.74995,-0.75,1.1,0.16,-0.04293,0.15262,0.64221,0.74995,-0.71,1.08,0.09,-0.44506,-0.14585,-0.10851,0.87686,-0.72,1.13,0.12,-0.12177,-0.17736,0.00622,0.97656,-0.74,1.14,0.15,0.33004,-0.16403,0.06025,0.92765,-0.74,1.12,0.17,0.51683,-0.12178,0.08438,0.84317,-0.74,1.1,0.18,0.51683,-0.12178,0.08438,0.84317,-0.7,1.08,0.09,-0.44506,-0.14585,-0.10851,0.87686,-0.7,1.13,0.12,-0.05435,-0.17097,-0.05805,0.98206,-0.72,1.13,0.16,0.49172,-0.1781,0.03194,0.85175,-0.72,1.11,0.17,0.80322,-0.12553,0.02454,0.58179,-0.73,1.09,0.16,0.80322,-0.12553,0.02454,0.58179,-0.68,1.08,0.1,-0.44506,-0.14585,-0.10851,0.87686,-0.68,1.12,0.13,-0.12846,-0.15745,-0.13834,0.96931,-0.69,1.13,0.16,0.52249,-0.23312,-0.04434,0.81896,-0.71,1.11,0.17,0.86208,-0.23324,0.03924,0.4482,-0.71,1.09,0.16,0.86208,-0.23324,0.03924,0.4482,-0.67,1.08,0.1,-0.36936,-0.11225,-0.34637,0.85499,-0.67,1.11,0.13,-0.29226,-0.1211,-0.25278,0.91434,-0.67,1.12,0.15,0.40629,-0.27881,-0.18752,0.84972,-0.68,1.11,0.17,0.79921,-0.37123,-0.01657,0.47242,-0.69,1.1,0.15,0.79921,-0.37123,-0.01657,0.47242,-0.81,1.08,0.19
-0.79,1.46,-0.16,-0.79,1.46,-0.16,-0.85,1.09,0.11,0.32842,-0.07473,-0.15128,-0.92934,-0.86,1.06,0.06,0.32842,-0.07473,-0.15128,-0.92934,-0.83,1.07,0.09,0.46608,-0.15811,0.48658,-0.72181,-0.8,1.09,0.1,0.1728,0.02,0.43606,-0.88295,-0.8,1.1,0.13,0.00246,0.06443,0.50124,-0.8629,-0.8,1.1,0.16,0.00246,0.06443,0.50124,-0.8629,-0.84,1.08,0.09,0.32842,-0.07473,-0.15128,-0.92934,-0.83,1.12,0.13,0.03185,-0.11061,-0.07994,-0.99013,-0.83,1.12,0.17,-0.38312,-0.13865,-0.05227,-0.91174,-0.82,1.1,0.18,-0.55523,-0.11913,-0.03153,-0.82252,-0.81,1.08,0.19,-0.55523,-0.11913,-0.03153,-0.82252,-0.85,1.07,0.09,0.32842,-0.07473,-0.15128,-0.92934,-0.85,1.11,0.13,0.1101,-0.09563,-0.14587,-0.9785,-0.85,1.13,0.17,-0.30767,-0.14971,-0.10546,-0.9337,-0.84,1.11,0.19,-0.48877,-0.15522,-0.13451,-0.84789,-0.83,1.09,0.21,-0.48877,-0.15522,-0.13451,-0.84789,-0.87,1.07,0.09,0.32842,-0.07473,-0.15128,-0.92934,-0.87,1.1,0.13,0.17174,-0.07813,-0.20398,-0.96062,-0.87,1.12,0.17,-0.2609,-0.17686,-0.1875,-0.93032,-0.86,1.11,0.19,-0.47786,-0.24059,-0.16098,-0.82937,-0.84,1.09,0.2,-0.47786,-0.24059,-0.16098,-0.82937,-0.88,1.07,0.1,0.2642,-0.01268,-0.38358,-0.88482,-0.89,1.09,0.13,0.18022,-0.10272,-0.27225,-0.9396,-0.88,1.1,0.16,-0.19641,-0.18527,-0.2827,-0.92042,-0.87,1.09,0.18,-0.38404,-0.28804,-0.24157,-0.84332,-0.86,1.08,0.19,-0.38404,-0.28804,-0.24157,-0.84332,-0.7,1.1,0.11,-0.41589,-0.155,-0.10386,0.89007,-0.69,1.05,0.07,-0.41589,-0.155,-0.10386,0.89007,-0.72,1.07,0.09,-0.42338,-0.19097,0.64434,0.60754,-0.75,1.08,0.11,-0.24082,-0.00395,0.60217,0.76117,-0.76,1.09,0.14,-0.06897,0.09219,0.6591,0.74319,-0.76,1.1,0.16,-0.06897,0.09219,0.6591,0.74319,-0.71,1.08,0.09,-0.41589,-0.155,-0.10386,0.89007,-0.73,1.12,0.12,-0.12266,-0.18486,0.00476,0.97507,-0.74,1.13,0.15,0.268,-0.17505,0.05095,0.94601,-0.75,1.12,0.17,0.41928,-0.13807,0.06865,0.89467,-0.75,1.1,0.19,0.41928,-0.13807,0.06865,0.89467,-0.7,1.08,0.09,-0.41589,-0.155,-0.10386,0.89007,-0.71,1.12,0.13,-0.0478,-0.17551,-0.05474,0.98179,-0.72,1.13,0.16,0.45249,-0.18175,0.02789,0.8726,-0.73,1.11,0.18,0.73102,-0.14025,0.01619,0.66759,-0.73,1.08,0.18,0.73102,-0.14025,0.01619,0.66759,-0.68,1.08,0.1,-0.41589,-0.155,-0.10386,0.89007,-0.69,1.12,0.13,-0.11259,-0.16102,-0.1323,0.97154,-0.7,1.13,0.17,0.47951,-0.2291,-0.05226,0.84549,-0.71,1.11,0.18,0.79581,-0.2421,0.01558,0.55483,-0.72,1.08,0.17,0.79581,-0.2421,0.01558,0.55483,-0.67,1.07,0.1,-0.33964,-0.11313,-0.34035,0.86949,-0.67,1.1,0.14,-0.26566,-0.12662,-0.24431,0.92396,-0.68,1.12,0.16,0.39422,-0.26747,-0.1887,0.85874,-0.69,1.11,0.17,0.75095,-0.36265,-0.05066,0.54954,-0.7,1.09,0.16,0.75095,-0.36265,-0.05066,0.54954,-0.81,1.08,0.19
-0.79,1.46,-0.16,-0.79,1.46,-0.16,-0.85,1.09,0.11,0.32858,-0.07301,-0.15255,-0.92921,-0.86,1.06,0.06,0.32858,-0.07301,-0.15255,-0.92921,-0.83,1.07,0.09,0.4582,-0.1592,0.49382,-0.7217,-0.8,1.09,0.1,0.16747,0.02133,0.44337,-0.8803,-0.8,1.1,0.14,-0.00376,0.06725,0.50759,-0.85896,-0.8,1.1,0.16,-0.00376,0.06725,0.50759,-0.85896,-0.84,1.08,0.09,0.32858,-0.07301,-0.15255,-0.92921,-0.83,1.12,0.13,0.03108,-0.10788,-0.08263,-0.99024,-0.83,1.12,0.17,-0.38535,-0.13735,-0.05562,-0.91079,-0.82,1.1,0.18,-0.55655,-0.11845,-0.03511,-0.82158,-0.81,1.08,0.19,-0.55655,-0.11845,-0.03511,-0.82158,-0.85,1.07,0.09,0.32858,-0.07301,-0.15255,-0.92921,-0.86,1.11,0.13,0.08872,-0.09663,-0.14576,-0.98058,-0.85,1.12,0.17,-0.34639,-0.15235,-0.10201,-0.92,-0.84,1.11,0.19,-0.53915,-0.15603,-0.12875,-0.81755,-0.83,1.09,0.2,-0.53915,-0.15603,-0.12875,-0.81755,-0.87,1.07,0.09,0.32858,-0.07301,-0.15255,-0.92921,-0.87,1.1,0.13,0.14861,-0.07987,-0.20421,-0.96428,-0.87,1.12,0.17,-0.31131,-0.18301,-0.18255,-0.91448,-0.86,1.1,0.19,-0.54099,-0.24656,-0.15184,-0.78961,-0.84,1.08,0.2,-0.54099,-0.24656,-0.15184,-0.78961,-0.88,1.07,0.1,0.26454,-0.01109,-0.38484,-0.88419,-0.89,1.09,0.13,0.17002,-0.1023,-0.27395,-0.94105,-0.88,1.1,0.16,-0.23124,-0.19212,-0.28032,-0.91161,-0.87,1.09,0.18,-0.43824,-0.29955,-0.2325,-0.81496,-0.86,1.08,0.19,-0.43824,-0.29955,-0.2325,-0.81496,-0.7,1.1,0.11,-0.41428,-0.16867,-0.08637,0.8902,-0.69,1.05,0.07,-0.41428,-0.16867,-0.08637,0.8902,-0.72,1.07,0.09,-0.43077,-0.19977,0.65045,0.59283,-0.75,1.08,0.11,-0.25439,-0.01409,0.61116,0.74938,-0.76,1.09,0.14,-0.10019,0.07142,0.67243,0.72986,-0.76,1.1,0.16,-0.10019,0.07142,0.67243,0.72986,-0.71,1.08,0.09,-0.41428,-0.16867,-0.08637,0.8902,-0.73,1.12,0.12,-0.11544,-0.19316,0.02784,0.97395,-0.74,1.13,0.15,0.23392,-0.17665,0.06786,0.95366,-0.75,1.12,0.17,0.36531,-0.13907,0.081,0.91687,-0.76,1.1,0.19,0.36531,-0.13907,0.081,0.91687,-0.7,1.08,0.09,-0.41428,-0.16867,-0.08637,0.8902,-0.71,1.12,0.13,-0.07909,-0.18068,-0.03933,0.97957,-0.72,1.13,0.16,0.38945,-0.18052,0.03696,0.90243,-0.73,1.11,0.18,0.64748,-0.14509,0.01969,0.74789,-0.74,1.09,0.18,0.64748,-0.14509,0.01969,0.74789,-0.68,1.08,0.1,-0.41428,-0.16867,-0.08637,0.8902,-0.69,1.12,0.13,-0.14858,-0.164,-0.11847,0.96799,-0.7,1.13,0.17,0.42013,-0.22385,-0.04521,0.87826,-0.71,1.11,0.18,0.73078,-0.23961,0.01318,0.63904,-0.72,1.09,0.18,0.73078,-0.23961,0.01318,0.63904,-0.68,1.07,0.1,-0.3377,-0.1257,-0.32297,0.87513,-0.68,1.1,0.14,-0.28367,-0.13512,-0.22611,0.92204,-0.68,1.12,0.16,0.35616,-0.25989,-0.17522,0.88029,-0.69,1.11,0.17,0.70134,-0.34966,-0.05509,0.61873,-0.7,1.09,0.17,0.70134,-0.34966,-0.05509,0.61873,-0.81,1.08,0.19
-0.79,1.46,-0.16,-0.79,1.46,-0.16,-0.85,1.09,0.11,0.3273,-0.07017,-0.14763,-0.93068,-0.86,1.06,0.06,0.3273,-0.07017,-0.14763,-0.93068,-0.83,1.07,0.09,0.44354,-0.16234,0.50927,-0.71942,-0.8,1.09,0.11,0.15855,0.0232,0.45939,-0.87366,-0.8,1.1,0.14,-0.01404,0.07244,0.5218,-0.84987,-0.8,1.1,0.16,-0.01404,0.07244,0.5218,-0.84987,-0.84,1.08,0.09,0.3273,-0.07017,-0.14763,-0.93068,-0.83,1.12,0.13,0.02438,-0.1025,-0.07923,-0.99127,-0.83,1.12,0.17,-0.39162,-0.13087,-0.05483,-0.90912,-0.82,1.1,0.18,-0.56068,-0.11178,-0.03566,-0.81967,-0.81,1.08,0.19,-0.56068,-0.11178,-0.03566,-0.81967,-0.85,1.07,0.09,0.3273,-0.07017,-0.14763,-0.93068,-0.86,1.11,0.13,0.06216,-0.0943,-0.14034,-0.98364,-0.85,1.12,0.17,-0.38854,-0.14935,-0.09547,-0.90422,-0.84,1.1,0.19,-0.59334,-0.15026,-0.12087,-0.78151,-0.83,1.08,0.2,-0.59334,-0.15026,-0.12087,-0.78151,-0.87,1.07,0.09,0.3273,-0.07017,-0.14763,-0.93068,-0.87,1.1,0.13,0.12489,-0.07748,-0.19956,-0.9688,-0.87,1.11,0.17,-0.35479,-0.18165,-0.17642,-0.9,-0.86,1.1,0.19,-0.59714,-0.24478,-0.14304,-0.75037,-0.84,1.08,0.19,-0.59714,-0.24478,-0.14304,-0.75037,-0.88,1.07,0.1,0.26455,-0.00778,-0.38025,-0.88621,-0.89,1.09,0.13,0.15785,-0.09846,-0.27052,-0.94457,-0.88,1.1,0.16,-0.26755,-0.19329,-0.27474,-0.90309,-0.87,1.09,0.18,-0.49517,-0.3049,-0.22072,-0.78302,-0.86,1.08,0.19,-0.49517,-0.3049,-0.22072,-0.78302,-0.71,1.09,0.12,-0.36846,-0.19388,-0.07742,0.9059,-0.69,1.05,0.07,-0.36846,-0.19388,-0.07742,0.9059,-0.73,1.06,0.09,-0.43027,-0.24653,0.63335,0.5941,-0.75,1.07,0.11,-0.25136,-0.06541,0.60773,0.75047,-0.77,1.08,0.14,-0.11663,0.00589,0.67898,0.72481,-0.77,1.09,0.16,-0.11663,0.00589,0.67898,0.72481,-0.72,1.07,0.09,-0.36846,-0.19388,-0.07742,0.9059,-0.74,1.11,0.13,-0.06264,-0.22885,0.05557,0.96985,-0.75,1.12,0.16,0.23891,-0.20388,0.09665,0.94446,-0.76,1.11,0.18,0.34595,-0.16477,0.10896,0.91722,-0.77,1.09,0.19,0.34595,-0.16477,0.10896,0.91722,-0.7,1.07,0.1,-0.36846,-0.19388,-0.07742,0.9059,-0.72,1.12,0.13,-0.10061,-0.19998,-0.03536,0.97398,-0.73,1.13,0.17,0.30103,-0.19915,0.03532,0.93192,-0.74,1.11,0.19,0.51514,-0.17492,0.01616,0.83891,-0.75,1.09,0.2,0.51514,-0.17492,0.01616,0.83891,-0.69,1.07,0.1,-0.36846,-0.19388,-0.07742,0.9059,-0.7,1.11,0.14,-0.18355,-0.17092,-0.11895,0.9607,-0.71,1.12,0.17,0.32853,-0.22865,-0.05448,0.91478,-0.72,1.11,0.19,0.61298,-0.25394,-0.00416,0.74817,-0.73,1.09,0.19,0.61298,-0.25394,-0.00416,0.74817,-0.68,1.07,0.11,-0.28909,-0.13824,-0.31066,0.89488,-0.68,1.1,0.14,-0.27987,-0.14026,-0.21692,0.92463,-0.69,1.11,0.17,0.29809,-0.24697,-0.17982,0.90433,-0.7,1.11,0.18,0.61074,-0.33799,-0.08384,0.71115,-0.71,1.09,0.18,0.61074,-0.33799,-0.08384,0.71115,-0.81,1.08,0.19
-0.8,1.46,-0.16,-0.8,1.46,-0.16,-0.85,1.09,0.11,0.32824,-0.06887,-0.1339,-0.93252,-0.86,1.06,0.06,0.32824,-0.06887,-0.1339,-0.93252,-0.83,1.07,0.09,0.43149,-0.16939,0.52856,-0.71117,-0.8,1.09,0.11,0.15432,0.02204,0.48076,-0.86288,-0.8,1.1,0.14,-0.01332,0.07248,0.54263,-0.83673,-0.8,1.1,0.16,-0.01332,0.07248,0.54263,-0.83673,-0.84,1.08,0.09,0.32824,-0.06887,-0.1339,-0.93252,-0.83,1.12,0.13,0.01922,-0.0975,-0.0657,-0.99288,-0.83,1.12,0.17,-0.39112,-0.12029,-0.04545,-0.91131,-0.82,1.1,0.18,-0.5572,-0.09942,-0.02895,-0.8239,-0.81,1.08,0.19,-0.5572,-0.09942,-0.02895,-0.8239,-0.85,1.07,0.09,0.32824,-0.06887,-0.1339,-0.93252,-0.85,1.11,0.13,0.05605,-0.08838,-0.12803,-0.98623,-0.85,1.12,0.18,-0.3972,-0.13864,-0.08688,-0.90303,-0.84,1.1,0.19,-0.60774,-0.13781,-0.11444,-0.77367,-0.83,1.08,0.2,-0.60774,-0.13781,-0.11444,-0.77367,-0.87,1.07,0.09,0.32824,-0.06887,-0.1339,-0.93252,-0.87,1.1,0.13,0.121,-0.0712,-0.18781,-0.97212,-0.87,1.11,0.17,-0.36401,-0.17118,-0.16859,-0.89987,-0.86,1.1,0.19,-0.61376,-0.23327,-0.13704,-0.74169,-0.84,1.08,0.19,-0.61376,-0.23327,-0.13704,-0.74169,-0.88,1.07,0.1,0.26763,-0.00621,-0.36749,-0.89067,-0.89,1.09,0.13,0.1569,-0.09017,-0.25988,-0.94853,-0.88,1.1,0.16,-0.28223,-0.1848,-0.26684,-0.90277,-0.87,1.09,0.18,-0.52322,-0.29787,-0.21168,-0.76987,-0.86,1.08,0.19,-0.52322,-0.29787,-0.21168,-0.76987,-0.71,1.09,0.12,-0.31777,-0.20469,-0.08202,0.92217,-0.69,1.05,0.07,-0.31777,-0.20469,-0.08202,0.92217,-0.73,1.06,0.09,-0.41835,-0.28467,0.60833,0.61146,-0.75,1.06,0.11,-0.2302,-0.10661,0.59386,0.76353,-0.77,1.07,0.14,-0.10791,-0.04806,0.67144,0.73158,-0.77,1.07,0.16,-0.10791,-0.04806,0.67144,0.73158,-0.72,1.07,0.1,-0.31777,-0.20469,-0.08202,0.92217,-0.74,1.1,0.13,0.01514,-0.24842,0.06549,0.96632,-0.76,1.1,0.17,0.29514,-0.21957,0.10787,0.9236,-0.76,1.09,0.18,0.39044,-0.17977,0.1216,0.89468,-0.77,1.07,0.2,0.39044,-0.17977,0.1216,0.89468,-0.7,1.07,0.1,-0.31777,-0.20469,-0.08202,0.92217,-0.72,1.11,0.14,-0.05714,-0.21097,-0.0382,0.97507,-0.74,1.11,0.18,0.32781,-0.21034,0.034,0.9204,-0.75,1.1,0.2,0.51869,-0.18592,0.01535,0.83436,-0.75,1.07,0.21,0.51869,-0.18592,0.01535,0.83436,-0.69,1.07,0.11,-0.31777,-0.20469,-0.08202,0.92217,-0.7,1.1,0.14,-0.1458,-0.17544,-0.12289,0.96585,-0.71,1.11,0.18,0.34848,-0.23217,-0.05996,0.90612,-0.72,1.1,0.2,0.60955,-0.25933,-0.01373,0.74901,-0.73,1.07,0.2,0.60955,-0.25933,-0.01373,0.74901,-0.68,1.06,0.11,-0.23684,-0.13602,-0.31117,0.91026,-0.68,1.09,0.15,-0.23459,-0.14282,-0.21758,0.9366,-0.69,1.1,0.17,0.31126,-0.23985,-0.18626,0.9005,-0.7,1.09,0.19,0.60076,-0.33177,-0.10152,0.72021,-0.71,1.08,0.19,0.60076,-0.33177,-0.10152,0.72021,-0.81,1.08,0.19
-0.8,1.46,-0.16,-0.8,1.46,-0.16,-0.85,1.09,0.11,0.32729,-0.0695,-0.12193,-0.93444,-0.86,1.06,0.06,0.32729,-0.0695,-0.12193,-0.93444,-0.82,1.07,0.09,0.42517,-0.1801,0.54005,-0.70366,-0.8,1.08,0.11,0.15691,0.01271,0.49577,-0.85407,-0.8,1.09,0.14,0.00721,0.05511,0.56095,-0.82598,-0.8,1.1,0.16,0.00721,0.05511,0.56095,-0.82598,-0.84,1.08,0.09,0.32729,-0.0695,-0.12193,-0.93444,-0.83,1.11,0.13,0.03272,-0.09745,-0.0533,-0.99327,-0.82,1.12,0.17,-0.35136,-0.11442,-0.03762,-0.92846,-0.82,1.1,0.19,-0.51682,-0.09231,-0.0241,-0.85076,-0.81,1.08,0.2,-0.51682,-0.09231,-0.0241,-0.85076,-0.85,1.07,0.09,0.32729,-0.0695,-0.12193,-0.93444,-0.85,1.11,0.13,0.0779,-0.08186,-0.11909,-0.98643,-0.85,1.12,0.18,-0.35522,-0.12704,-0.08492,-0.92221,-0.84,1.1,0.19,-0.56659,-0.12873,-0.11641,-0.80551,-0.83,1.08,0.2,-0.56659,-0.12873,-0.11641,-0.80551,-0.87,1.07,0.09,0.32729,-0.0695,-0.12193,-0.93444,-0.87,1.1,0.14,0.14459,-0.06215,-0.17928,-0.97113,-0.87,1.12,0.17,-0.33406,-0.15863,-0.16644,-0.91408,-0.86,1.1,0.19,-0.58677,-0.22133,-0.13863,-0.76648,-0.84,1.08,0.2,-0.58677,-0.22133,-0.13863,-0.76648,-0.88,1.07,0.1,0.26822,-0.00613,-0.35616,-0.89508,-0.88,1.09,0.13,0.17656,-0.07609,-0.25202,-0.94843,-0.88,1.1,0.16,-0.2601,-0.1693,-0.26675,-0.91243,-0.87,1.09,0.18,-0.50337,-0.28307,-0.21562,-0.7874,-0.86,1.08,0.19,-0.50337,-0.28307,-0.21562,-0.7874,-0.71,1.09,0.12,-0.31876,-0.19615,-0.09088,0.92285,-0.68,1.05,0.07,-0.31876,-0.19615,-0.09088,0.92285,-0.73,1.06,0.1,-0.42421,-0.27012,0.59748,0.62458,-0.75,1.07,0.11,-0.23189,-0.095,0.57825,0.77642,-0.77,1.07,0.14,-0.11005,-0.04109,0.6557,0.74583,-0.77,1.08,0.16,-0.11005,-0.04109,0.6557,0.74583,-0.72,1.07,0.1,-0.31876,-0.19615,-0.09088,0.92285,-0.74,1.1,0.13,0.03469,-0.24259,0.06019,0.96764,-0.75,1.1,0.17,0.32468,-0.21379,0.10359,0.9155,-0.76,1.09,0.18,0.42182,-0.17381,0.11822,0.88198,-0.77,1.07,0.2,0.42182,-0.17381,0.11822,0.88198,-0.7,1.07,0.1,-0.31876,-0.19615,-0.09088,0.92285,-0.72,1.11,0.14,-0.04128,-0.20667,-0.04493,0.97651,-0.73,1.11,0.18,0.37369,-0.20775,0.03309,0.90338,-0.74,1.09,0.2,0.57418,-0.17934,0.01638,0.79868,-0.75,1.07,0.2,0.57418,-0.17934,0.01638,0.79868,-0.68,1.07,0.11,-0.31876,-0.19615,-0.09088,0.92285,-0.7,1.1,0.15,-0.12812,-0.17227,-0.12902,0.96812,-0.71,1.11,0.18,0.38956,-0.23323,-0.06134,0.88887,-0.72,1.09,0.2,0.65416,-0.25897,-0.01261,0.71053,-0.73,1.07,0.2,0.65416,-0.25897,-0.01261,0.71053,-0.68,1.06,0.11,-0.23831,-0.12802,-0.32019,0.90791,-0.68,1.09,0.15,-0.22391,-0.13968,-0.22523,0.93788,-0.69,1.1,0.17,0.33345,-0.24286,-0.19151,0.89059,-0.7,1.09,0.19,0.62699,-0.33701,-0.10245,0.69485,-0.71,1.07,0.19,0.62699,-0.33701,-0.10245,0.69485,-0.81,1.08,0.19
-0.8,1.46,-0.16,-0.8,1.46,-0.16,-0.85,1.09,0.11,0.32177,-0.07142,-0.11679,-0.93687,-0.86,1.06,0.06,0.32177,-0.07142,-0.11679,-0.93687,-0.82,1.07,0.09,0.42333,-0.19621,0.54033,-0.70024,-0.8,1.08,0.11,0.16022,-0.00528,0.50162,-0.85011,-0.79,1.09,0.14,0.02847,0.02735,0.57117,-0.81988,-0.79,1.1,0.16,0.02847,0.02735,0.57117,-0.81988,-0.84,1.08,0.09,0.32177,-0.07142,-0.11679,-0.93687,-0.83,1.11,0.13,0.07073,-0.1082,-0.04582,-0.99055,-0.82,1.12,0.17,-0.27723,-0.12127,-0.03142,-0.9526,-0.82,1.11,0.19,-0.44344,-0.09849,-0.01949,-0.89066,-0.81,1.09,0.2,-0.44344,-0.09849,-0.01949,-0.89066,-0.85,1.07,0.09,0.32177,-0.07142,-0.11679,-0.93687,-0.85,1.11,0.14,0.13081,-0.07389,-0.11936,-0.98142,-0.85,1.13,0.18,-0.28377,-0.11862,-0.09116,-0.94715,-0.84,1.11,0.2,-0.49852,-0.12656,-0.12556,-0.84835,-0.83,1.09,0.21,-0.49852,-0.12656,-0.12556,-0.84835,-0.87,1.07,0.09,0.32177,-0.07142,-0.11679,-0.93687,-0.87,1.1,0.14,0.19498,-0.04915,-0.179,-0.96308,-0.87,1.12,0.17,-0.27364,-0.14697,-0.17297,-0.93467,-0.86,1.11,0.19,-0.53294,-0.21359,-0.14724,-0.8054,-0.85,1.09,0.2,-0.53294,-0.21359,-0.14724,-0.8054,-0.88,1.07,0.1,0.26315,-0.00642,-0.35087,-0.89866,-0.88,1.09,0.14,0.20966,-0.05814,-0.25048,-0.94336,-0.88,1.1,0.16,-0.21805,-0.15251,-0.27448,-0.92404,-0.88,1.09,0.18,-0.46393,-0.2692,-0.22661,-0.81299,-0.86,1.08,0.19,-0.46393,-0.2692,-0.22661,-0.81299,-0.71,1.09,0.12,-0.32246,-0.18755,-0.08926,0.92351,-0.68,1.05,0.07,-0.32246,-0.18755,-0.08926,0.92351,-0.72,1.06,0.1,-0.42274,-0.25934,0.59955,0.62815,-0.75,1.07,0.11,-0.23029,-0.08374,0.57697,0.77914,-0.76,1.08,0.14,-0.10732,-0.0304,0.65315,0.74897,-0.77,1.08,0.16,-0.10732,-0.0304,0.65315,0.74897,-0.71,1.07,0.1,-0.32246,-0.18755,-0.08926,0.92351,-0.73,1.11,0.14,0.03746,-0.23353,0.06016,0.96976,-0.75,1.1,0.17,0.34463,-0.20319,0.10465,0.91049,-0.76,1.09,0.18,0.44341,-0.16263,0.11923,0.87334,-0.76,1.07,0.2,0.44341,-0.16263,0.11923,0.87334,-0.7,1.07,0.1,-0.32246,-0.18755,-0.08926,0.92351,-0.71,1.11,0.14,-0.03002,-0.20031,-0.04164,0.97839,-0.73,1.11,0.18,0.41185,-0.19932,0.03941,0.88831,-0.74,1.09,0.19,0.62767,-0.16507,0.02366,0.76041,-0.74,1.07,0.2,0.62767,-0.16507,0.02366,0.76041,-0.68,1.07,0.11,-0.32246,-0.18755,-0.08926,0.92351,-0.7,1.1,0.15,-0.11474,-0.16755,-0.12532,0.97111,-0.71,1.11,0.18,0.42782,-0.22817,-0.05491,0.87286,-0.72,1.09,0.19,0.7003,-0.24994,-0.00469,0.66865,-0.73,1.07,0.19,0.7003,-0.24994,-0.00469,0.66865,-0.68,1.06,0.11,-0.24389,-0.12035,-0.31943,0.90774,-0.68,1.09,0.15,-0.21621,-0.13573,-0.22311,0.94077,-0.68,1.1,0.18,0.35768,-0.24097,-0.1883,0.88235,-0.69,1.09,0.19,0.65906,-0.335,-0.09579,0.66651,-0.71,1.07,0.19,0.65906,-0.335,-0.09579,0.66651,-0.81,1.08,0.19
-0.8,1.46,-0.16,-0.8,1.46,-0.16,-0.85,1.09,0.12,0.30046,-0.0717,-0.10531,-0.94525,-0.86,1.06,0.06,0.30046,-0.0717,-0.10531,-0.94525,-0.82,1.07,0.09,0.41505,-0.21925,0.53545,-0.70211,-0.8,1.08,0.11,0.14899,-0.02726,0.50521,-0.8496,-0.79,1.09,0.14,0.02498,0.001,0.57737,-0.8161,-0.79,1.09,0.16,0.02498,0.001,0.57737,-0.8161,-0.83,1.08,0.09,0.30046,-0.0717,-0.10531,-0.94525,-0.83,1.11,0.14,0.08621,-0.12627,-0.02883,-0.98782,-0.82,1.12,0.17,-0.2207,-0.13224,-0.01496,-0.96622,-0.81,1.11,0.19,-0.38258,-0.10694,-0.00391,-0.91771,-0.81,1.09,0.21,-0.38258,-0.10694,-0.00391,-0.91771,-0.85,1.07,0.09,0.30046,-0.0717,-0.10531,-0.94525,-0.85,1.11,0.14,0.19146,-0.05935,-0.11486,-0.97295,-0.85,1.13,0.18,-0.21337,-0.10319,-0.09407,-0.96694,-0.84,1.12,0.2,-0.43384,-0.117,-0.13252,-0.88348,-0.83,1.1,0.22,-0.43384,-0.117,-0.13252,-0.88348,-0.87,1.07,0.1,0.30046,-0.0717,-0.10531,-0.94525,-0.87,1.1,0.14,0.25284,-0.02846,-0.17201,-0.95167,-0.87,1.12,0.17,-0.20697,-0.12598,-0.17619,-0.95407,-0.86,1.11,0.2,-0.47396,-0.19619,-0.15494,-0.84431,-0.85,1.09,0.21,-0.47396,-0.19619,-0.15494,-0.84431,-0.88,1.07,0.1,0.24393,-0.00089,-0.3385,-0.9088,-0.88,1.09,0.14,0.23681,-0.03252,-0.24117,-0.94058,-0.88,1.1,0.16,-0.16943,-0.12147,-0.2791,-0.93736,-0.88,1.1,0.18,-0.41852,-0.24073,-0.23838,-0.84265,-0.86,1.08,0.19,-0.41852,-0.24073,-0.23838,-0.84265,-0.71,1.09,0.12,-0.33007,-0.17747,-0.08612,0.92311,-0.68,1.05,0.07,-0.33007,-0.17747,-0.08612,0.92311,-0.72,1.06,0.1,-0.42172,-0.24759,0.60402,0.6293,-0.75,1.07,0.11,-0.23008,-0.07108,0.57785,0.77981,-0.76,1.08,0.14,-0.10574,-0.01763,0.65245,0.75021,-0.77,1.08,0.17,-0.10574,-0.01763,0.65245,0.75021,-0.71,1.07,0.1,-0.33007,-0.17747,-0.08612,0.92311,-0.73,1.11,0.14,0.03277,-0.22236,0.05995,0.97257,-0.75,1.1,0.17,0.34334,-0.19249,0.10144,0.91366,-0.76,1.09,0.19,0.44299,-0.15222,0.11489,0.87601,-0.76,1.07,0.2,0.44299,-0.15222,0.11489,0.87601,-0.7,1.07,0.1,-0.33007,-0.17747,-0.08612,0.92311,-0.71,1.11,0.14,-0.03477,-0.19092,-0.04046,0.98016,-0.73,1.11,0.18,0.40833,-0.19045,0.03627,0.89201,-0.74,1.09,0.2,0.62737,-0.15723,0.01856,0.76246,-0.74,1.07,0.2,0.62737,-0.15723,0.01856,0.76246,-0.68,1.07,0.11,-0.33007,-0.17747,-0.08612,0.92311,-0.69,1.1,0.15,-0.12034,-0.15897,-0.12363,0.97209,-0.7,1.11,0.18,0.42403,-0.22032,-0.05787,0.87653,-0.72,1.09,0.19,0.7005,-0.24356,-0.00931,0.67074,-0.72,1.07,0.19,0.7005,-0.24356,-0.00931,0.67074,-0.68,1.07,0.11,-0.25379,-0.11216,-0.31756,0.90673,-0.68,1.09,0.15,-0.22282,-0.12819,-0.22096,0.9408,-0.68,1.1,0.17,0.35539,-0.23481,-0.18998,0.88457,-0.69,1.09,0.19,0.66096,-0.33038,-0.09818,0.66659,-0.71,1.08,0.19,0.66096,-0.33038,-0.09818,0.66659,-0.81,1.08,0.19
-0.8,1.46,-0.16,-0.8,1.46,-0.16,-0.85,1.09,0.12,0.23411,-0.08318,-0.06937,-0.96616,-0.86,1.07,0.06,0.23411,-0.08318,-0.06937,-0.96616,-0.82,1.07,0.09,0.38851,-0.26394,0.52171,-0.71219,-0.8,1.08,0.11,0.10238,-0.06258,0.51005,-0.85173,-0.79,1.08,0.14,-0.04265,-0.01997,0.58294,-0.81115,-0.79,1.08,0.16,-0.04265,-0.01997,0.58294,-0.81115,-0.83,1.08,0.09,0.23411,-0.08318,-0.06937,-0.96616,-0.82,1.1,0.14,0.0203,-0.14982,0.013,-0.98842,-0.81,1.11,0.18,-0.25576,-0.14114,0.02766,-0.95598,-0.81,1.09,0.2,-0.40925,-0.10836,0.03981,-0.90509,-0.8,1.08,0.21,-0.40925,-0.10836,0.03981,-0.90509,-0.85,1.08,0.09,0.23411,-0.08318,-0.06937,-0.96616,-0.84,1.11,0.14,0.17822,-0.05924,-0.08056,-0.9789,-0.84,1.12,0.18,-0.2006,-0.08745,-0.06517,-0.97358,-0.84,1.11,0.21,-0.4183,-0.09571,-0.10839,-0.89673,-0.83,1.09,0.22,-0.4183,-0.09571,-0.10839,-0.89673,-0.87,1.07,0.1,0.23411,-0.08318,-0.06937,-0.96616,-0.86,1.1,0.14,0.26204,-0.0223,-0.1355,-0.95524,-0.86,1.12,0.18,-0.18451,-0.10194,-0.14791,-0.96627,-0.86,1.11,0.2,-0.45551,-0.16561,-0.13462,-0.86427,-0.85,1.09,0.21,-0.45551,-0.16561,-0.13462,-0.86427,-0.87,1.07,0.1,0.18198,0.00533,-0.29852,-0.93688,-0.88,1.09,0.14,0.22437,-0.01309,-0.20209,-0.95323,-0.88,1.1,0.17,-0.16938,-0.08322,-0.25247,-0.94902,-0.88,1.09,0.19,-0.43248,-0.19923,-0.22216,-0.85083,-0.87,1.08,0.2,-0.43248,-0.19923,-0.22216,-0.85083,-0.7,1.09,0.12,-0.33405,-0.16832,-0.0918,0.92285,-0.68,1.06,0.07,-0.33405,-0.16832,-0.0918,0.92285,-0.72,1.07,0.1,-0.42119,-0.23857,0.6015,0.63552,-0.75,1.08,0.11,-0.22907,-0.06336,0.57231,0.78484,-0.76,1.08,0.14,-0.10533,-0.01234,0.64646,0.75554,-0.77,1.09,0.16,-0.10533,-0.01234,0.64646,0.75554,-0.71,1.07,0.1,-0.33405,-0.16832,-0.0918,0.92285,-0.73,1.11,0.13,0.03107,-0.21462,0.05088,0.97488,-0.75,1.11,0.17,0.33795,-0.18847,0.08945,0.91775,-0.75,1.09,0.18,0.43568,-0.14982,0.10184,0.88168,-0.76,1.08,0.2,0.43568,-0.14982,0.10184,0.88168,-0.7,1.07,0.1,-0.33405,-0.16832,-0.0918,0.92285,-0.71,1.12,0.14,-0.03762,-0.18504,-0.04769,0.98085,-0.73,1.12,0.18,0.39863,-0.18868,0.02564,0.89713,-0.73,1.1,0.19,0.61401,-0.15925,0.00707,0.77304,-0.74,1.08,0.2,0.61401,-0.15925,0.00707,0.77304,-0.68,1.07,0.1,-0.33405,-0.16832,-0.0918,0.92285,-0.69,1.11,0.14,-0.12684,-0.15236,-0.13093,0.97137,-0.7,1.12,0.18,0.41033,-0.21841,-0.06911,0.8827,-0.71,1.1,0.19,0.68399,-0.24631,-0.02173,0.68631,-0.72,1.08,0.19,0.68399,-0.24631,-0.02173,0.68631,-0.68,1.07,0.11,-0.25874,-0.10426,-0.32372,0.90409,-0.68,1.09,0.15,-0.23104,-0.1209,-0.22736,0.93825,-0.68,1.11,0.17,0.34526,-0.23278,-0.19953,0.88701,-0.69,1.1,0.18,0.64848,-0.33188,-0.1089,0.67637,-0.7,1.08,0.18,0.64848,-0.33188,-0.1089,0.67637,-0.81,1.08,0.19
-0.8,1.46,-0.16,-0.8,1.46,-0.16,-0.85,1.09,0.12,0.20857,-0.08756,-0.06238,-0.97208,-0.86,1.07,0.06,0.20857,-0.08756,-0.06238,-0.97208,-0.82,1.07,0.09,0.38667,-0.26777,0.5041,-0.72434,-0.8,1.08,0.11,0.08987,-0.06869,0.49502,-0.86149,-0.79,1.09,0.14,-0.07925,-0.01281,0.5678,-0.81924,-0.79,1.08,0.16,-0.07925,-0.01281,0.5678,-0.81924,-0.83,1.08,0.09,0.20857,-0.08756,-0.06238,-0.97208,-0.82,1.1,0.14,-0.00553,-0.15263,0.0186,-0.98809,-0.81,1.1,0.18,-0.28213,-0.14157,0.03406,-0.94826,-0.8,1.09,0.2,-0.43685,-0.10735,0.04735,-0.89185,-0.8,1.07,0.21,-0.43685,-0.10735,0.04735,-0.89185,-0.85,1.08,0.09,0.20857,-0.08756,-0.06238,-0.97208,-0.84,1.11,0.15,0.14647,-0.06364,-0.07211,-0.98453,-0.84,1.12,0.19,-0.22988,-0.08783,-0.05597,-0.96763,-0.83,1.11,0.21,-0.44588,-0.0921,-0.09924,-0.88479,-0.83,1.09,0.22,-0.44588,-0.0921,-0.09924,-0.88479,-0.87,1.08,0.1,0.20857,-0.08756,-0.06238,-0.97208,-0.86,1.1,0.14,0.23295,-0.02685,-0.12691,-0.9638,-0.86,1.12,0.18,-0.21635,-0.10138,-0.13876,-0.96107,-0.86,1.11,0.2,-0.48879,-0.1621,-0.12642,-0.84784,-0.85,1.09,0.21,-0.48879,-0.1621,-0.12642,-0.84784,-0.87,1.07,0.1,0.15722,0.00734,-0.28931,-0.94421,-0.88,1.09,0.14,0.19878,-0.01575,-0.19323,-0.96068,-0.88,1.1,0.17,-0.20319,-0.0821,-0.2429,-0.94497,-0.88,1.09,0.19,-0.48539,-0.20006,-0.21089,-0.82456,-0.86,1.08,0.2,-0.48539,-0.20006,-0.21089,-0.82456,-0.7,1.1,0.12,-0.33374,-0.16948,-0.09717,0.9222,-0.68,1.06,0.07,-0.33374,-0.16948,-0.09717,0.9222,-0.72,1.07,0.09,-0.42286,-0.23895,0.59775,0.6378,-0.75,1.08,0.11,-0.23217,-0.06657,0.56822,0.78663,-0.76,1.09,0.14,-0.11169,-0.01842,0.6433,0.7572,-0.77,1.09,0.16,-0.11169,-0.01842,0.6433,0.7572,-0.71,1.08,0.09,-0.33374,-0.16948,-0.09717,0.9222,-0.73,1.12,0.13,0.02284,-0.21646,0.04287,0.97508,-0.75,1.11,0.17,0.32827,-0.19309,0.082,0.92099,-0.75,1.1,0.18,0.42637,-0.15534,0.09458,0.88608,-0.76,1.08,0.2,0.42637,-0.15534,0.09458,0.88608,-0.7,1.07,0.1,-0.33374,-0.16948,-0.09717,0.9222,-0.71,1.12,0.14,-0.03835,-0.18788,-0.05251,0.98004,-0.73,1.12,0.18,0.39151,-0.19351,0.02126,0.89935,-0.73,1.1,0.19,0.60373,-0.1658,0.00344,0.77975,-0.74,1.08,0.2,0.60373,-0.1658,0.00344,0.77975,-0.68,1.08,0.1,-0.33374,-0.16948,-0.09717,0.9222,-0.69,1.11,0.14,-0.12691,-0.15465,-0.1359,0.97031,-0.7,1.12,0.18,0.40543,-0.22267,-0.07305,0.88358,-0.71,1.1,0.19,0.67628,-0.25189,-0.02483,0.69179,-0.72,1.08,0.19,0.67628,-0.25189,-0.02483,0.69179,-0.68,1.07,0.11,-0.25746,-0.10551,-0.32872,0.90251,-0.68,1.1,0.15,-0.23267,-0.12132,-0.23281,0.93645,-0.68,1.11,0.17,0.3452,-0.23678,-0.20321,0.88514,-0.69,1.1,0.18,0.64624,-0.33674,-0.11134,0.67571,-0.7,1.08,0.18,0.64624,-0.33674,-0.11134,0.67571,-0.81,1.08,0.19
-0.8,1.46,-0.16,-0.8,1.46,-0.16,-0.85,1.09,0.12,0.2099,-0.08833,-0.0724,-0.97103,-0.86,1.07,0.06,0.2099,-0.08833,-0.0724,-0.97103,-0.82,1.07,0.09,0.40641,-0.25384,0.47929,-0.7353,-0.8,1.09,0.11,0.10113,-0.06425,0.46585,-0.87672,-0.79,1.09,0.14,-0.09104,0.0004,0.53849,-0.8377,-0.79,1.09,0.16,-0.09104,0.0004,0.53849,-0.8377,-0.83,1.08,0.09,0.2099,-0.08833,-0.0724,-0.97103,-0.82,1.1,0.14,-0.00578,-0.1488,0.00674,-0.98883,-0.81,1.1,0.18,-0.28487,-0.14111,0.02195,-0.94787,-0.8,1.09,0.2,-0.44584,-0.10868,0.03628,-0.88775,-0.8,1.07,0.21,-0.44584,-0.10868,0.03628,-0.88775,-0.85,1.08,0.09,0.2099,-0.08833,-0.0724,-0.97103,-0.84,1.11,0.14,0.13019,-0.0682,-0.0804,-0.98587,-0.84,1.12,0.18,-0.24806,-0.09509,-0.06176,-0.96209,-0.83,1.1,0.21,-0.46778,-0.09956,-0.10297,-0.87216,-0.83,1.09,0.22,-0.46778,-0.09956,-0.10297,-0.87216,-0.87,1.08,0.1,0.2099,-0.08833,-0.0724,-0.97103,-0.86,1.1,0.14,0.22386,-0.03327,-0.13598,-0.96452,-0.86,1.11,0.18,-0.2369,-0.1125,-0.14308,-0.95433,-0.85,1.1,0.2,-0.52111,-0.17494,-0.1258,-0.82584,-0.84,1.08,0.21,-0.52111,-0.17494,-0.1258,-0.82584,-0.87,1.07,0.1,0.15697,0.00599,-0.29897,-0.94125,-0.88,1.09,0.14,0.19824,-0.02941,-0.20176,-0.95871,-0.88,1.1,0.17,-0.23334,-0.10526,-0.24332,-0.93556,-0.87,1.09,0.19,-0.54562,-0.22938,-0.19704,-0.78158,-0.86,1.07,0.19,-0.54562,-0.22938,-0.19704,-0.78158,-0.7,1.1,0.12,-0.32847,-0.17431,-0.10027,0.92286,-0.68,1.06,0.07,-0.32847,-0.17431,-0.10027,0.92286,-0.72,1.07,0.09,-0.42229,-0.24609,0.59459,0.63841,-0.75,1.08,0.11,-0.23435,-0.07689,0.56659,0.78622,-0.76,1.09,0.14,-0.11884,-0.03201,0.64318,0.75576,-0.77,1.09,0.16,-0.11884,-0.03201,0.64318,0.75576,-0.71,1.08,0.09,-0.32847,-0.17431,-0.10027,0.92286,-0.73,1.12,0.13,0.00761,-0.22121,0.03474,0.97458,-0.75,1.11,0.17,0.31134,-0.20071,0.07524,0.92581,-0.76,1.1,0.18,0.41054,-0.16379,0.08823,0.89266,-0.76,1.08,0.2,0.41054,-0.16379,0.08823,0.89266,-0.7,1.08,0.1,-0.32847,-0.17431,-0.10027,0.92286,-0.71,1.12,0.14,-0.03733,-0.19289,-0.05503,0.97897,-0.73,1.12,0.18,0.38404,-0.19928,0.01942,0.90135,-0.74,1.1,0.19,0.59043,-0.17286,0.00212,0.78836,-0.74,1.08,0.2,0.59043,-0.17286,0.00212,0.78836,-0.68,1.08,0.1,-0.32847,-0.17431,-0.10027,0.92286,-0.69,1.11,0.14,-0.12425,-0.15864,-0.13856,0.96964,-0.7,1.12,0.18,0.40073,-0.22683,-0.0748,0.88451,-0.72,1.1,0.19,0.66681,-0.25671,-0.02652,0.69912,-0.72,1.08,0.19,0.66681,-0.25671,-0.02652,0.69912,-0.68,1.07,0.11,-0.25091,-0.10906,-0.33104,0.90308,-0.68,1.1,0.15,-0.23126,-0.12236,-0.2361,0.93585,-0.68,1.11,0.17,0.34794,-0.23974,-0.20487,0.88289,-0.69,1.1,0.18,0.64431,-0.33959,-0.11344,0.67577,-0.7,1.08,0.18,0.64431,-0.33959,-0.11344,0.67577,-0.81,1.08,0.19
-0.8,1.46,-0.16,-0.8,1.46,-0.16,-0.85,1.1,0.12,0.24993,-0.07,-0.13866,-0.95572,-0.86,1.07,0.06,0.24993,-0.07,-0.13866,-0.95572,-0.82,1.08,0.09,0.4445,-0.20393,0.43788,-0.75439,-0.8,1.09,0.1,0.12842,-0.03413,0.40665,-0.90387,-0.8,1.1,0.14,-0.07457,0.02167,0.47741,-0.87525,-0.8,1.1,0.16,-0.07457,0.02167,0.47741,-0.87525,-0.84,1.08,0.09,0.24993,-0.07,-0.13866,-0.95572,-0.83,1.11,0.14,0.00927,-0.13799,-0.05833,-0.98867,-0.82,1.11,0.17,-0.28024,-0.14972,-0.0419,-0.94726,-0.81,1.1,0.19,-0.44231,-0.12824,-0.02528,-0.88728,-0.81,1.09,0.21,-0.44231,-0.12824,-0.02528,-0.88728,-0.85,1.08,0.09,0.24993,-0.07,-0.13866,-0.95572,-0.85,1.11,0.14,0.13153,-0.06658,-0.14466,-0.97844,-0.85,1.12,0.18,-0.25426,-0.1189,-0.12063,-0.95219,-0.84,1.11,0.2,-0.47194,-0.13565,-0.15411,-0.85739,-0.83,1.09,0.22,-0.47194,-0.13565,-0.15411,-0.85739,-0.87,1.08,0.09,0.24993,-0.07,-0.13866,-0.95572,-0.87,1.1,0.14,0.2245,-0.02989,-0.20107,-0.95304,-0.87,1.12,0.17,-0.24519,-0.14195,-0.20019,-0.9379,-0.86,1.11,0.2,-0.52385,-0.22028,-0.17053,-0.80497,-0.85,1.09,0.21,-0.52385,-0.22028,-0.17053,-0.80497,-0.88,1.07,0.1,0.19049,0.01208,-0.36589,-0.91087,-0.88,1.09,0.14,0.22339,-0.03564,-0.26653,-0.9369,-0.88,1.1,0.17,-0.21624,-0.14462,-0.29673,-0.91885,-0.88,1.09,0.18,-0.51816,-0.28382,-0.23263,-0.77255,-0.86,1.08,0.19,-0.51816,-0.28382,-0.23263,-0.77255,-0.71,1.1,0.12,-0.32777,-0.18047,-0.09996,0.92196,-0.68,1.06,0.07,-0.32777,-0.18047,-0.09996,0.92196,-0.73,1.07,0.09,-0.42381,-0.25063,0.59517,0.63509,-0.75,1.08,0.11,-0.24064,-0.08455,0.56785,0.78262,-0.76,1.09,0.14,-0.12692,-0.03953,0.64537,0.75222,-0.77,1.09,0.16,-0.12692,-0.03953,0.64537,0.75222,-0.71,1.08,0.09,-0.32777,-0.18047,-0.09996,0.92196,-0.73,1.12,0.13,-0.02511,-0.22667,0.02742,0.97326,-0.75,1.12,0.17,0.27612,-0.20929,0.06915,0.93551,-0.76,1.1,0.18,0.37728,-0.17329,0.08217,0.90602,-0.76,1.09,0.2,0.37728,-0.17329,0.08217,0.90602,-0.7,1.08,0.1,-0.32777,-0.18047,-0.09996,0.92196,-0.71,1.12,0.14,-0.05544,-0.19663,-0.05744,0.97722,-0.73,1.12,0.18,0.35522,-0.20417,0.01625,0.91207,-0.74,1.11,0.19,0.55536,-0.18092,-0.00148,0.81169,-0.74,1.08,0.2,0.55536,-0.18092,-0.00148,0.81169,-0.68,1.08,0.1,-0.32777,-0.18047,-0.09996,0.92196,-0.69,1.11,0.14,-0.13336,-0.16205,-0.13932,0.96775,-0.7,1.12,0.18,0.37722,-0.22939,-0.07696,0.89396,-0.72,1.1,0.19,0.63838,-0.26082,-0.0298,0.72357,-0.73,1.08,0.2,0.63838,-0.26082,-0.0298,0.72357,-0.68,1.07,0.11,-0.24902,-0.11501,-0.33034,0.90313,-0.68,1.1,0.15,-0.23579,-0.12433,-0.23649,0.93435,-0.68,1.11,0.17,0.33805,-0.24082,-0.20526,0.88634,-0.69,1.1,0.18,0.62489,-0.33945,-0.11801,0.69308,-0.71,1.08,0.19,0.62489,-0.33945,-0.11801,0.69308,-0.81,1.08,0.19
-0.8,1.46,-0.16,-0.8,1.46,-0.16,-0.86,1.1,0.11,0.29272,-0.05287,-0.2,-0.93355,-0.86,1.06,0.06,0.29272,-0.05287,-0.2,-0.93355,-0.83,1.08,0.09,0.46893,-0.1609,0.41491,-0.76293,-0.81,1.1,0.1,0.14895,-0.00396,0.36799,-0.91781,-0.8,1.11,0.13,-0.05561,0.04293,0.43578,-0.89731,-0.81,1.11,0.16,-0.05561,0.04293,0.43578,-0.89731,-0.84,1.09,0.09,0.29272,-0.05287,-0.2,-0.93355,-0.84,1.12,0.13,0.01325,-0.13579,-0.1153,-0.98392,-0.83,1.12,0.17,-0.28026,-0.16471,-0.096,-0.9408,-0.82,1.11,0.19,-0.43114,-0.15132,-0.0781,-0.88607,-0.81,1.1,0.2,-0.43114,-0.15132,-0.0781,-0.88607,-0.85,1.08,0.09,0.29272,-0.05287,-0.2,-0.93355,-0.86,1.12,0.14,0.14788,-0.07087,-0.20339,-0.96527,-0.86,1.13,0.18,-0.25155,-0.14872,-0.17037,-0.94105,-0.85,1.12,0.2,-0.46111,-0.17487,-0.19559,-0.84767,-0.84,1.1,0.21,-0.46111,-0.17487,-0.19559,-0.84767,-0.87,1.07,0.09,0.29272,-0.05287,-0.2,-0.93355,-0.87,1.1,0.14,0.21922,-0.03673,-0.26011,-0.93965,-0.88,1.12,0.17,-0.25161,-0.17739,-0.24723,-0.91875,-0.86,1.11,0.19,-0.51735,-0.26678,-0.20538,-0.78676,-0.85,1.09,0.2,-0.51735,-0.26678,-0.20538,-0.78676,-0.88,1.07,0.1,0.22726,0.01557,-0.427,-0.87509,-0.89,1.09,0.14,0.22324,-0.05461,-0.32454,-0.91753,-0.89,1.1,0.16,-0.20364,-0.18479,-0.34017,-0.89926,-0.88,1.1,0.18,-0.47104,-0.32785,-0.26813,-0.77378,-0.86,1.08,0.19,-0.47104,-0.32785,-0.26813,-0.77378,-0.71,1.1,0.12,-0.32858,-0.18718,-0.10284,0.92001,-0.69,1.06,0.07,-0.32858,-0.18718,-0.10284,0.92001,-0.73,1.07,0.09,-0.43215,-0.25702,0.58895,0.63272,-0.75,1.08,0.11,-0.252,-0.09579,0.56276,0.78142,-0.77,1.09,0.14,-0.14196,-0.05235,0.64213,0.75151,-0.77,1.09,0.16,-0.14196,-0.05235,0.64213,0.75151,-0.72,1.08,0.09,-0.32858,-0.18718,-0.10284,0.92001,-0.73,1.12,0.13,-0.07542,-0.23233,0.01172,0.96964,-0.75,1.12,0.16,0.22319,-0.22097,0.05509,0.9478,-0.76,1.11,0.18,0.32876,-0.18687,0.06848,0.9232,-0.77,1.1,0.2,0.32876,-0.18687,0.06848,0.9232,-0.7,1.08,0.1,-0.32858,-0.18718,-0.10284,0.92001,-0.71,1.12,0.14,-0.09058,-0.19894,-0.06736,0.97349,-0.73,1.13,0.18,0.30367,-0.21095,0.00418,0.92912,-0.74,1.11,0.2,0.4945,-0.19416,-0.01432,0.84709,-0.75,1.09,0.21,0.4945,-0.19416,-0.01432,0.84709,-0.68,1.08,0.1,-0.32858,-0.18718,-0.10284,0.92001,-0.7,1.11,0.14,-0.15666,-0.16338,-0.14626,0.963,-0.71,1.12,0.18,0.33121,-0.23295,-0.08725,0.91017,-0.72,1.11,0.19,0.58266,-0.26887,-0.04198,0.7658,-0.73,1.09,0.2,0.58266,-0.26887,-0.04198,0.7658,-0.68,1.07,0.11,-0.24805,-0.12199,-0.33272,0.90161,-0.68,1.1,0.15,-0.25258,-0.12239,-0.24159,0.9289,-0.68,1.11,0.17,0.30311,-0.23956,-0.21432,0.89711,-0.69,1.1,0.19,0.57683,-0.33934,-0.1332,0.73101,-0.71,1.09,0.19,0.57683,-0.33934,-0.1332,0.73101,-0.81,1.08,0.19
-0.8,1.46,-0.16,-0.8,1.46,-0.16,-0.86,1.1,0.11,0.31336,-0.05172,-0.21581,-0.92334,-0.86,1.06,0.06,0.31336,-0.05172,-0.21581,-0.92334,-0.83,1.09,0.08,0.47653,-0.15266,0.41833,-0.75803,-0.81,1.1,0.1,0.15898,0.00399,0.36816,-0.91606,-0.81,1.11,0.13,-0.04252,0.0498,0.43514,-0.89798,-0.81,1.11,0.16,-0.04252,0.0498,0.43514,-0.89798,-0.84,1.09,0.09,0.31336,-0.05172,-0.21581,-0.92334,-0.84,1.12,0.13,0.01032,-0.13915,-0.1273,-0.982,-0.83,1.13,0.17,-0.29669,-0.17296,-0.1038,-0.93343,-0.82,1.11,0.18,-0.43849,-0.15973,-0.08562,-0.88027,-0.81,1.1,0.2,-0.43849,-0.15973,-0.08562,-0.88027,-0.86,1.08,0.09,0.31336,-0.05172,-0.21581,-0.92334,-0.86,1.12,0.13,0.14246,-0.08481,-0.21406,-0.96265,-0.86,1.13,0.17,-0.27236,-0.16878,-0.17159,-0.93161,-0.85,1.12,0.19,-0.47627,-0.1925,-0.19247,-0.8361,-0.83,1.1,0.21,-0.47627,-0.1925,-0.19247,-0.8361,-0.87,1.08,0.09,0.31336,-0.05172,-0.21581,-0.92334,-0.88,1.11,0.13,0.21073,-0.05212,-0.27277,-0.93727,-0.88,1.12,0.17,-0.25859,-0.19659,-0.25103,-0.91185,-0.86,1.11,0.19,-0.50725,-0.28281,-0.20733,-0.78723,-0.85,1.1,0.2,-0.50725,-0.28281,-0.20733,-0.78723,-0.88,1.07,0.09,0.24545,0.01069,-0.44311,-0.86215,-0.89,1.09,0.13,0.21462,-0.07208,-0.33819,-0.91344,-0.89,1.1,0.16,-0.17507,-0.1923,-0.35082,-0.89961,-0.88,1.1,0.18,-0.38808,-0.32024,-0.29443,-0.8125,-0.86,1.09,0.19,-0.38808,-0.32024,-0.29443,-0.8125,-0.71,1.1,0.12,-0.32394,-0.18759,-0.10477,0.92136,-0.69,1.06,0.07,-0.32394,-0.18759,-0.10477,0.92136,-0.73,1.07,0.09,-0.44096,-0.26799,0.57506,0.63486,-0.75,1.08,0.11,-0.25785,-0.11024,0.5519,0.78535,-0.77,1.09,0.14,-0.15153,-0.06965,0.63357,0.7555,-0.78,1.09,0.16,-0.15153,-0.06965,0.63357,0.7555,-0.72,1.08,0.09,-0.32394,-0.18759,-0.10477,0.92136,-0.73,1.12,0.13,-0.10324,-0.22727,-0.00322,0.96834,-0.75,1.12,0.16,0.20078,-0.22113,0.04048,0.95349,-0.76,1.11,0.18,0.31405,-0.18855,0.05483,0.92888,-0.77,1.1,0.2,0.31405,-0.18855,0.05483,0.92888,-0.7,1.08,0.1,-0.32394,-0.18759,-0.10477,0.92136,-0.71,1.12,0.14,-0.11222,-0.19467,-0.0765,0.97142,-0.73,1.13,0.18,0.27162,-0.21083,-0.00839,0.93899,-0.74,1.11,0.2,0.45363,-0.19883,-0.02845,0.86826,-0.75,1.1,0.21,0.45363,-0.19883,-0.02845,0.86826,-0.68,1.08,0.1,-0.32394,-0.18759,-0.10477,0.92136,-0.7,1.11,0.14,-0.1809,-0.15756,-0.15378,0.95854,-0.71,1.12,0.18,0.29388,-0.23109,-0.09923,0.92216,-0.72,1.11,0.2,0.53648,-0.27137,-0.05662,0.79708,-0.73,1.09,0.2,0.53648,-0.27137,-0.05662,0.79708,-0.68,1.07,0.11,-0.24317,-0.12127,-0.3342,0.90248,-0.68,1.1,0.15,-0.27745,-0.11224,-0.24587,0.92194,-0.68,1.11,0.17,0.26378,-0.23222,-0.22614,0.90849,-0.69,1.1,0.19,0.52701,-0.33429,-0.15121,0.76658,-0.71,1.09,0.19,0.52701,-0.33429,-0.15121,0.76658,-0.81,1.08,0.19
-0.8,1.46,-0.16,-0.8,1.46,-0.16,-0.86,1.1,0.11,0.33558,-0.06603,-0.18821,-0.92065,-0.86,1.06,0.06,0.33558,-0.06603,-0.18821,-0.92065,-0.83,1.08,0.08,0.47971,-0.16589,0.45734,-0.7302,-0.81,1.1,0.1,0.17175,0.00557,0.41125,-0.89518,-0.8,1.11,0.13,-0.0245,0.05992,0.47637,-0.87686,-0.8,1.11,0.15,-0.0245,0.05992,0.47637,-0.87686,-0.84,1.08,0.08,0.33558,-0.06603,-0.18821,-0.92065,-0.84,1.12,0.13,0.01639,-0.14339,-0.09364,-0.98509,-0.83,1.13,0.16,-0.31606,-0.16854,-0.0662,-0.9313,-0.82,1.11,0.18,-0.4564,-0.14945,-0.04863,-0.87579,-0.81,1.09,0.19,-0.4564,-0.14945,-0.04863,-0.87579,-0.85,1.08,0.08,0.33558,-0.06603,-0.18821,-0.92065,-0.86,1.12,0.13,0.14432,-0.10329,-0.17949,-0.96762,-0.85,1.13,0.17,-0.27189,-0.17105,-0.13273,-0.93766,-0.84,1.12,0.19,-0.46914,-0.18532,-0.15552,-0.84934,-0.83,1.1,0.2,-0.46914,-0.18532,-0.15552,-0.84934,-0.87,1.07,0.09,0.33558,-0.06603,-0.18821,-0.92065,-0.87,1.11,0.13,0.21055,-0.0742,-0.24145,-0.94438,-0.87,1.12,0.16,-0.25387,-0.19905,-0.21518,-0.92175,-0.86,1.11,0.19,-0.49315,-0.27293,-0.17586,-0.80708,-0.85,1.1,0.2,-0.49315,-0.27293,-0.17586,-0.80708,-0.88,1.07,0.09,0.26791,-0.00764,-0.41869,-0.86768,-0.89,1.09,0.13,0.21254,-0.09678,-0.30835,-0.92216,-0.89,1.1,0.16,-0.16705,-0.19806,-0.31682,-0.91241,-0.88,1.1,0.17,-0.37481,-0.31442,-0.26321,-0.83149,-0.86,1.09,0.19,-0.37481,-0.31442,-0.26321,-0.83149,-0.71,1.09,0.12,-0.30244,-0.18015,-0.0907,0.93159,-0.69,1.06,0.07,-0.30244,-0.18015,-0.0907,0.93159,-0.73,1.07,0.09,-0.42306,-0.28259,0.57734,0.63863,-0.75,1.07,0.11,-0.23635,-0.12036,0.559,0.78561,-0.77,1.08,0.14,-0.13061,-0.08057,0.6406,0.75238,-0.78,1.09,0.16,-0.13061,-0.08057,0.6406,0.75238,-0.72,1.07,0.09,-0.30244,-0.18015,-0.0907,0.93159,-0.73,1.11,0.14,-0.0998,-0.20676,-0.00343,0.97328,-0.75,1.12,0.17,0.23948,-0.20023,0.04128,0.94913,-0.76,1.11,0.19,0.36876,-0.16625,0.05767,0.91272,-0.76,1.09,0.2,0.36876,-0.16625,0.05767,0.91272,-0.7,1.07,0.1,-0.30244,-0.18015,-0.0907,0.93159,-0.71,1.11,0.14,-0.07644,-0.18434,-0.0619,0.97793,-0.73,1.12,0.18,0.30584,-0.19523,0.00078,0.93185,-0.74,1.1,0.2,0.47514,-0.17996,-0.02326,0.861,-0.75,1.09,0.21,0.47514,-0.17996,-0.02326,0.861,-0.68,1.07,0.1,-0.30244,-0.18015,-0.0907,0.93159,-0.7,1.1,0.15,-0.16101,-0.14578,-0.14046,0.96597,-0.7,1.12,0.18,0.3078,-0.21309,-0.09498,0.92241,-0.72,1.1,0.2,0.53629,-0.25237,-0.06104,0.8031,-0.73,1.09,0.21,0.53629,-0.25237,-0.06104,0.8031,-0.68,1.07,0.11,-0.22569,-0.10792,-0.31982,0.91386,-0.68,1.09,0.15,-0.30831,-0.08019,-0.23457,0.91842,-0.68,1.11,0.17,0.23047,-0.20101,-0.23412,0.92286,-0.69,1.1,0.19,0.48522,-0.30525,-0.17191,0.80114,-0.7,1.09,0.2,0.48522,-0.30525,-0.17191,0.80114,-0.81,1.08,0.19
-0.8,1.46,-0.16,-0.8,1.46,-0.16,-0.85,1.09,0.11,0.32601,-0.0748,-0.14004,-0.93194,-0.86,1.06,0.06,0.32601,-0.0748,-0.14004,-0.93194,-0.83,1.07,0.08,0.45755,-0.18841,0.49993,-0.71079,-0.8,1.09,0.1,0.15934,0.00123,0.4612,-0.87287,-0.8,1.1,0.13,-0.03154,0.06379,0.52419,-0.84862,-0.8,1.1,0.15,-0.03154,0.06379,0.52419,-0.84862,-0.84,1.08,0.08,0.32601,-0.0748,-0.14004,-0.93194,-0.83,1.12,0.13,0.00157,-0.13262,-0.04793,-0.99001,-0.82,1.12,0.16,-0.34202,-0.1431,-0.02522,-0.92839,-0.82,1.1,0.18,-0.48245,-0.11784,-0.01094,-0.86789,-0.81,1.08,0.19,-0.48245,-0.11784,-0.01094,-0.86789,-0.85,1.07,0.08,0.32601,-0.0748,-0.14004,-0.93194,-0.85,1.12,0.13,0.11402,-0.10581,-0.12787,-0.97952,-0.85,1.13,0.17,-0.29289,-0.15047,-0.08674,-0.94024,-0.84,1.11,0.19,-0.47862,-0.15356,-0.11609,-0.85666,-0.83,1.09,0.2,-0.47862,-0.15356,-0.11609,-0.85666,-0.87,1.07,0.09,0.32601,-0.0748,-0.14004,-0.93194,-0.87,1.1,0.13,0.18173,-0.08092,-0.19079,-0.96126,-0.87,1.12,0.17,-0.26518,-0.17636,-0.17223,-0.93216,-0.86,1.11,0.19,-0.49836,-0.23833,-0.14326,-0.82117,-0.84,1.09,0.2,-0.49836,-0.23833,-0.14326,-0.82117,-0.88,1.07,0.09,0.26339,-0.01168,-0.37289,-0.88963,-0.89,1.09,0.13,0.18933,-0.10211,-0.2603,-0.94126,-0.88,1.1,0.16,-0.19236,-0.18201,-0.2716,-0.92526,-0.87,1.1,0.18,-0.40354,-0.28794,-0.22502,-0.83882,-0.86,1.08,0.19,-0.40354,-0.28794,-0.22502,-0.83882,-0.71,1.09,0.12,-0.29856,-0.17501,-0.08119,0.93469,-0.69,1.06,0.07,-0.29856,-0.17501,-0.08119,0.93469,-0.73,1.07,0.09,-0.42025,-0.28244,0.57889,0.63915,-0.75,1.07,0.11,-0.23083,-0.1175,0.56114,0.78615,-0.77,1.08,0.14,-0.12382,-0.0772,0.6422,0.75253,-0.78,1.09,0.16,-0.12382,-0.0772,0.6422,0.75253,-0.72,1.07,0.09,-0.29856,-0.17501,-0.08119,0.93469,-0.74,1.11,0.13,-0.1107,-0.20046,0.00121,0.97343,-0.75,1.12,0.17,0.25025,-0.19201,0.04786,0.94774,-0.76,1.11,0.19,0.39164,-0.15627,0.06582,0.90436,-0.76,1.09,0.2,0.39164,-0.15627,0.06582,0.90436,-0.7,1.07,0.1,-0.29856,-0.17501,-0.08119,0.93469,-0.71,1.11,0.14,-0.06006,-0.18037,-0.05001,0.98049,-0.73,1.12,0.18,0.32023,-0.18683,0.00989,0.92868,-0.74,1.1,0.2,0.48617,-0.1693,-0.0159,0.85716,-0.75,1.08,0.21,0.48617,-0.1693,-0.0159,0.85716,-0.68,1.07,0.1,-0.29856,-0.17501,-0.08119,0.93469,-0.7,1.1,0.14,-0.1539,-0.14008,-0.13087,0.96931,-0.71,1.12,0.18,0.31275,-0.2031,-0.08989,0.9235,-0.72,1.1,0.2,0.53972,-0.24133,-0.05923,0.80434,-0.73,1.08,0.21,0.53972,-0.24133,-0.05923,0.80434,-0.68,1.07,0.11,-0.22428,-0.10155,-0.31081,0.91803,-0.68,1.09,0.15,-0.32606,-0.05563,-0.22715,0.91597,-0.68,1.11,0.17,0.21612,-0.17874,-0.24021,0.92932,-0.69,1.1,0.19,0.47378,-0.28623,-0.18356,0.81235,-0.7,1.09,0.2,0.47378,-0.28623,-0.18356,0.81235,-0.81,1.08,0.19
-0.8,1.46,-0.16,-0.8,1.46,-0.16,-0.85,1.09,0.11,0.31271,-0.0695,-0.11353,-0.94047,-0.86,1.06,0.06,0.31271,-0.0695,-0.11353,-0.94047,-0.83,1.07,0.09,0.43513,-0.19427,0.52205,-0.70738,-0.8,1.08,0.1,0.14576,0.00252,0.4845,-0.86256,-0.8,1.09,0.13,-0.03817,0.0651,0.54629,-0.83419,-0.8,1.09,0.16,-0.03817,0.0651,0.54629,-0.83419,-0.84,1.08,0.09,0.31271,-0.0695,-0.11353,-0.94047,-0.83,1.11,0.13,-0.00884,-0.11357,-0.02999,-0.99304,-0.82,1.11,0.17,-0.35229,-0.11879,-0.01502,-0.9282,-0.82,1.1,0.18,-0.49492,-0.09215,-0.00395,-0.86403,-0.81,1.08,0.2,-0.49492,-0.09215,-0.00395,-0.86403,-0.85,1.07,0.09,0.31271,-0.0695,-0.11353,-0.94047,-0.85,1.11,0.13,0.08978,-0.09438,-0.10301,-0.98611,-0.85,1.12,0.17,-0.2996,-0.12833,-0.07115,-0.94271,-0.84,1.11,0.19,-0.47631,-0.12791,-0.10576,-0.86347,-0.83,1.09,0.21,-0.47631,-0.12791,-0.10576,-0.86347,-0.87,1.07,0.09,0.31271,-0.0695,-0.11353,-0.94047,-0.87,1.1,0.13,0.15746,-0.07216,-0.16474,-0.97101,-0.87,1.11,0.17,-0.27411,-0.15338,-0.15594,-0.93649,-0.86,1.1,0.19,-0.50263,-0.21123,-0.13491,-0.82737,-0.85,1.08,0.2,-0.50263,-0.21123,-0.13491,-0.82737,-0.88,1.07,0.09,0.25517,-0.00211,-0.34723,-0.9024,-0.89,1.09,0.13,0.1682,-0.09279,-0.23552,-0.95269,-0.88,1.1,0.16,-0.21452,-0.16224,-0.25253,-0.92945,-0.88,1.09,0.18,-0.42672,-0.26425,-0.21261,-0.83838,-0.86,1.08,0.19,-0.42672,-0.26425,-0.21261,-0.83838,-0.71,1.09,0.12,-0.28233,-0.16784,-0.06377,0.94237,-0.69,1.06,0.07,-0.28233,-0.16784,-0.06377,0.94237,-0.73,1.07,0.09,-0.41147,-0.28836,0.57828,0.64276,-0.75,1.07,0.11,-0.22354,-0.12438,0.56168,0.78681,-0.77,1.08,0.14,-0.11858,-0.08585,0.64311,0.75165,-0.78,1.08,0.16,-0.11858,-0.08585,0.64311,0.75165,-0.72,1.07,0.09,-0.28233,-0.16784,-0.06377,0.94237,-0.74,1.11,0.14,-0.10117,-0.21891,0.02831,0.97007,-0.75,1.12,0.17,0.25142,-0.19987,0.07831,0.94377,-0.76,1.1,0.19,0.39448,-0.15926,0.09775,0.8997,-0.77,1.09,0.2,0.39448,-0.15926,0.09775,0.8997,-0.7,1.07,0.1,-0.28233,-0.16784,-0.06377,0.94237,-0.72,1.11,0.14,-0.07342,-0.17222,-0.03785,0.98159,-0.73,1.12,0.18,0.2972,-0.17504,0.01599,0.9385,-0.74,1.1,0.2,0.46704,-0.15801,-0.01216,0.86992,-0.75,1.08,0.21,0.46704,-0.15801,-0.01216,0.86992,-0.68,1.08,0.1,-0.28233,-0.16784,-0.06377,0.94237,-0.7,1.1,0.14,-0.16422,-0.12482,-0.11812,0.97134,-0.7,1.12,0.18,0.30182,-0.18397,-0.08593,0.93149,-0.72,1.1,0.2,0.53511,-0.22235,-0.05933,0.81283,-0.73,1.08,0.21,0.53511,-0.22235,-0.05933,0.81283,-0.68,1.07,0.11,-0.21235,-0.08985,-0.29338,0.92777,-0.68,1.09,0.15,-0.33391,-0.02126,-0.20951,0.91878,-0.68,1.11,0.17,0.21396,-0.14243,-0.24317,0.93531,-0.68,1.1,0.19,0.483,-0.25482,-0.19469,0.81479,-0.7,1.09,0.2,0.483,-0.25482,-0.19469,0.81479,-0.81,1.08,0.19
-0.8,1.46,-0.16,-0.8,1.46,-0.16,-0.86,1.09,0.11,0.31648,-0.05299,-0.11801,-0.93974,-0.86,1.06,0.06,0.31648,-0.05299,-0.11801,-0.93974,-0.83,1.07,0.09,0.43605,-0.17224,0.51626,-0.71671,-0.8,1.09,0.11,0.15127,0.01743,0.46996,-0.86945,-0.8,1.1,0.14,-0.01981,0.06774,0.5326,-0.84342,-0.8,1.1,0.16,-0.01981,0.06774,0.5326,-0.84342,-0.84,1.08,0.09,0.31648,-0.05299,-0.11801,-0.93974,-0.83,1.11,0.13,0.03422,-0.09522,-0.04636,-0.99379,-0.83,1.12,0.17,-0.30254,-0.10795,-0.03768,-0.94625,-0.82,1.1,0.19,-0.44957,-0.08543,-0.0294,-0.88867,-0.82,1.09,0.2,-0.44957,-0.08543,-0.0294,-0.88867,-0.85,1.07,0.09,0.31648,-0.05299,-0.11801,-0.93974,-0.86,1.11,0.13,0.10073,-0.07727,-0.11244,-0.98552,-0.85,1.12,0.18,-0.27078,-0.11466,-0.08864,-0.95167,-0.84,1.11,0.2,-0.43996,-0.11877,-0.12612,-0.88115,-0.84,1.09,0.21,-0.43996,-0.11877,-0.12612,-0.88115,-0.87,1.07,0.09,0.31648,-0.05299,-0.11801,-0.93974,-0.87,1.1,0.14,0.17005,-0.05497,-0.17248,-0.96867,-0.87,1.12,0.17,-0.24088,-0.13813,-0.17257,-0.94505,-0.86,1.11,0.19,-0.46138,-0.20009,-0.15571,-0.8502,-0.85,1.09,0.21,-0.46138,-0.20009,-0.15571,-0.8502,-0.88,1.07,0.1,0.26163,0.01291,-0.35224,-0.8985,-0.89,1.09,0.13,0.18239,-0.07315,-0.24334,-0.94982,-0.89,1.1,0.16,-0.18868,-0.14519,-0.26845,-0.93341,-0.88,1.09,0.18,-0.39137,-0.24923,-0.23362,-0.85448,-0.87,1.08,0.19,-0.39137,-0.24923,-0.23362,-0.85448,-0.71,1.08,0.12,-0.17281,-0.16108,-0.03086,0.9712,-0.69,1.06,0.07,-0.17281,-0.16108,-0.03086,0.9712,-0.73,1.06,0.09,-0.37009,-0.33607,0.5289,0.68582,-0.75,1.07,0.11,-0.19908,-0.20012,0.51556,0.80902,-0.77,1.07,0.14,-0.13647,-0.19618,0.60059,0.76301,-0.78,1.07,0.16,-0.13647,-0.19618,0.60059,0.76301,-0.72,1.07,0.09,-0.17281,-0.16108,-0.03086,0.9712,-0.74,1.09,0.15,0.04756,-0.26569,0.08405,0.95921,-0.76,1.08,0.18,0.33595,-0.22837,0.13362,0.90395,-0.76,1.07,0.19,0.46482,-0.17952,0.15793,0.85251,-0.77,1.05,0.2,0.46482,-0.17952,0.15793,0.85251,-0.7,1.07,0.1,-0.17281,-0.16108,-0.03086,0.9712,-0.72,1.09,0.15,-0.04089,-0.15936,-0.01883,0.98619,-0.73,1.1,0.19,0.30455,-0.15635,0.02481,0.93925,-0.74,1.08,0.21,0.47466,-0.13761,-0.00677,0.86932,-0.74,1.06,0.22,0.47466,-0.13761,-0.00677,0.86932,-0.68,1.07,0.1,-0.17281,-0.16108,-0.03086,0.9712,-0.7,1.09,0.15,-0.13606,-0.09395,-0.0904,0.98208,-0.7,1.1,0.19,0.32613,-0.14251,-0.07683,0.93136,-0.71,1.08,0.21,0.5635,-0.17968,-0.06132,0.804,-0.72,1.06,0.22,0.5635,-0.17968,-0.06132,0.804,-0.68,1.07,0.11,-0.11182,-0.05598,-0.25225,0.95955,-0.68,1.08,0.15,-0.2677,0.03065,-0.15686,0.95015,-0.68,1.09,0.18,0.27443,-0.06326,-0.2282,0.93199,-0.68,1.08,0.19,0.56879,-0.18146,-0.20285,0.77614,-0.69,1.06,0.2,0.56879,-0.18146,-0.20285,0.77614,-0.81,1.08,0.19
-0.8,1.46,-0.16,-0.8,1.46,-0.16,-0.85,1.09,0.11,0.30608,-0.05402,-0.11413,-0.94359,-0.86,1.06,0.06,0.30608,-0.05402,-0.11413,-0.94359,-0.83,1.07,0.09,0.43207,-0.18107,0.5134,-0.71899,-0.8,1.09,0.11,0.14822,0.00734,0.47033,-0.86992,-0.8,1.09,0.14,-0.00392,0.04598,0.5372,-0.84219,-0.8,1.1,0.16,-0.00392,0.04598,0.5372,-0.84219,-0.84,1.08,0.09,0.30608,-0.05402,-0.11413,-0.94359,-0.83,1.11,0.14,0.0745,-0.09468,-0.04822,-0.99154,-0.83,1.12,0.17,-0.24362,-0.10824,-0.04181,-0.9629,-0.82,1.11,0.19,-0.39377,-0.08697,-0.03512,-0.91441,-0.82,1.09,0.21,-0.39377,-0.08697,-0.03512,-0.91441,-0.85,1.07,0.09,0.30608,-0.05402,-0.11413,-0.94359,-0.86,1.11,0.14,0.10752,-0.07422,-0.11049,-0.98525,-0.85,1.12,0.18,-0.2427,-0.1092,-0.09039,-0.95969,-0.84,1.11,0.2,-0.40342,-0.11448,-0.12938,-0.89856,-0.84,1.09,0.22,-0.40342,-0.11448,-0.12938,-0.89856,-0.87,1.07,0.09,0.30608,-0.05402,-0.11413,-0.94359,-0.87,1.1,0.14,0.18061,-0.04907,-0.1705,-0.96742,-0.87,1.12,0.17,-0.20913,-0.12857,-0.17545,-0.95339,-0.86,1.11,0.19,-0.41895,-0.19033,-0.16194,-0.87294,-0.85,1.09,0.21,-0.41895,-0.19033,-0.16194,-0.87294,-0.88,1.07,0.1,0.25182,0.01467,-0.34781,-0.903,-0.89,1.09,0.13,0.20198,-0.05745,-0.24253,-0.94714,-0.89,1.1,0.16,-0.15637,-0.12831,-0.27486,-0.93997,-0.88,1.09,0.18,-0.34424,-0.23024,-0.24601,-0.87634,-0.87,1.08,0.2,-0.34424,-0.23024,-0.24601,-0.87634,-0.71,1.09,0.12,-0.22606,-0.16919,-0.07386,0.95646,-0.69,1.06,0.07,-0.22606,-0.16919,-0.07386,0.95646,-0.73,1.07,0.09,-0.44514,-0.28176,0.48353,0.69904,-0.75,1.08,0.11,-0.28317,-0.17049,0.45101,0.82906,-0.77,1.09,0.13,-0.24328,-0.18003,0.53785,0.78684,-0.78,1.1,0.15,-0.24328,-0.18003,0.53785,0.78684,-0.72,1.07,0.09,-0.22606,-0.16919,-0.07386,0.95646,-0.74,1.1,0.14,0.00549,-0.29246,0.0633,0.95416,-0.76,1.1,0.17,0.294,-0.26129,0.12159,0.91132,-0.77,1.09,0.19,0.42319,-0.21471,0.14918,0.8675,-0.77,1.07,0.2,0.42319,-0.21471,0.14918,0.8675,-0.7,1.07,0.1,-0.22606,-0.16919,-0.07386,0.95646,-0.71,1.1,0.15,-0.07339,-0.18288,-0.05356,0.97893,-0.73,1.11,0.19,0.29103,-0.19078,0.00429,0.93749,-0.74,1.1,0.21,0.48669,-0.17514,-0.01819,0.85565,-0.75,1.08,0.22,0.48669,-0.17514,-0.01819,0.85565,-0.68,1.07,0.1,-0.22606,-0.16919,-0.07386,0.95646,-0.7,1.1,0.15,-0.15887,-0.11395,-0.13239,0.97173,-0.7,1.11,0.18,0.31965,-0.18201,-0.10133,0.92435,-0.71,1.1,0.2,0.57801,-0.22498,-0.0694,0.78133,-0.72,1.07,0.21,0.57801,-0.22498,-0.0694,0.78133,-0.68,1.07,0.11,-0.15593,-0.07771,-0.29815,0.93849,-0.68,1.08,0.15,-0.30134,0.02173,-0.20956,0.92995,-0.67,1.1,0.17,0.24189,-0.10294,-0.26668,0.92724,-0.68,1.09,0.19,0.55251,-0.2361,-0.21924,0.76872,-0.69,1.08,0.2,0.55251,-0.2361,-0.21924,0.76872,-0.81,1.08,0.19
-0.8,1.46,-0.16,-0.8,1.46,-0.16,-0.85,1.09,0.11,0.27172,-0.05083,-0.13059,-0.95212,-0.86,1.06,0.06,0.27172,-0.05083,-0.13059,-0.95212,-0.83,1.07,0.09,0.41645,-0.19659,0.48851,-0.74113,-0.8,1.09,0.11,0.126,-0.01521,0.45137,-0.88327,-0.8,1.09,0.14,-0.01882,0.01477,0.52245,-0.85233,-0.8,1.09,0.16,-0.01882,0.01477,0.52245,-0.85233,-0.84,1.08,0.09,0.27172,-0.05083,-0.13059,-0.95212,-0.83,1.11,0.14,0.04938,-0.09359,-0.06841,-0.99203,-0.83,1.11,0.17,-0.24252,-0.11124,-0.06433,-0.9616,-0.82,1.1,0.19,-0.3851,-0.09293,-0.05786,-0.91636,-0.82,1.09,0.21,-0.3851,-0.09293,-0.05786,-0.91636,-0.85,1.07,0.09,0.27172,-0.05083,-0.13059,-0.95212,-0.86,1.11,0.14,0.06409,-0.07309,-0.12749,-0.98707,-0.85,1.11,0.18,-0.26554,-0.1114,-0.10889,-0.95143,-0.84,1.1,0.2,-0.4128,-0.11691,-0.1473,-0.8912,-0.84,1.09,0.22,-0.4128,-0.11691,-0.1473,-0.8912,-0.87,1.07,0.09,0.27172,-0.05083,-0.13059,-0.95212,-0.87,1.1,0.14,0.15918,-0.04054,-0.18797,-0.96834,-0.87,1.11,0.17,-0.21876,-0.12463,-0.1962,-0.94769,-0.86,1.1,0.2,-0.41741,-0.18941,-0.18448,-0.8694,-0.85,1.09,0.21,-0.41741,-0.18941,-0.18448,-0.8694,-0.88,1.07,0.09,0.21675,0.02577,-0.36074,-0.90677,-0.89,1.08,0.14,0.2,-0.0361,-0.25993,-0.944,-0.89,1.09,0.16,-0.15331,-0.11363,-0.29859,-0.93511,-0.88,1.09,0.18,-0.33301,-0.2191,-0.27344,-0.87541,-0.87,1.08,0.2,-0.33301,-0.2191,-0.27344,-0.87541,-0.7,1.1,0.11,-0.37793,-0.19068,-0.12954,0.89668,-0.68,1.06,0.07,-0.37793,-0.19068,-0.12954,0.89668,-0.72,1.08,0.09,-0.54269,-0.17754,0.50201,0.64958,-0.75,1.09,0.1,-0.37129,-0.05982,0.4497,0.81014,-0.76,1.11,0.12,-0.29762,-0.04556,0.53621,0.78856,-0.77,1.12,0.14,-0.29762,-0.04556,0.53621,0.78856,-0.71,1.08,0.09,-0.37793,-0.19068,-0.12954,0.89668,-0.73,1.13,0.12,-0.06439,-0.29931,0.06305,0.94989,-0.75,1.13,0.15,0.33729,-0.25276,0.15566,0.89337,-0.76,1.11,0.17,0.47767,-0.19789,0.18691,0.83531,-0.76,1.1,0.18,0.47767,-0.19789,0.18691,0.83531,-0.7,1.08,0.09,-0.37793,-0.19068,-0.12954,0.89668,-0.71,1.13,0.13,-0.14659,-0.23082,-0.0779,0.95873,-0.73,1.14,0.16,0.32636,-0.24353,0.02813,0.9129,-0.74,1.12,0.18,0.5773,-0.21418,0.02668,0.78749,-0.74,1.1,0.19,0.5773,-0.21418,0.02668,0.78749,-0.68,1.08,0.1,-0.37793,-0.19068,-0.12954,0.89668,-0.69,1.12,0.13,-0.20691,-0.18088,-0.17058,0.94624,-0.7,1.14,0.17,0.35801,-0.26882,-0.07762,0.89081,-0.72,1.12,0.18,0.65366,-0.29706,-0.00632,0.69602,-0.73,1.1,0.18,0.65366,-0.29706,-0.00632,0.69602,-0.67,1.08,0.1,-0.29177,-0.13936,-0.3606,0.87488,-0.68,1.1,0.14,-0.34324,-0.06233,-0.28991,0.89121,-0.67,1.12,0.16,0.2689,-0.24258,-0.27158,0.89168,-0.68,1.12,0.18,0.59281,-0.37166,-0.16054,0.69619,-0.7,1.1,0.18,0.59281,-0.37166,-0.16054,0.69619,-0.81,1.08,0.19
-0.8,1.46,-0.16,-0.8,1.46,-0.16,-0.86,1.09,0.11,0.27557,-0.0446,-0.1619,-0.9465,-0.86,1.06,0.06,0.27557,-0.0446,-0.1619,-0.9465,-0.83,1.08,0.09,0.42611,-0.1829,0.46345,-0.75511,-0.81,1.09,0.1,0.13133,-0.01218,0.42164,-0.89712,-0.8,1.1,0.14,-0.01536,0.01399,0.49395,-0.86924,-0.8,1.1,0.16,-0.01536,0.01399,0.49395,-0.86924,-0.84,1.08,0.09,0.27557,-0.0446,-0.1619,-0.9465,-0.84,1.11,0.14,0.02969,-0.09383,-0.09888,-0.99022,-0.83,1.12,0.17,-0.2608,-0.11978,-0.09338,-0.95337,-0.82,1.1,0.19,-0.39951,-0.1052,-0.08521,-0.90668,-0.82,1.09,0.21,-0.39951,-0.1052,-0.08521,-0.90668,-0.85,1.08,0.09,0.27557,-0.0446,-0.1619,-0.9465,-0.86,1.11,0.14,0.04397,-0.07806,-0.15713,-0.98351,-0.85,1.12,0.18,-0.28204,-0.1254,-0.13538,-0.94149,-0.84,1.1,0.2,-0.42659,-0.1335,-0.17091,-0.87806,-0.83,1.09,0.22,-0.42659,-0.1335,-0.17091,-0.87806,-0.87,1.07,0.09,0.27557,-0.0446,-0.1619,-0.9465,-0.87,1.1,0.14,0.15831,-0.03972,-0.21914,-0.96194,-0.87,1.11,0.17,-0.21811,-0.13586,-0.22493,-0.93988,-0.86,1.1,0.2,-0.41436,-0.20644,-0.20989,-0.86118,-0.85,1.09,0.21,-0.41436,-0.20644,-0.20989,-0.86118,-0.88,1.07,0.09,0.21747,0.02964,-0.39055,-0.89404,-0.89,1.08,0.13,0.20297,-0.03419,-0.29039,-0.93451,-0.89,1.09,0.16,-0.15488,-0.12537,-0.32652,-0.92395,-0.88,1.09,0.18,-0.33467,-0.23719,-0.29745,-0.86213,-0.87,1.08,0.2,-0.33467,-0.23719,-0.29745,-0.86213,-0.7,1.1,0.11,-0.37736,-0.19746,-0.10524,0.89863,-0.68,1.06,0.07,-0.37736,-0.19746,-0.10524,0.89863,-0.72,1.07,0.09,-0.49953,-0.19717,0.5655,0.62594,-0.75,1.09,0.1,-0.32194,-0.05016,0.52184,0.78837,-0.76,1.1,0.13,-0.21658,-0.01239,0.60126,0.76904,-0.77,1.11,0.15,-0.21658,-0.01239,0.60126,0.76904,-0.71,1.08,0.09,-0.37736,-0.19746,-0.10524,0.89863,-0.73,1.12,0.12,-0.01232,-0.28599,0.09796,0.95313,-0.75,1.12,0.15,0.40479,-0.22105,0.18664,0.86744,-0.76,1.1,0.16,0.54625,-0.15914,0.21602,0.79349,-0.76,1.08,0.17,0.54625,-0.15914,0.21602,0.79349,-0.7,1.08,0.09,-0.37736,-0.19746,-0.10524,0.89863,-0.71,1.12,0.13,-0.14928,-0.23018,-0.05445,0.96009,-0.73,1.14,0.16,0.32881,-0.23171,0.04953,0.91419,-0.74,1.12,0.18,0.58463,-0.19624,0.04469,0.78594,-0.75,1.1,0.19,0.58463,-0.19624,0.04469,0.78594,-0.68,1.08,0.1,-0.37736,-0.19746,-0.10524,0.89863,-0.69,1.12,0.13,-0.22128,-0.18152,-0.14839,0.94661,-0.7,1.13,0.16,0.35072,-0.25788,-0.05754,0.89843,-0.72,1.12,0.18,0.65496,-0.27968,0.01018,0.70193,-0.73,1.1,0.18,0.65496,-0.27968,0.01018,0.70193,-0.67,1.08,0.1,-0.29319,-0.14509,-0.33726,0.88275,-0.68,1.1,0.14,-0.34132,-0.07611,-0.26486,0.89864,-0.68,1.12,0.16,0.28164,-0.2398,-0.2427,0.89681,-0.69,1.12,0.17,0.61267,-0.35845,-0.13359,0.69159,-0.7,1.1,0.18,0.61267,-0.35845,-0.13359,0.69159,-0.81,1.08,0.19
-0.8,1.46,-0.16,-0.8,1.46,-0.16,-0.86,1.1,0.11,0.31394,-0.0439,-0.17368,-0.93239,-0.86,1.06,0.06,0.31394,-0.0439,-0.17368,-0.93239,-0.83,1.08,0.09,0.44889,-0.15857,0.46864,-0.74413,-0.81,1.1,0.1,0.15917,0.00982,0.41785,-0.89441,-0.8,1.11,0.13,0.00928,0.03838,0.48806,-0.87192,-0.8,1.11,0.16,0.00928,0.03838,0.48806,-0.87192,-0.84,1.08,0.09,0.31394,-0.0439,-0.17368,-0.93239,-0.84,1.12,0.13,0.0026,-0.09688,-0.10445,-0.9898,-0.83,1.12,0.17,-0.33034,-0.12805,-0.09189,-0.93061,-0.82,1.11,0.19,-0.46873,-0.11289,-0.07998,-0.87244,-0.82,1.09,0.2,-0.46873,-0.11289,-0.07998,-0.87244,-0.86,1.08,0.09,0.31394,-0.0439,-0.17368,-0.93239,-0.86,1.12,0.13,0.05115,-0.08835,-0.16454,-0.98107,-0.85,1.12,0.17,-0.29432,-0.14052,-0.13609,-0.93547,-0.84,1.11,0.19,-0.44588,-0.14881,-0.16854,-0.86639,-0.84,1.09,0.21,-0.44588,-0.14881,-0.16854,-0.86639,-0.87,1.07,0.09,0.31394,-0.0439,-0.17368,-0.93239,-0.88,1.11,0.13,0.16453,-0.05278,-0.22894,-0.95798,-0.88,1.12,0.17,-0.23611,-0.15774,-0.22526,-0.932,-0.87,1.11,0.19,-0.43852,-0.22894,-0.20431,-0.84472,-0.85,1.09,0.2,-0.43852,-0.22894,-0.20431,-0.84472,-0.88,1.07,0.09,0.25337,0.02018,-0.40442,-0.87855,-0.89,1.09,0.13,0.21178,-0.05285,-0.30144,-0.92816,-0.89,1.1,0.16,-0.18141,-0.15974,-0.32563,-0.91408,-0.88,1.1,0.18,-0.37518,-0.27541,-0.28584,-0.83766,-0.87,1.09,0.19,-0.37518,-0.27541,-0.28584,-0.83766,-0.71,1.1,0.11,-0.35203,-0.20115,-0.10041,0.90859,-0.68,1.06,0.07,-0.35203,-0.20115,-0.10041,0.90859,-0.72,1.07,0.09,-0.45131,-0.22591,0.59775,0.62288,-0.75,1.08,0.1,-0.27962,-0.06838,0.56226,0.77524,-0.76,1.09,0.13,-0.17904,-0.03214,0.64005,0.74649,-0.77,1.1,0.15,-0.17904,-0.03214,0.64005,0.74649,-0.71,1.08,0.09,-0.35203,-0.20115,-0.10041,0.90859,-0.73,1.12,0.12,0.01102,-0.28382,0.09343,0.95425,-0.75,1.12,0.15,0.40207,-0.22541,0.1752,0.86996,-0.76,1.1,0.17,0.53904,-0.16667,0.20416,0.79998,-0.76,1.08,0.18,0.53904,-0.16667,0.20416,0.79998,-0.7,1.08,0.09,-0.35203,-0.20115,-0.10041,0.90859,-0.71,1.12,0.13,-0.11089,-0.23025,-0.04846,0.96558,-0.73,1.13,0.17,0.35969,-0.22876,0.05331,0.90302,-0.74,1.11,0.18,0.60737,-0.19059,0.04738,0.76976,-0.75,1.09,0.19,0.60737,-0.19059,0.04738,0.76976,-0.68,1.08,0.1,-0.35203,-0.20115,-0.10041,0.90859,-0.7,1.11,0.14,-0.1875,-0.18222,-0.14141,0.9548,-0.71,1.13,0.17,0.38172,-0.2532,-0.05271,0.88736,-0.72,1.11,0.18,0.67827,-0.27274,0.01182,0.68222,-0.73,1.09,0.18,0.67827,-0.27274,0.01182,0.68222,-0.68,1.07,0.1,-0.26841,-0.14193,-0.33103,0.89344,-0.68,1.1,0.14,-0.29467,-0.08644,-0.2549,0.91691,-0.68,1.12,0.16,0.32942,-0.23763,-0.22984,0.88442,-0.69,1.11,0.18,0.64931,-0.35042,-0.12604,0.66311,-0.7,1.09,0.18,0.64931,-0.35042,-0.12604,0.66311,-0.81,1.08,0.19
