1,-0.64,0.81,0.14,0.26211,-0.0564,-0.10124,-0.95805,-0.65,0.78,0.08,0.26211,-0.0564,-0.10124,-0.95805,-0.62,0.79,0.11,0.33345,-0.226,0.57419,-0.71277,-0.59,0.79,0.13,0.10807,-0.03862,0.54214,-0.83242,-0.59,0.8,0.17,0.02578,-0.03942,0.61394,-0.78795,-0.58,0.8,0.19,0.02578,-0.03942,0.61394,-0.78795,-0.63,0.79,0.11,0.26211,-0.0564,-0.10124,-0.95805,-0.62,0.82,0.16,0.05195,-0.0452,-0.06222,-0.99568,-0.62,0.83,0.2,-0.27913,-0.06615,-0.0698,-0.95543,-0.61,0.82,0.22,-0.444,-0.05076,-0.06711,-0.89207,-0.61,0.8,0.23,-0.444,-0.05076,-0.06711,-0.89207,-0.64,0.79,0.11,0.26211,-0.0564,-0.10124,-0.95805,-0.64,0.82,0.16,0.1004,-0.01248,-0.12316,-0.98722,-0.64,0.83,0.2,-0.29489,-0.06147,-0.12105,-0.94584,-0.64,0.82,0.22,-0.46276,-0.07122,-0.16721,-0.86765,-0.63,0.8,0.24,-0.46276,-0.07122,-0.16721,-0.86765,-0.66,0.79,0.11,0.26211,-0.0564,-0.10124,-0.95805,-0.66,0.81,0.16,0.14582,0.00049,-0.17207,-0.97423,-0.66,0.83,0.2,-0.25772,-0.08541,-0.19569,-0.94233,-0.66,0.81,0.22,-0.44916,-0.14949,-0.19411,-0.8592,-0.65,0.8,0.23,-0.44916,-0.14949,-0.19411,-0.8592,-0.67,0.78,0.11,0.2103,0.02374,-0.33211,-0.91919,-0.68,0.8,0.16,0.15546,-0.00391,-0.24242,-0.95763,-0.68,0.81,0.19,-0.17266,-0.06666,-0.294,-0.93771,-0.67,0.8,0.2,-0.29375,-0.15469,-0.28793,-0.89826,-0.66,0.79,0.22,-0.29375,-0.15469,-0.28793,-0.89826,-0.49,0.81,0.14,0.25178,0.22012,0.11098,-0.93586,-0.47,0.78,0.09,0.25178,0.22012,0.11098,-0.93586,-0.51,0.78,0.11,0.43739,0.32847,-0.52321,-0.65349,-0.54,0.79,0.12,0.2357,0.17657,-0.5189,-0.80251,-0.56,0.8,0.15,0.14528,0.14953,-0.60715,-0.76675,-0.57,0.8,0.17,0.14528,0.14953,-0.60715,-0.76675,-0.5,0.79,0.11,0.25178,0.22012,0.11098,-0.93586,-0.52,0.82,0.15,-0.02188,0.30648,-0.04023,-0.95077,-0.55,0.82,0.18,-0.42413,0.26518,-0.13981,-0.85455,-0.55,0.8,0.2,-0.58385,0.2064,-0.18363,-0.76341,-0.56,0.78,0.2,-0.58385,0.2064,-0.18363,-0.76341,-0.48,0.79,0.12,0.25178,0.22012,0.11098,-0.93586,-0.5,0.83,0.16,0.08702,0.23734,0.07967,-0.96424,-0.52,0.83,0.2,-0.23852,0.25103,0.00935,-0.93809,-0.53,0.82,0.22,-0.38439,0.24107,0.0283,-0.89069,-0.55,0.81,0.23,-0.38439,0.24107,0.0283,-0.89069,-0.47,0.79,0.12,0.25178,0.22012,0.11098,-0.93586,-0.48,0.82,0.17,0.1619,0.17809,0.1623,-0.95694,-0.5,0.83,0.2,-0.24748,0.24564,0.1129,-0.93041,-0.51,0.82,0.22,-0.45855,0.28878,0.07399,-0.83718,-0.52,0.8,0.23,-0.45855,0.28878,0.07399,-0.83718,-0.46,0.79,0.13,0.16545,0.1359,0.3325,-0.91848,-0.47,0.8,0.17,0.28609,0.05234,0.25496,-0.92218,-0.47,0.82,0.19,-0.21411,0.17644,0.27129,-0.92164,-0.48,0.81,0.21,-0.46215,0.29163,0.21563,-0.80924,-0.49,0.8,0.22,-0.46215,0.29163,0.21563,-0.80924,-0.6,0.8,0.21
2,-0.64,0.8,0.14,0.22551,-0.05333,-0.09552,-0.96808,-0.65,0.78,0.08,0.22551,-0.05333,-0.09552,-0.96808,-0.61,0.78,0.11,0.32247,-0.23778,0.55653,-0.72784,-0.59,0.79,0.13,0.10519,-0.06237,0.52627,-0.84148,-0.58,0.79,0.17,0.04252,-0.07776,0.60022,-0.79491,-0.58,0.79,0.19,0.04252,-0.07776,0.60022,-0.79491,-0.63,0.79,0.11,0.22551,-0.05333,-0.09552,-0.96808,-0.62,0.82,0.16,0.0521,-0.06365,-0.04997,-0.99536,-0.61,0.82,0.2,-0.15659,-0.07226,-0.06203,-0.98306,-0.61,0.82,0.22,-0.26561,-0.05225,-0.06658,-0.96036,-0.61,0.8,0.24,-0.26561,-0.05225,-0.06658,-0.96036,-0.64,0.79,0.11,0.22551,-0.05333,-0.09552,-0.96808,-0.64,0.82,0.16,0.11792,0.00407,-0.1177,-0.98601,-0.64,0.83,0.21,-0.22983,-0.03813,-0.12448,-0.96449,-0.64,0.82,0.23,-0.38046,-0.04993,-0.17461,-0.90679,-0.63,0.8,0.25,-0.38046,-0.04993,-0.17461,-0.90679,-0.66,0.79,0.11,0.22551,-0.05333,-0.09552,-0.96808,-0.66,0.81,0.16,0.15992,0.0238,-0.16581,-0.97281,-0.66,0.82,0.2,-0.21278,-0.05588,-0.20038,-0.9547,-0.66,0.81,0.22,-0.39206,-0.11973,-0.20478,-0.88883,-0.65,0.8,0.24,-0.39206,-0.11973,-0.20478,-0.88883,-0.67,0.78,0.12,0.17613,0.0358,-0.32357,-0.92898,-0.68,0.8,0.16,0.15124,0.01977,-0.23409,-0.96018,-0.68,0.8,0.19,-0.14747,-0.0327,-0.29376,-0.94387,-0.68,0.8,0.21,-0.25217,-0.11599,-0.29292,-0.91496,-0.67,0.79,0.23,-0.25217,-0.11599,-0.29292,-0.91496,-0.49,0.81,0.14,0.28779,0.19392,0.15687,-0.92464,-0.47,0.78,0.09,0.28779,0.19392,0.15687,-0.92464,-0.51,0.79,0.11,0.46019,0.28008,-0.50175,-0.67678,-0.54,0.8,0.12,0.25822,0.1395,-0.48117,-0.82604,-0.55,0.81,0.15,0.16899,0.11892,-0.56905,-0.79591,-0.56,0.82,0.17,0.16899,0.11892,-0.56905,-0.79591,-0.5,0.8,0.11,0.28779,0.19392,0.15687,-0.92464,-0.52,0.83,0.15,0.03722,0.29446,0.01377,-0.95484,-0.54,0.84,0.18,-0.37993,0.27747,-0.08853,-0.87797,-0.55,0.82,0.2,-0.55085,0.22799,-0.13574,-0.7913,-0.55,0.8,0.2,-0.55085,0.22799,-0.13574,-0.7913,-0.48,0.79,0.12,0.28779,0.19392,0.15687,-0.92464,-0.49,0.83,0.16,0.11409,0.22427,0.12516,-0.9597,-0.51,0.85,0.2,-0.2185,0.25444,0.05463,-0.9405,-0.53,0.84,0.22,-0.37311,0.25241,0.07109,-0.88996,-0.54,0.82,0.23,-0.37311,0.25241,0.07109,-0.88996,-0.47,0.79,0.12,0.28779,0.19392,0.15687,-0.92464,-0.48,0.82,0.16,0.18707,0.16077,0.20971,-0.94614,-0.49,0.84,0.2,-0.21951,0.25016,0.16234,-0.92891,-0.5,0.83,0.22,-0.43197,0.30536,0.11947,-0.84017,-0.52,0.82,0.23,-0.43197,0.30536,0.11947,-0.84017,-0.46,0.79,0.13,0.1995,0.12041,0.38013,-0.8951,-0.46,0.81,0.17,0.30033,0.02362,0.30401,-0.90378,-0.46,0.83,0.19,-0.19223,0.17738,0.32667,-0.90822,-0.47,0.82,0.21,-0.43141,0.30712,0.26832,-0.80471,-0.48,0.81,0.22,-0.43141,0.30712,0.26832,-0.80471,-0.6,0.8,0.21
3,-0.64,0.8,0.14,0.2175,-0.0543,-0.1082,-0.96852,-0.65,0.78,0.08,0.2175,-0.0543,-0.1082,-0.96852,-0.61,0.78,0.11,0.32943,-0.22647,0.53936,-0.74113,-0.59,0.79,0.13,0.1227,-0.06521,0.50327,-0.85289,-0.58,0.8,0.17,0.0573,-0.07825,0.57945,-0.80922,-0.58,0.8,0.19,0.0573,-0.07825,0.57945,-0.80922,-0.63,0.79,0.11,0.2175,-0.0543,-0.1082,-0.96852,-0.62,0.82,0.16,0.02579,-0.08194,-0.0551,-0.99478,-0.61,0.82,0.2,-0.16859,-0.0896,-0.06453,-0.97948,-0.61,0.81,0.22,-0.26101,-0.06837,-0.06836,-0.96048,-0.61,0.8,0.24,-0.26101,-0.06837,-0.06836,-0.96048,-0.64,0.79,0.11,0.2175,-0.0543,-0.1082,-0.96852,-0.64,0.82,0.16,0.108,0.00747,-0.13114,-0.98543,-0.64,0.83,0.21,-0.24432,-0.04023,-0.13804,-0.95898,-0.64,0.81,0.23,-0.39493,-0.05344,-0.18745,-0.89779,-0.63,0.8,0.25,-0.39493,-0.05344,-0.18745,-0.89779,-0.66,0.79,0.11,0.2175,-0.0543,-0.1082,-0.96852,-0.66,0.81,0.16,0.15648,0.03182,-0.17908,-0.97079,-0.66,0.82,0.2,-0.22476,-0.05546,-0.21527,-0.94872,-0.66,0.81,0.22,-0.40726,-0.123,-0.21941,-0.87799,-0.65,0.79,0.24,-0.40726,-0.123,-0.21941,-0.87799,-0.67,0.78,0.12,0.16639,0.03635,-0.33479,-0.92677,-0.68,0.79,0.16,0.14331,0.0277,-0.24688,-0.95799,-0.68,0.8,0.19,-0.16036,-0.03048,-0.30802,-0.93727,-0.68,0.8,0.21,-0.26969,-0.11734,-0.30744,-0.90497,-0.67,0.79,0.23,-0.26969,-0.11734,-0.30744,-0.90497,-0.5,0.81,0.14,0.24674,0.22997,0.11711,-0.93409,-0.47,0.78,0.09,0.24674,0.22997,0.11711,-0.93409,-0.51,0.79,0.11,0.43433,0.33325,-0.52428,-0.65225,-0.54,0.79,0.12,0.24088,0.18617,-0.51903,-0.7987,-0.56,0.8,0.15,0.1543,0.16055,-0.60781,-0.76223,-0.57,0.8,0.17,0.1543,0.16055,-0.60781,-0.76223,-0.5,0.79,0.11,0.24674,0.22997,0.11711,-0.93409,-0.53,0.82,0.15,-0.0087,0.31833,-0.03078,-0.94744,-0.55,0.82,0.18,-0.42206,0.27843,-0.13993,-0.85133,-0.56,0.8,0.19,-0.5873,0.21811,-0.18817,-0.75637,-0.56,0.78,0.2,-0.5873,0.21811,-0.18817,-0.75637,-0.49,0.79,0.12,0.24674,0.22997,0.11711,-0.93409,-0.5,0.83,0.16,0.07441,0.24992,0.0814,-0.96197,-0.52,0.83,0.2,-0.26578,0.26338,0.00233,-0.92736,-0.54,0.82,0.22,-0.42183,0.25037,0.01705,-0.87125,-0.55,0.8,0.23,-0.42183,0.25037,0.01705,-0.87125,-0.47,0.79,0.12,0.24674,0.22997,0.11711,-0.93409,-0.49,0.82,0.17,0.15498,0.18635,0.1676,-0.9556,-0.5,0.83,0.2,-0.25911,0.25569,0.11298,-0.92451,-0.51,0.82,0.22,-0.47162,0.29833,0.07114,-0.82675,-0.53,0.8,0.23,-0.47162,0.29833,0.07114,-0.82675,-0.46,0.79,0.13,0.1577,0.14476,0.33717,-0.91678,-0.47,0.8,0.17,0.26738,0.04998,0.26097,-0.92623,-0.47,0.82,0.2,-0.2332,0.17611,0.27751,-0.9152,-0.48,0.81,0.21,-0.47032,0.29092,0.22504,-0.8022,-0.49,0.8,0.22,-0.47032,0.29092,0.22504,-0.8022,-0.6,0.8,0.21
4,-0.64,0.81,0.14,0.23178,-0.05571,-0.11793,-0.96398,-0.65,0.78,0.08,0.23178,-0.05571,-0.11793,-0.96398,-0.61,0.79,0.11,0.33832,-0.21341,0.53955,-0.74086,-0.59,0.8,0.13,0.13709,-0.05619,0.49893,-0.85388,-0.58,0.8,0.16,0.05834,-0.05952,0.57552,-0.81353,-0.58,0.8,0.19,0.05834,-0.05952,0.57552,-0.81353,-0.63,0.79,0.11,0.23178,-0.05571,-0.11793,-0.96398,-0.62,0.82,0.16,-0.00795,-0.08705,-0.05879,-0.99444,-0.61,0.82,0.2,-0.22166,-0.09579,-0.06509,-0.96822,-0.61,0.81,0.22,-0.31987,-0.07451,-0.06617,-0.94221,-0.6,0.8,0.24,-0.31987,-0.07451,-0.06617,-0.94221,-0.64,0.79,0.11,0.23178,-0.05571,-0.11793,-0.96398,-0.64,0.82,0.16,0.10512,0.00383,-0.14217,-0.98424,-0.64,0.83,0.2,-0.25869,-0.04932,-0.14649,-0.95351,-0.64,0.82,0.23,-0.41436,-0.06384,-0.19425,-0.88685,-0.63,0.8,0.25,-0.41436,-0.06384,-0.19425,-0.88685,-0.66,0.79,0.11,0.23178,-0.05571,-0.11793,-0.96398,-0.66,0.81,0.16,0.15664,0.0282,-0.19063,-0.96867,-0.66,0.82,0.2,-0.23885,-0.0667,-0.22376,-0.94257,-0.66,0.81,0.22,-0.42766,-0.13708,-0.22512,-0.86466,-0.65,0.8,0.24,-0.42766,-0.13708,-0.22512,-0.86466,-0.67,0.78,0.12,0.17864,0.03121,-0.34525,-0.92082,-0.68,0.8,0.16,0.14676,0.02106,-0.25821,-0.95464,-0.68,0.81,0.19,-0.16331,-0.0427,-0.31666,-0.9334,-0.68,0.8,0.21,-0.2803,-0.13328,-0.31363,-0.89739,-0.67,0.79,0.22,-0.2803,-0.13328,-0.31363,-0.89739,-0.49,0.81,0.14,0.25357,0.22569,0.12174,-0.93271,-0.47,0.78,0.09,0.25357,0.22569,0.12174,-0.93271,-0.51,0.79,0.11,0.44403,0.3185,-0.5169,-0.65895,-0.54,0.8,0.12,0.25592,0.17884,-0.5051,-0.80461,-0.56,0.8,0.15,0.17339,0.15702,-0.59408,-0.76965,-0.57,0.81,0.17,0.17339,0.15702,-0.59408,-0.76965,-0.5,0.79,0.11,0.25357,0.22569,0.12174,-0.93271,-0.52,0.83,0.15,-0.00219,0.31579,-0.02632,-0.94846,-0.55,0.83,0.18,-0.41396,0.27862,-0.13398,-0.85619,-0.56,0.81,0.19,-0.57941,0.21977,-0.18179,-0.7635,-0.56,0.79,0.2,-0.57941,0.21977,-0.18179,-0.7635,-0.48,0.79,0.12,0.25357,0.22569,0.12174,-0.93271,-0.5,0.83,0.16,0.07657,0.2477,0.08511,-0.96205,-0.52,0.84,0.2,-0.26308,0.26261,0.00677,-0.92832,-0.54,0.82,0.22,-0.42035,0.25043,0.02139,-0.87186,-0.55,0.81,0.23,-0.42035,0.25043,0.02139,-0.87186,-0.47,0.79,0.12,0.25357,0.22569,0.12174,-0.93271,-0.49,0.82,0.17,0.16143,0.18354,0.17267,-0.95417,-0.5,0.83,0.2,-0.25453,0.25572,0.1181,-0.92513,-0.51,0.82,0.22,-0.4691,0.29976,0.07545,-0.82728,-0.53,0.81,0.23,-0.4691,0.29976,0.07545,-0.82728,-0.46,0.79,0.13,0.16457,0.1423,0.34241,-0.91402,-0.47,0.81,0.17,0.27337,0.04664,0.26639,-0.92311,-0.47,0.82,0.19,-0.23097,0.17779,0.28303,-0.91375,-0.48,0.81,0.21,-0.47205,0.29518,0.22831,-0.7987,-0.49,0.8,0.22,-0.47205,0.29518,0.22831,-0.7987,-0.6,0.8,0.21
5,-0.64,0.81,0.13,0.25743,-0.05735,-0.10621,-0.95873,-0.65,0.78,0.08,0.25743,-0.05735,-0.10621,-0.95873,-0.61,0.79,0.11,0.34894,-0.20158,0.55775,-0.72562,-0.59,0.8,0.13,0.15312,-0.0416,0.51403,-0.84297,-0.59,0.81,0.16,0.05956,-0.03248,0.58908,-0.80522,-0.58,0.81,0.19,0.05956,-0.03248,0.58908,-0.80522,-0.63,0.8,0.11,0.25743,-0.05735,-0.10621,-0.95873,-0.62,0.83,0.16,0.00124,-0.07857,-0.0485,-0.99573,-0.61,0.83,0.2,-0.24849,-0.08762,-0.05362,-0.96317,-0.61,0.82,0.22,-0.36131,-0.06595,-0.0534,-0.92858,-0.61,0.8,0.23,-0.36131,-0.06595,-0.0534,-0.92858,-0.64,0.79,0.11,0.25743,-0.05735,-0.10621,-0.95873,-0.64,0.83,0.16,0.10879,0.0008,-0.13263,-0.98518,-0.64,0.84,0.2,-0.26063,-0.04944,-0.13626,-0.9545,-0.64,0.82,0.22,-0.41777,-0.06236,-0.18427,-0.88748,-0.63,0.81,0.24,-0.41777,-0.06236,-0.18427,-0.88748,-0.66,0.79,0.11,0.25743,-0.05735,-0.10621,-0.95873,-0.66,0.82,0.16,0.16392,0.02152,-0.18164,-0.96937,-0.66,0.83,0.19,-0.23276,-0.06953,-0.21282,-0.94641,-0.66,0.82,0.22,-0.42356,-0.13787,-0.21366,-0.86945,-0.65,0.8,0.23,-0.42356,-0.13787,-0.21366,-0.86945,-0.67,0.79,0.11,0.20487,0.02379,-0.33638,-0.91886,-0.68,0.8,0.16,0.16108,0.00929,-0.24886,-0.95501,-0.68,0.81,0.18,-0.15073,-0.05199,-0.30456,-0.93905,-0.67,0.81,0.2,-0.26934,-0.14101,-0.29971,-0.90429,-0.67,0.8,0.22,-0.26934,-0.14101,-0.29971,-0.90429,-0.49,0.81,0.14,0.27218,0.20563,0.15517,-0.92712,-0.47,0.78,0.09,0.27218,0.20563,0.15517,-0.92712,-0.51,0.79,0.11,0.47339,0.27867,-0.47693,-0.68613,-0.54,0.81,0.12,0.2865,0.15648,-0.45082,-0.83078,-0.55,0.82,0.15,0.20918,0.14262,-0.54148,-0.80169,-0.57,0.82,0.17,0.20918,0.14262,-0.54148,-0.80169,-0.5,0.8,0.11,0.27218,0.20563,0.15517,-0.92712,-0.52,0.83,0.15,0.04052,0.30078,0.01998,-0.95262,-0.54,0.84,0.18,-0.38556,0.28497,-0.08876,-0.87307,-0.55,0.82,0.2,-0.55958,0.23463,-0.139,-0.78262,-0.55,0.8,0.2,-0.55958,0.23463,-0.139,-0.78262,-0.48,0.8,0.11,0.27218,0.20563,0.15517,-0.92712,-0.5,0.83,0.16,0.09408,0.23526,0.12071,-0.95981,-0.52,0.84,0.2,-0.25496,0.26386,0.04184,-0.92931,-0.53,0.83,0.22,-0.41831,0.25775,0.05463,-0.86925,-0.54,0.81,0.23,-0.41831,0.25775,0.05463,-0.86925,-0.47,0.79,0.12,0.27218,0.20563,0.15517,-0.92712,-0.48,0.82,0.17,0.17184,0.17126,0.20626,-0.94794,-0.49,0.84,0.2,-0.25055,0.26026,0.15105,-0.92015,-0.5,0.83,0.22,-0.46791,0.31237,0.10473,-0.82007,-0.52,0.81,0.23,-0.46791,0.31237,0.10473,-0.82007,-0.46,0.79,0.13,0.18216,0.12814,0.37659,-0.89921,-0.46,0.81,0.17,0.28385,0.03329,0.30043,-0.90998,-0.46,0.82,0.19,-0.22955,0.18913,0.31591,-0.90097,-0.47,0.82,0.21,-0.47196,0.31686,0.25412,-0.78248,-0.49,0.81,0.22,-0.47196,0.31686,0.25412,-0.78248,-0.6,0.8,0.21
6,-0.64,0.81,0.13,0.26146,-0.05712,-0.09395,-0.95893,-0.65,0.78,0.08,0.26146,-0.05712,-0.09395,-0.95893,-0.61,0.79,0.11,0.3469,-0.20459,0.5685,-0.71736,-0.59,0.8,0.13,0.15082,-0.0401,0.52623,-0.8359,-0.58,0.81,0.16,0.05147,-0.02563,0.6001,-0.79786,-0.58,0.81,0.19,0.05147,-0.02563,0.6001,-0.79786,-0.63,0.8,0.11,0.26146,-0.05712,-0.09395,-0.95893,-0.62,0.83,0.16,0.01158,-0.06929,-0.04021,-0.99672,-0.61,0.83,0.2,-0.24948,-0.07739,-0.04703,-0.96414,-0.61,0.82,0.22,-0.37162,-0.05556,-0.04726,-0.92551,-0.61,0.8,0.23,-0.37162,-0.05556,-0.04726,-0.92551,-0.64,0.79,0.11,0.26146,-0.05712,-0.09395,-0.95893,-0.64,0.83,0.16,0.11002,0.0016,-0.12064,-0.98658,-0.64,0.84,0.2,-0.25672,-0.04388,-0.12557,-0.95729,-0.64,0.83,0.22,-0.41149,-0.05495,-0.17472,-0.89282,-0.63,0.81,0.24,-0.41149,-0.05495,-0.17472,-0.89282,-0.66,0.79,0.11,0.26146,-0.05712,-0.09395,-0.95893,-0.66,0.82,0.16,0.16297,0.01974,-0.16957,-0.97175,-0.66,0.83,0.19,-0.22648,-0.06463,-0.20153,-0.95074,-0.66,0.82,0.22,-0.41482,-0.13017,-0.20383,-0.87717,-0.65,0.81,0.23,-0.41482,-0.13017,-0.20383,-0.87717,-0.67,0.79,0.11,0.21053,0.02343,-0.32513,-0.92164,-0.68,0.81,0.15,0.16175,0.00475,-0.23662,-0.95803,-0.68,0.82,0.18,-0.14594,-0.05092,-0.2918,-0.94391,-0.67,0.81,0.2,-0.26108,-0.13689,-0.28753,-0.91128,-0.67,0.8,0.22,-0.26108,-0.13689,-0.28753,-0.91128,-0.49,0.81,0.14,0.24139,0.22957,0.13572,-0.93307,-0.47,0.78,0.09,0.24139,0.22957,0.13572,-0.93307,-0.51,0.79,0.11,0.45054,0.31968,-0.49263,-0.67241,-0.54,0.8,0.12,0.26339,0.18976,-0.47888,-0.81565,-0.56,0.81,0.14,0.18798,0.17413,-0.56949,-0.78104,-0.57,0.81,0.17,0.18798,0.17413,-0.56949,-0.78104,-0.5,0.79,0.11,0.24139,0.22957,0.13572,-0.93307,-0.52,0.83,0.15,0.0069,0.31903,-0.00252,-0.94771,-0.55,0.83,0.18,-0.41656,0.29041,-0.11771,-0.85339,-0.56,0.81,0.19,-0.58945,0.23305,-0.17083,-0.75436,-0.56,0.79,0.2,-0.58945,0.23305,-0.17083,-0.75436,-0.49,0.79,0.11,0.24139,0.22957,0.13572,-0.93307,-0.5,0.83,0.16,0.08049,0.25099,0.10306,-0.95912,-0.52,0.84,0.2,-0.26957,0.27218,0.01919,-0.92352,-0.54,0.82,0.22,-0.43071,0.26136,0.03105,-0.86326,-0.55,0.81,0.23,-0.43071,0.26136,0.03105,-0.86326,-0.47,0.79,0.12,0.24139,0.22957,0.13572,-0.93307,-0.49,0.82,0.17,0.15388,0.1869,0.18656,-0.95215,-0.5,0.83,0.2,-0.27063,0.26554,0.12667,-0.91663,-0.51,0.82,0.22,-0.48595,0.31101,0.08075,-0.81278,-0.53,0.8,0.23,-0.48595,0.31101,0.08075,-0.81278,-0.46,0.79,0.13,0.15001,0.14374,0.35424,-0.91179,-0.47,0.8,0.17,0.26095,0.05164,0.27782,-0.92307,-0.47,0.82,0.2,-0.25651,0.19116,0.28789,-0.90265,-0.48,0.81,0.21,-0.4995,0.31059,0.22804,-0.77591,-0.49,0.8,0.22,-0.4995,0.31059,0.22804,-0.77591,-0.6,0.8,0.21
7,-0.64,0.81,0.13,0.26418,-0.05705,-0.09175,-0.9584,-0.65,0.78,0.08,0.26418,-0.05705,-0.09175,-0.9584,-0.61,0.79,0.11,0.3472,-0.20609,0.57115,-0.71468,-0.59,0.8,0.13,0.14973,-0.03963,0.52962,-0.83398,-0.58,0.81,0.16,0.04788,-0.023,0.60307,-0.79592,-0.58,0.81,0.19,0.04788,-0.023,0.60307,-0.79592,-0.63,0.8,0.11,0.26418,-0.05705,-0.09175,-0.9584,-0.62,0.83,0.16,0.01905,-0.06518,-0.04023,-0.99688,-0.61,0.83,0.19,-0.24556,-0.07379,-0.04786,-0.96538,-0.61,0.82,0.22,-0.36973,-0.05225,-0.04851,-0.9264,-0.61,0.81,0.23,-0.36973,-0.05225,-0.04851,-0.9264,-0.64,0.79,0.11,0.26418,-0.05705,-0.09175,-0.9584,-0.64,0.83,0.16,0.11009,0.00085,-0.11841,-0.98684,-0.64,0.84,0.2,-0.25551,-0.0436,-0.12328,-0.95792,-0.64,0.83,0.22,-0.40873,-0.05414,-0.17248,-0.89457,-0.63,0.81,0.24,-0.40873,-0.05414,-0.17248,-0.89457,-0.66,0.79,0.11,0.26418,-0.05705,-0.09175,-0.9584,-0.66,0.82,0.16,0.16245,0.01735,-0.16715,-0.9723,-0.66,0.83,0.19,-0.22272,-0.06494,-0.19862,-0.95222,-0.66,0.82,0.22,-0.40917,-0.12951,-0.201,-0.88057,-0.65,0.81,0.23,-0.40917,-0.12951,-0.201,-0.88057,-0.67,0.79,0.11,0.2135,0.0229,-0.32328,-0.92162,-0.68,0.81,0.15,0.1621,7e-05,-0.23387,-0.95866,-0.68,0.82,0.18,-0.14199,-0.05333,-0.28786,-0.94558,-0.67,0.81,0.2,-0.25421,-0.13781,-0.28346,-0.91435,-0.67,0.8,0.22,-0.25421,-0.13781,-0.28346,-0.91435,-0.49,0.81,0.14,0.25404,0.22548,0.13763,-0.93042,-0.47,0.78,0.09,0.25404,0.22548,0.13763,-0.93042,-0.51,0.79,0.11,0.4446,0.31181,-0.51053,-0.66668,-0.54,0.8,0.12,0.26034,0.17735,-0.49498,-0.80979,-0.56,0.81,0.15,0.18367,0.16059,-0.58386,-0.77433,-0.57,0.81,0.17,0.18367,0.16059,-0.58386,-0.77433,-0.5,0.79,0.11,0.25404,0.22548,0.13763,-0.93042,-0.52,0.83,0.15,0.00582,0.31723,-0.00721,-0.9483,-0.55,0.83,0.18,-0.4135,0.28731,-0.11967,-0.85566,-0.56,0.81,0.19,-0.58421,0.23016,-0.17113,-0.75924,-0.56,0.79,0.2,-0.58421,0.23016,-0.17113,-0.75924,-0.48,0.79,0.11,0.25404,0.22548,0.13763,-0.93042,-0.5,0.83,0.16,0.09109,0.24643,0.10553,-0.95908,-0.52,0.84,0.2,-0.26144,0.26898,0.02259,-0.92671,-0.54,0.83,0.22,-0.42476,0.25924,0.03471,-0.8667,-0.55,0.81,0.23,-0.42476,0.25924,0.03471,-0.8667,-0.47,0.79,0.12,0.25404,0.22548,0.13763,-0.93042,-0.49,0.82,0.17,0.16627,0.18164,0.19005,-0.95039,-0.5,0.83,0.2,-0.26183,0.26321,0.13095,-0.91925,-0.51,0.82,0.22,-0.48021,0.31015,0.08457,-0.81613,-0.53,0.81,0.23,-0.48021,0.31015,0.08457,-0.81613,-0.46,0.79,0.13,0.16288,0.14282,0.35738,-0.90849,-0.47,0.81,0.17,0.26869,0.04724,0.2817,-0.9199,-0.47,0.82,0.19,-0.25218,0.19133,0.29265,-0.9023,-0.48,0.81,0.21,-0.49762,0.31282,0.23143,-0.77522,-0.49,0.8,0.22,-0.49762,0.31282,0.23143,-0.77522,-0.6,0.8,0.21
8,-0.64,0.81,0.13,0.26344,-0.05904,-0.08987,-0.95866,-0.65,0.78,0.08,0.26344,-0.05904,-0.08987,-0.95866,-0.61,0.79,0.11,0.34643,-0.21125,0.57256,-0.71241,-0.59,0.8,0.13,0.14828,-0.0436,0.5327,-0.83207,-0.58,0.81,0.16,0.04737,-0.02713,0.60629,-0.79337,-0.58,0.81,0.19,0.04737,-0.02713,0.60629,-0.79337,-0.63,0.8,0.11,0.26344,-0.05904,-0.08987,-0.95866,-0.62,0.83,0.16,0.02222,-0.063,-0.04005,-0.99696,-0.61,0.83,0.19,-0.24599,-0.07191,-0.048,-0.96541,-0.61,0.82,0.22,-0.3717,-0.05049,-0.04876,-0.9257,-0.61,0.81,0.23,-0.3717,-0.05049,-0.04876,-0.9257,-0.64,0.79,0.11,0.26344,-0.05904,-0.08987,-0.95866,-0.64,0.83,0.16,0.10536,-0.00193,-0.11593,-0.98765,-0.64,0.84,0.2,-0.26076,-0.0453,-0.11994,-0.95685,-0.64,0.83,0.22,-0.41378,-0.05494,-0.16889,-0.89288,-0.63,0.81,0.24,-0.41378,-0.05494,-0.16889,-0.89288,-0.66,0.79,0.11,0.26344,-0.05904,-0.08987,-0.95866,-0.66,0.82,0.16,0.15868,0.01247,-0.1643,-0.97348,-0.66,0.83,0.19,-0.22618,-0.06806,-0.19423,-0.9521,-0.66,0.82,0.22,-0.41238,-0.13154,-0.19619,-0.87986,-0.65,0.81,0.23,-0.41238,-0.13154,-0.19619,-0.87986,-0.67,0.79,0.11,0.21263,0.0212,-0.32137,-0.92253,-0.68,0.81,0.15,0.16196,-0.00704,-0.23039,-0.9595,-0.68,0.82,0.18,-0.14009,-0.05825,-0.2825,-0.94719,-0.67,0.81,0.2,-0.25244,-0.14192,-0.27743,-0.91606,-0.66,0.8,0.22,-0.25244,-0.14192,-0.27743,-0.91606,-0.49,0.81,0.14,0.27179,0.22903,0.13974,-0.9242,-0.47,0.78,0.09,0.27179,0.22903,0.13974,-0.9242,-0.51,0.79,0.11,0.4514,0.30245,-0.52106,-0.65822,-0.54,0.8,0.12,0.27043,0.16675,-0.5031,-0.80371,-0.56,0.81,0.15,0.19243,0.14799,-0.59121,-0.76912,-0.57,0.81,0.17,0.19243,0.14799,-0.59121,-0.76912,-0.5,0.8,0.11,0.27179,0.22903,0.13974,-0.9242,-0.52,0.83,0.15,0.01321,0.3188,-0.01118,-0.94767,-0.55,0.83,0.18,-0.40296,0.28772,-0.12274,-0.8601,-0.55,0.81,0.19,-0.56786,0.23146,-0.17167,-0.77103,-0.56,0.79,0.2,-0.56786,0.23146,-0.17167,-0.77103,-0.48,0.79,0.11,0.27179,0.22903,0.13974,-0.9242,-0.5,0.83,0.16,0.08018,0.25249,0.09963,-0.95911,-0.52,0.84,0.19,-0.30573,0.27272,0.00489,-0.91221,-0.54,0.83,0.21,-0.48168,0.25676,0.013,-0.83779,-0.55,0.81,0.22,-0.48168,0.25676,0.013,-0.83779,-0.47,0.79,0.12,0.27179,0.22903,0.13974,-0.9242,-0.48,0.82,0.16,0.12818,0.19742,0.18111,-0.95488,-0.5,0.83,0.2,-0.32735,0.27543,0.10881,-0.8973,-0.51,0.82,0.21,-0.55096,0.3151,0.0579,-0.77059,-0.53,0.8,0.22,-0.55096,0.3151,0.0579,-0.77059,-0.46,0.79,0.13,0.17915,0.15083,0.36056,-0.90286,-0.47,0.81,0.17,0.23323,0.0717,0.28581,-0.9267,-0.47,0.82,0.19,-0.3191,0.22074,0.2774,-0.87892,-0.48,0.81,0.21,-0.56166,0.33692,0.2085,-0.72633,-0.5,0.8,0.21,-0.56166,0.33692,0.2085,-0.72633,-0.6,0.8,0.21
9,-0.64,0.81,0.13,0.24329,-0.0658,-0.07782,-0.96459,-0.65,0.78,0.08,0.24329,-0.0658,-0.07782,-0.96459,-0.61,0.79,0.11,0.33422,-0.23311,0.57497,-0.70949,-0.59,0.79,0.13,0.13574,-0.06306,0.54169,-0.82715,-0.58,0.8,0.16,0.03546,-0.04557,0.61588,-0.78572,-0.58,0.8,0.19,0.03546,-0.04557,0.61588,-0.78572,-0.62,0.79,0.11,0.24329,-0.0658,-0.07782,-0.96459,-0.62,0.82,0.16,0.02311,-0.06661,-0.02853,-0.9971,-0.61,0.83,0.2,-0.23998,-0.07213,-0.03635,-0.96741,-0.61,0.82,0.22,-0.36497,-0.04921,-0.03742,-0.92896,-0.6,0.8,0.23,-0.36497,-0.04921,-0.03742,-0.92896,-0.64,0.79,0.11,0.24329,-0.0658,-0.07782,-0.96459,-0.64,0.83,0.16,0.09048,-0.00576,-0.10151,-0.99069,-0.64,0.83,0.2,-0.2683,-0.04262,-0.10548,-0.95659,-0.63,0.82,0.23,-0.41888,-0.04923,-0.15501,-0.89336,-0.63,0.8,0.24,-0.41888,-0.04923,-0.15501,-0.89336,-0.66,0.79,0.11,0.24329,-0.0658,-0.07782,-0.96459,-0.66,0.82,0.16,0.1415,0.00856,-0.14997,-0.97848,-0.66,0.83,0.2,-0.23979,-0.06468,-0.1801,-0.95178,-0.65,0.82,0.22,-0.42473,-0.12491,-0.18354,-0.87767,-0.64,0.8,0.24,-0.42473,-0.12491,-0.18354,-0.87767,-0.67,0.79,0.11,0.19331,0.01988,-0.30798,-0.93134,-0.67,0.8,0.16,0.14725,-0.00687,-0.2169,-0.965,-0.67,0.81,0.19,-0.1578,-0.05364,-0.26961,-0.94844,-0.67,0.81,0.2,-0.2715,-0.13591,-0.26608,-0.91489,-0.66,0.8,0.22,-0.2715,-0.13591,-0.26608,-0.91489,-0.49,0.82,0.13,0.32284,0.22384,0.14223,-0.90854,-0.47,0.78,0.09,0.32284,0.22384,0.14223,-0.90854,-0.51,0.79,0.11,0.48356,0.26099,-0.52926,-0.64648,-0.54,0.8,0.12,0.30637,0.12675,-0.50048,-0.79975,-0.55,0.82,0.15,0.21839,0.10035,-0.58745,-0.77274,-0.57,0.82,0.17,0.21839,0.10035,-0.58745,-0.77274,-0.5,0.8,0.11,0.32284,0.22384,0.14223,-0.90854,-0.52,0.84,0.14,0.08695,0.29342,0.00923,-0.95198,-0.54,0.85,0.18,-0.3505,0.27409,-0.09769,-0.89022,-0.55,0.83,0.19,-0.52043,0.22369,-0.14204,-0.81175,-0.56,0.81,0.2,-0.52043,0.22369,-0.14204,-0.81175,-0.48,0.8,0.11,0.32284,0.22384,0.14223,-0.90854,-0.5,0.84,0.15,0.09831,0.24993,0.09499,-0.95857,-0.52,0.85,0.19,-0.33829,0.26845,-0.01288,-0.90185,-0.53,0.83,0.21,-0.52896,0.24614,-0.00749,-0.81213,-0.54,0.81,0.22,-0.52896,0.24614,-0.00749,-0.81213,-0.47,0.8,0.12,0.32284,0.22384,0.14223,-0.90854,-0.48,0.83,0.16,0.10402,0.21276,0.16863,-0.95681,-0.5,0.84,0.19,-0.38936,0.28578,0.07951,-0.87201,-0.51,0.82,0.21,-0.62129,0.31522,0.02276,-0.71702,-0.52,0.8,0.21,-0.62129,0.31522,0.02276,-0.71702,-0.46,0.79,0.13,0.22958,0.15862,0.36699,-0.88738,-0.47,0.82,0.16,0.20916,0.12219,0.28695,-0.92681,-0.47,0.83,0.19,-0.37508,0.26998,0.24227,-0.85307,-0.48,0.82,0.2,-0.61468,0.37293,0.15947,-0.67651,-0.5,0.8,0.2,-0.61468,0.37293,0.15947,-0.67651,-0.6,0.8,0.21
10,-0.64,0.8,0.14,0.22427,-0.06741,-0.07752,-0.9691,-0.65,0.78,0.08,0.22427,-0.06741,-0.07752,-0.9691,-0.61,0.78,0.11,0.32823,-0.25049,0.56428,-0.71492,-0.59,0.79,0.13,0.13031,-0.0843,0.53536,-0.83024,-0.58,0.79,0.16,0.02562,-0.06303,0.6115,-0.78831,-0.57,0.79,0.19,0.02562,-0.06303,0.6115,-0.78831,-0.62,0.79,0.11,0.22427,-0.06741,-0.07752,-0.9691,-0.61,0.82,0.16,0.04778,-0.06998,-0.03105,-0.99592,-0.61,0.82,0.2,-0.18354,-0.07539,-0.04046,-0.97928,-0.6,0.81,0.22,-0.30045,-0.05311,-0.04341,-0.95133,-0.6,0.8,0.24,-0.30045,-0.05311,-0.04341,-0.95133,-0.64,0.79,0.11,0.22427,-0.06741,-0.07752,-0.9691,-0.64,0.82,0.16,0.08941,-0.00558,-0.09954,-0.99099,-0.64,0.83,0.2,-0.24253,-0.03883,-0.10478,-0.96369,-0.63,0.81,0.23,-0.38265,-0.04543,-0.15464,-0.90973,-0.63,0.8,0.25,-0.38265,-0.04543,-0.15464,-0.90973,-0.66,0.79,0.11,0.22427,-0.06741,-0.07752,-0.9691,-0.65,0.81,0.16,0.12841,0.01031,-0.14812,-0.98054,-0.66,0.82,0.2,-0.23612,-0.05883,-0.17995,-0.9531,-0.65,0.81,0.22,-0.41481,-0.11813,-0.18488,-0.88306,-0.64,0.79,0.24,-0.41481,-0.11813,-0.18488,-0.88306,-0.66,0.78,0.11,0.17452,0.0229,-0.30592,-0.93565,-0.67,0.8,0.16,0.14203,0.01427,-0.21763,-0.96554,-0.67,0.81,0.19,-0.1673,-0.03502,-0.27662,-0.94566,-0.67,0.8,0.21,-0.27782,-0.11763,-0.2762,-0.91252,-0.66,0.79,0.22,-0.27782,-0.11763,-0.2762,-0.91252,-0.49,0.82,0.14,0.33465,0.20016,0.12736,-0.91199,-0.47,0.78,0.09,0.33465,0.20016,0.12736,-0.91199,-0.51,0.79,0.11,0.4706,0.24192,-0.55056,-0.64567,-0.54,0.8,0.12,0.29191,0.09879,-0.51779,-0.79808,-0.55,0.81,0.15,0.18611,0.06097,-0.60134,-0.77462,-0.56,0.82,0.17,0.18611,0.06097,-0.60134,-0.77462,-0.5,0.8,0.11,0.33465,0.20016,0.12736,-0.91199,-0.52,0.84,0.15,0.12824,0.24941,0.02164,-0.95963,-0.54,0.85,0.18,-0.31088,0.24155,-0.06583,-0.91688,-0.55,0.83,0.2,-0.48404,0.19844,-0.10234,-0.84608,-0.55,0.82,0.21,-0.48404,0.19844,-0.10234,-0.84608,-0.48,0.8,0.12,0.33465,0.20016,0.12736,-0.91199,-0.5,0.84,0.16,0.10826,0.21869,0.08907,-0.96567,-0.51,0.85,0.19,-0.33845,0.2379,-0.00595,-0.9104,-0.53,0.83,0.21,-0.5318,0.21757,0.00548,-0.81843,-0.53,0.81,0.22,-0.5318,0.21757,0.00548,-0.81843,-0.47,0.8,0.12,0.33465,0.20016,0.12736,-0.91199,-0.48,0.83,0.16,0.11394,0.18728,0.15953,-0.96255,-0.49,0.84,0.2,-0.38305,0.25969,0.0842,-0.88246,-0.51,0.82,0.21,-0.61952,0.2919,0.03399,-0.7279,-0.52,0.8,0.22,-0.61952,0.2919,0.03399,-0.7279,-0.46,0.79,0.13,0.24794,0.13739,0.3554,-0.8907,-0.46,0.82,0.17,0.2261,0.11535,0.27149,-0.92837,-0.47,0.83,0.19,-0.35568,0.25547,0.23536,-0.86766,-0.48,0.82,0.21,-0.59873,0.35717,0.15778,-0.69933,-0.49,0.81,0.21,-0.59873,0.35717,0.15778,-0.69933,-0.6,0.8,0.21
11,-0.64,0.8,0.14,0.21559,-0.06013,-0.08423,-0.97098,-0.65,0.78,0.08,0.21559,-0.06013,-0.08423,-0.97098,-0.61,0.78,0.11,0.32776,-0.25041,0.55098,-0.72545,-0.59,0.79,0.13,0.13106,-0.09016,0.52094,-0.83864,-0.58,0.79,0.16,0.0246,-0.06906,0.59852,-0.79775,-0.57,0.79,0.19,0.0246,-0.06906,0.59852,-0.79775,-0.62,0.79,0.11,0.21559,-0.06013,-0.08423,-0.97098,-0.61,0.82,0.16,0.05401,-0.06937,-0.03839,-0.99539,-0.61,0.82,0.2,-0.16114,-0.07583,-0.04903,-0.98279,-0.61,0.81,0.22,-0.26993,-0.05431,-0.05315,-0.95988,-0.6,0.8,0.24,-0.26993,-0.05431,-0.05315,-0.95988,-0.64,0.79,0.11,0.21559,-0.06013,-0.08423,-0.97098,-0.64,0.82,0.16,0.0848,0.001,-0.10634,-0.99071,-0.64,0.82,0.21,-0.22477,-0.03223,-0.11408,-0.96717,-0.63,0.81,0.23,-0.352,-0.03947,-0.16419,-0.92064,-0.63,0.8,0.25,-0.352,-0.03947,-0.16419,-0.92064,-0.66,0.79,0.11,0.21559,-0.06013,-0.08423,-0.97098,-0.66,0.81,0.16,0.11825,0.02016,-0.15529,-0.98056,-0.66,0.82,0.2,-0.22696,-0.04834,-0.19085,-0.9538,-0.65,0.81,0.22,-0.39589,-0.10836,-0.19781,-0.89017,-0.65,0.79,0.24,-0.39589,-0.10836,-0.19781,-0.89017,-0.66,0.78,0.12,0.16665,0.03188,-0.31172,-0.9349,-0.67,0.79,0.16,0.13298,0.03824,-0.22656,-0.96412,-0.68,0.8,0.19,-0.18003,-0.01626,-0.29228,-0.93909,-0.67,0.79,0.21,-0.28435,-0.09945,-0.29511,-0.90673,-0.67,0.79,0.23,-0.28435,-0.09945,-0.29511,-0.90673,-0.49,0.81,0.14,0.30156,0.19054,0.10671,-0.9281,-0.47,0.78,0.09,0.30156,0.19054,0.10671,-0.9281,-0.51,0.79,0.11,0.43289,0.2644,-0.56671,-0.64926,-0.54,0.79,0.13,0.24911,0.10981,-0.54152,-0.79539,-0.55,0.8,0.16,0.14028,0.06993,-0.62362,-0.76585,-0.56,0.81,0.18,0.14028,0.06993,-0.62362,-0.76585,-0.5,0.79,0.11,0.30156,0.19054,0.10671,-0.9281,-0.52,0.83,0.15,0.08571,0.2285,0.00839,-0.96973,-0.54,0.84,0.19,-0.31932,0.21826,-0.06004,-0.92021,-0.54,0.82,0.21,-0.4771,0.17797,-0.08873,-0.85605,-0.55,0.8,0.22,-0.4771,0.17797,-0.08873,-0.85605,-0.48,0.79,0.12,0.30156,0.19054,0.10671,-0.9281,-0.5,0.83,0.16,0.07426,0.19954,0.07395,-0.97427,-0.51,0.84,0.2,-0.36487,0.21368,-0.00896,-0.90616,-0.52,0.82,0.22,-0.5508,0.19185,0.00805,-0.81225,-0.53,0.8,0.23,-0.5508,0.19185,0.00805,-0.81225,-0.47,0.79,0.12,0.30156,0.19054,0.10671,-0.9281,-0.48,0.82,0.17,0.09526,0.16766,0.14353,-0.97068,-0.49,0.83,0.2,-0.3991,0.23379,0.0815,-0.88285,-0.5,0.81,0.22,-0.6313,0.26608,0.04015,-0.72736,-0.51,0.79,0.22,-0.6313,0.26608,0.04015,-0.72736,-0.46,0.79,0.13,0.2205,0.11858,0.33428,-0.90861,-0.46,0.81,0.17,0.20979,0.1023,0.24795,-0.94024,-0.47,0.82,0.2,-0.3654,0.2278,0.22621,-0.87374,-0.48,0.81,0.21,-0.60817,0.32796,0.15914,-0.70516,-0.49,0.8,0.21,-0.60817,0.32796,0.15914,-0.70516,-0.6,0.8,0.21
12,-0.64,0.8,0.14,0.23806,-0.06665,-0.07401,-0.96613,-0.65,0.78,0.08,0.23806,-0.06665,-0.07401,-0.96613,-0.61,0.78,0.11,0.34537,-0.24368,0.56148,-0.71139,-0.59,0.79,0.13,0.15155,-0.08229,0.52979,-0.83041,-0.58,0.8,0.16,0.03835,-0.05354,0.6068,-0.79212,-0.57,0.8,0.19,0.03835,-0.05354,0.6068,-0.79212,-0.62,0.79,0.11,0.23806,-0.06665,-0.07401,-0.96613,-0.61,0.82,0.16,0.06336,-0.08115,-0.02292,-0.99442,-0.61,0.82,0.2,-0.1652,-0.0847,-0.03025,-0.98215,-0.6,0.82,0.22,-0.27785,-0.0612,-0.03305,-0.9581,-0.6,0.81,0.24,-0.27785,-0.0612,-0.03305,-0.9581,-0.64,0.79,0.11,0.23806,-0.06665,-0.07401,-0.96613,-0.64,0.82,0.16,0.10757,-0.0101,-0.09538,-0.98956,-0.64,0.83,0.2,-0.20313,-0.03972,-0.10023,-0.9732,-0.63,0.82,0.23,-0.33073,-0.04615,-0.14965,-0.93064,-0.63,0.81,0.25,-0.33073,-0.04615,-0.14965,-0.93064,-0.66,0.79,0.11,0.23806,-0.06665,-0.07401,-0.96613,-0.65,0.81,0.16,0.13984,0.01104,-0.14624,-0.97925,-0.66,0.82,0.2,-0.20598,-0.05447,-0.179,-0.9605,-0.65,0.81,0.22,-0.37931,-0.11304,-0.18438,-0.89964,-0.64,0.8,0.24,-0.37931,-0.11304,-0.18438,-0.89964,-0.66,0.78,0.12,0.18857,0.02043,-0.30386,-0.93364,-0.67,0.8,0.16,0.14985,0.02948,-0.21932,-0.96362,-0.67,0.81,0.19,-0.17623,-0.02688,-0.28335,-0.9423,-0.67,0.8,0.21,-0.28655,-0.1105,-0.28433,-0.9082,-0.66,0.79,0.22,-0.28655,-0.1105,-0.28433,-0.9082,-0.49,0.81,0.14,0.28746,0.1991,0.1057,-0.93089,-0.47,0.78,0.09,0.28746,0.1991,0.1057,-0.93089,-0.51,0.78,0.11,0.4126,0.28032,-0.57926,-0.6447,-0.54,0.79,0.13,0.2295,0.1199,-0.55921,-0.78755,-0.55,0.8,0.16,0.12539,0.08224,-0.64053,-0.75315,-0.56,0.8,0.18,0.12539,0.08224,-0.64053,-0.75315,-0.5,0.79,0.11,0.28746,0.1991,0.1057,-0.93089,-0.52,0.83,0.15,0.02991,0.23229,-0.00276,-0.97218,-0.54,0.83,0.19,-0.34771,0.21758,-0.06575,-0.90964,-0.55,0.81,0.2,-0.47732,0.17855,-0.08911,-0.85577,-0.55,0.79,0.22,-0.47732,0.17855,-0.08911,-0.85577,-0.48,0.79,0.12,0.28746,0.1991,0.1057,-0.93089,-0.5,0.83,0.16,0.04962,0.2044,0.07074,-0.97507,-0.52,0.83,0.2,-0.38604,0.21632,-0.01363,-0.89666,-0.53,0.82,0.22,-0.56589,0.19236,0.00309,-0.80172,-0.53,0.79,0.23,-0.56589,0.19236,0.00309,-0.80172,-0.47,0.79,0.12,0.28746,0.1991,0.1057,-0.93089,-0.48,0.82,0.17,0.09369,0.17214,0.143,-0.97012,-0.49,0.83,0.2,-0.40761,0.23792,0.07705,-0.87824,-0.51,0.81,0.22,-0.6383,0.26851,0.03493,-0.72059,-0.52,0.79,0.22,-0.6383,0.26851,0.03493,-0.72059,-0.46,0.79,0.13,0.20517,0.12354,0.33175,-0.91246,-0.47,0.81,0.17,0.20325,0.11274,0.24401,-0.94151,-0.47,0.82,0.2,-0.3718,0.23353,0.21725,-0.8718,-0.48,0.81,0.21,-0.61778,0.33115,0.14758,-0.69778,-0.49,0.79,0.21,-0.61778,0.33115,0.14758,-0.69778,-0.6,0.8,0.21
13,-0.64,0.81,0.14,0.24419,-0.06818,-0.06209,-0.96533,-0.65,0.78,0.08,0.24419,-0.06818,-0.06209,-0.96533,-0.61,0.78,0.11,0.34843,-0.2451,0.56973,-0.70281,-0.59,0.79,0.13,0.15539,-0.08106,0.53891,-0.82393,-0.58,0.8,0.16,0.0395,-0.04851,0.61531,-0.7858,-0.57,0.8,0.19,0.0395,-0.04851,0.61531,-0.7858,-0.62,0.79,0.11,0.24419,-0.06818,-0.06209,-0.96533,-0.61,0.82,0.16,0.06247,-0.08858,-0.00675,-0.99409,-0.61,0.82,0.2,-0.18168,-0.08845,-0.01138,-0.97931,-0.6,0.82,0.22,-0.30027,-0.0627,-0.01285,-0.95171,-0.6,0.8,0.24,-0.30027,-0.0627,-0.01285,-0.95171,-0.64,0.79,0.11,0.24419,-0.06818,-0.06209,-0.96533,-0.63,0.82,0.16,0.1188,-0.0172,-0.08146,-0.98942,-0.63,0.83,0.2,-0.18959,-0.04207,-0.08492,-0.97728,-0.63,0.82,0.23,-0.3194,-0.04739,-0.13441,-0.93684,-0.63,0.81,0.25,-0.3194,-0.04739,-0.13441,-0.93684,-0.66,0.79,0.11,0.24419,-0.06818,-0.06209,-0.96533,-0.65,0.81,0.16,0.15139,0.00676,-0.13379,-0.97935,-0.66,0.82,0.2,-0.19423,-0.05444,-0.16579,-0.96531,-0.65,0.82,0.22,-0.37314,-0.11144,-0.17096,-0.90505,-0.64,0.8,0.24,-0.37314,-0.11144,-0.17096,-0.90505,-0.66,0.78,0.12,0.19588,0.01778,-0.29298,-0.93567,-0.67,0.8,0.16,0.15914,0.02739,-0.20792,-0.96472,-0.67,0.81,0.19,-0.17428,-0.02756,-0.27235,-0.94588,-0.67,0.8,0.21,-0.2992,-0.11373,-0.27222,-0.90744,-0.66,0.79,0.22,-0.2992,-0.11373,-0.27222,-0.90744,-0.49,0.81,0.14,0.28801,0.19725,0.11083,-0.93052,-0.47,0.78,0.09,0.28801,0.19725,0.11083,-0.93052,-0.51,0.78,0.11,0.40217,0.27682,-0.5872,-0.64562,-0.54,0.79,0.13,0.21989,0.11356,-0.5663,-0.78617,-0.55,0.8,0.16,0.11722,0.07765,-0.64624,-0.75007,-0.56,0.8,0.18,0.11722,0.07765,-0.64624,-0.75007,-0.5,0.79,0.11,0.28801,0.19725,0.11083,-0.93052,-0.52,0.83,0.15,0.00802,0.23097,-0.00286,-0.97292,-0.54,0.83,0.19,-0.36347,0.21609,-0.06412,-0.90393,-0.55,0.81,0.2,-0.48493,0.17782,-0.08608,-0.85194,-0.55,0.79,0.22,-0.48493,0.17782,-0.08608,-0.85194,-0.48,0.79,0.12,0.28801,0.19725,0.11083,-0.93052,-0.5,0.83,0.16,0.03532,0.20416,0.07346,-0.97554,-0.52,0.83,0.2,-0.40102,0.21709,-0.01153,-0.8899,-0.53,0.81,0.22,-0.57992,0.1925,0.00461,-0.79159,-0.53,0.79,0.22,-0.57992,0.1925,0.00461,-0.79159,-0.47,0.79,0.12,0.28801,0.19725,0.11083,-0.93052,-0.48,0.82,0.17,0.09107,0.17154,0.14791,-0.96974,-0.49,0.83,0.2,-0.41668,0.24031,0.07986,-0.87307,-0.51,0.81,0.22,-0.64781,0.27124,0.03645,-0.71094,-0.52,0.79,0.22,-0.64781,0.27124,0.03645,-0.71094,-0.46,0.79,0.13,0.20537,0.12201,0.33674,-0.91079,-0.46,0.81,0.17,0.20106,0.11428,0.24843,-0.94064,-0.47,0.82,0.2,-0.37474,0.23744,0.21961,-0.86889,-0.48,0.81,0.21,-0.62494,0.33639,0.14639,-0.6891,-0.49,0.79,0.21,-0.62494,0.33639,0.14639,-0.6891,-0.6,0.8,0.21
14,-0.64,0.8,0.14,0.23661,-0.06382,-0.05304,-0.96805,-0.65,0.78,0.08,0.23661,-0.06382,-0.05304,-0.96805,-0.61,0.78,0.11,0.33921,-0.25194,0.57359,-0.70175,-0.59,0.79,0.13,0.14303,-0.08358,0.54551,-0.82157,-0.58,0.79,0.16,0.02891,-0.05231,0.62135,-0.78125,-0.57,0.79,0.19,0.02891,-0.05231,0.62135,-0.78125,-0.62,0.79,0.11,0.23661,-0.06382,-0.05304,-0.96805,-0.61,0.82,0.16,0.05059,-0.10079,0.00886,-0.99358,-0.6,0.82,0.2,-0.20553,-0.09613,0.00795,-0.97389,-0.6,0.81,0.22,-0.33419,-0.0677,0.00897,-0.94003,-0.6,0.8,0.24,-0.33419,-0.0677,0.00897,-0.94003,-0.64,0.79,0.11,0.23661,-0.06382,-0.05304,-0.96805,-0.63,0.82,0.16,0.13153,-0.02332,-0.06889,-0.98864,-0.63,0.83,0.2,-0.16204,-0.04311,-0.07173,-0.98323,-0.63,0.82,0.23,-0.29418,-0.04836,-0.12147,-0.94677,-0.63,0.81,0.25,-0.29418,-0.04836,-0.12147,-0.94677,-0.66,0.79,0.11,0.23661,-0.06382,-0.05304,-0.96805,-0.65,0.81,0.16,0.17167,0.0052,-0.12193,-0.97757,-0.66,0.83,0.2,-0.16475,-0.05106,-0.15419,-0.97287,-0.65,0.82,0.22,-0.35264,-0.10747,-0.1592,-0.91583,-0.64,0.8,0.24,-0.35264,-0.10747,-0.1592,-0.91583,-0.66,0.79,0.12,0.19067,0.02412,-0.28381,-0.93942,-0.67,0.8,0.16,0.17509,0.03625,-0.19647,-0.96407,-0.67,0.81,0.19,-0.16156,-0.01741,-0.265,-0.95046,-0.67,0.8,0.21,-0.30943,-0.10879,-0.26432,-0.90695,-0.66,0.79,0.22,-0.30943,-0.10879,-0.26432,-0.90695,-0.49,0.81,0.14,0.29402,0.19586,0.11573,-0.92833,-0.47,0.78,0.09,0.29402,0.19586,0.11573,-0.92833,-0.51,0.78,0.11,0.39732,0.27214,-0.59378,-0.64459,-0.54,0.79,0.13,0.2139,0.10525,-0.57215,-0.78473,-0.55,0.8,0.16,0.11283,0.07124,-0.65074,-0.74748,-0.56,0.8,0.18,0.11283,0.07124,-0.65074,-0.74748,-0.5,0.79,0.11,0.29402,0.19586,0.11573,-0.92833,-0.52,0.83,0.15,-0.0034,0.23114,-0.00292,-0.97291,-0.54,0.83,0.19,-0.36794,0.21636,-0.06271,-0.90215,-0.55,0.81,0.2,-0.48323,0.17877,-0.08349,-0.85297,-0.55,0.79,0.21,-0.48323,0.17877,-0.08349,-0.85297,-0.48,0.79,0.12,0.29402,0.19586,0.11573,-0.92833,-0.5,0.83,0.16,0.02085,0.20619,0.07392,-0.97549,-0.52,0.83,0.2,-0.41621,0.2189,-0.01253,-0.88244,-0.53,0.81,0.22,-0.59597,0.1929,0.00256,-0.77949,-0.53,0.79,0.22,-0.59597,0.1929,0.00256,-0.77949,-0.47,0.79,0.12,0.29402,0.19586,0.11573,-0.92833,-0.48,0.82,0.17,0.08173,0.17435,0.15016,-0.96973,-0.49,0.83,0.2,-0.42976,0.24388,0.07922,-0.86577,-0.51,0.81,0.22,-0.66306,0.27393,0.03365,-0.69583,-0.52,0.79,0.22,-0.66306,0.27393,0.03365,-0.69583,-0.46,0.79,0.13,0.21083,0.1223,0.3419,-0.90758,-0.46,0.81,0.17,0.1931,0.12137,0.25191,-0.94049,-0.47,0.82,0.2,-0.38332,0.24493,0.21803,-0.86344,-0.48,0.81,0.21,-0.63784,0.34377,0.13996,-0.67483,-0.5,0.79,0.21,-0.63784,0.34377,0.13996,-0.67483,-0.6,0.8,0.21
15,-0.64,0.8,0.14,0.22145,-0.06089,-0.06564,-0.97105,-0.65,0.78,0.08,0.22145,-0.06089,-0.06564,-0.97105,-0.61,0.78,0.11,0.32939,-0.25789,0.5624,-0.71323,-0.59,0.79,0.13,0.13018,-0.09139,0.53578,-0.82924,-0.58,0.79,0.16,0.02638,-0.07017,0.61254,-0.78687,-0.57,0.79,0.19,0.02638,-0.07017,0.61254,-0.78687,-0.62,0.79,0.11,0.22145,-0.06089,-0.06564,-0.97105,-0.61,0.82,0.16,0.03689,-0.11509,0.00073,-0.99267,-0.6,0.82,0.2,-0.21427,-0.11168,0.0032,-0.97036,-0.6,0.81,0.22,-0.34415,-0.08367,0.00674,-0.93515,-0.6,0.8,0.24,-0.34415,-0.08367,0.00674,-0.93515,-0.64,0.79,0.11,0.22145,-0.06089,-0.06564,-0.97105,-0.64,0.82,0.16,0.12911,-0.02961,-0.07879,-0.98805,-0.63,0.83,0.21,-0.14965,-0.05081,-0.0801,-0.98418,-0.63,0.82,0.23,-0.28068,-0.05761,-0.12863,-0.9494,-0.63,0.81,0.25,-0.28068,-0.05761,-0.12863,-0.9494,-0.66,0.79,0.11,0.22145,-0.06089,-0.06564,-0.97105,-0.65,0.81,0.16,0.17257,0.00193,-0.13162,-0.97616,-0.66,0.82,0.2,-0.14949,-0.05513,-0.16265,-0.97373,-0.65,0.82,0.22,-0.33673,-0.11324,-0.16627,-0.91986,-0.64,0.8,0.24,-0.33673,-0.11324,-0.16627,-0.91986,-0.66,0.78,0.12,0.17478,0.03029,-0.29455,-0.93903,-0.67,0.8,0.16,0.17531,0.03936,-0.2051,-0.96211,-0.68,0.81,0.19,-0.15443,-0.01568,-0.27385,-0.94916,-0.67,0.8,0.21,-0.30748,-0.11016,-0.27256,-0.90501,-0.67,0.79,0.22,-0.30748,-0.11016,-0.27256,-0.90501,-0.49,0.81,0.14,0.30061,0.1942,0.1147,-0.9267,-0.47,0.78,0.09,0.30061,0.1942,0.1147,-0.9267,-0.51,0.79,0.11,0.39995,0.26923,-0.59595,-0.64218,-0.54,0.79,0.13,0.21173,0.09791,-0.57465,-0.78445,-0.55,0.8,0.16,0.10867,0.06274,-0.65236,-0.74745,-0.56,0.8,0.18,0.10867,0.06274,-0.65236,-0.74745,-0.5,0.79,0.11,0.30061,0.1942,0.1147,-0.9267,-0.52,0.83,0.15,-0.01066,0.23003,-0.00808,-0.97309,-0.54,0.83,0.19,-0.35731,0.21448,-0.06291,-0.90684,-0.54,0.81,0.2,-0.46556,0.1776,-0.08136,-0.86319,-0.55,0.79,0.22,-0.46556,0.1776,-0.08136,-0.86319,-0.48,0.79,0.12,0.30061,0.1942,0.1147,-0.9267,-0.5,0.83,0.16,0.02372,0.20553,0.07212,-0.9757,-0.52,0.83,0.2,-0.4044,0.21769,-0.01158,-0.88822,-0.53,0.81,0.22,-0.58439,0.19276,0.00415,-0.78824,-0.53,0.79,0.22,-0.58439,0.19276,0.00415,-0.78824,-0.47,0.79,0.12,0.30061,0.1942,0.1147,-0.9267,-0.48,0.82,0.17,0.08658,0.17433,0.14892,-0.9695,-0.49,0.83,0.2,-0.42093,0.24306,0.07926,-0.87032,-0.51,0.81,0.22,-0.65522,0.27347,0.03395,-0.70338,-0.52,0.79,0.22,-0.65522,0.27347,0.03395,-0.70338,-0.46,0.79,0.13,0.21773,0.12228,0.34153,-0.90609,-0.46,0.81,0.17,0.19428,0.12724,0.24979,-0.94004,-0.47,0.82,0.2,-0.37764,0.24756,0.21413,-0.86617,-0.48,0.81,0.21,-0.63276,0.34494,0.13551,-0.6799,-0.49,0.79,0.21,-0.63276,0.34494,0.13551,-0.6799,-0.6,0.8,0.21
16,-0.64,0.8,0.14,0.21844,-0.05759,-0.07387,-0.97134,-0.65,0.78,0.08,0.21844,-0.05759,-0.07387,-0.97134,-0.61,0.79,0.11,0.32655,-0.2546,0.55759,-0.71947,-0.59,0.79,0.13,0.12903,-0.09109,0.52935,-0.83357,-0.58,0.8,0.16,0.0302,-0.07466,0.60638,-0.79108,-0.57,0.79,0.19,0.0302,-0.07466,0.60638,-0.79108,-0.62,0.79,0.11,0.21844,-0.05759,-0.07387,-0.97134,-0.61,0.82,0.16,0.03541,-0.11892,-0.00623,-0.99225,-0.61,0.82,0.2,-0.21107,-0.11706,-0.00314,-0.97043,-0.6,0.81,0.22,-0.34232,-0.08991,0.00123,-0.93527,-0.6,0.8,0.24,-0.34232,-0.08991,0.00123,-0.93527,-0.64,0.79,0.11,0.21844,-0.05759,-0.07387,-0.97134,-0.64,0.82,0.16,0.12562,-0.03131,-0.086,-0.98785,-0.64,0.83,0.21,-0.15688,-0.05473,-0.08633,-0.98231,-0.63,0.82,0.23,-0.29019,-0.06216,-0.1343,-0.94546,-0.63,0.81,0.25,-0.29019,-0.06216,-0.1343,-0.94546,-0.66,0.79,0.11,0.21844,-0.05759,-0.07387,-0.97134,-0.66,0.81,0.16,0.16567,0.00017,-0.13879,-0.97637,-0.66,0.82,0.2,-0.15616,-0.05884,-0.16893,-0.9714,-0.65,0.82,0.22,-0.34376,-0.11814,-0.17179,-0.91562,-0.65,0.8,0.24,-0.34376,-0.11814,-0.17179,-0.91562,-0.66,0.78,0.12,0.17138,0.03399,-0.30222,-0.93709,-0.67,0.8,0.16,0.16629,0.03467,-0.21248,-0.96229,-0.68,0.81,0.19,-0.14824,-0.01756,-0.27865,-0.94872,-0.67,0.8,0.21,-0.29832,-0.11204,-0.27686,-0.90653,-0.67,0.79,0.23,-0.29832,-0.11204,-0.27686,-0.90653,-0.49,0.81,0.14,0.30002,0.19681,0.11388,-0.92644,-0.47,0.78,0.09,0.30002,0.19681,0.11388,-0.92644,-0.51,0.79,0.11,0.40101,0.27253,-0.59579,-0.64028,-0.54,0.79,0.13,0.21017,0.09914,-0.57607,-0.78367,-0.55,0.8,0.16,0.1051,0.06207,-0.65374,-0.74681,-0.56,0.8,0.18,0.1051,0.06207,-0.65374,-0.74681,-0.5,0.79,0.11,0.30002,0.19681,0.11388,-0.92644,-0.52,0.83,0.15,-0.02014,0.23277,-0.01264,-0.97224,-0.54,0.83,0.19,-0.35205,0.21621,-0.0648,-0.90836,-0.55,0.81,0.2,-0.45462,0.17963,-0.08194,-0.86853,-0.55,0.79,0.22,-0.45462,0.17963,-0.08194,-0.86853,-0.48,0.79,0.12,0.30002,0.19681,0.11388,-0.92644,-0.5,0.83,0.16,0.02193,0.2084,0.06997,-0.97529,-0.52,0.83,0.2,-0.39459,0.2195,-0.01201,-0.89218,-0.53,0.82,0.22,-0.57176,0.19534,0.00411,-0.79682,-0.53,0.79,0.22,-0.57176,0.19534,0.00411,-0.79682,-0.47,0.79,0.12,0.30002,0.19681,0.11388,-0.92644,-0.48,0.82,0.17,0.08723,0.17691,0.14757,-0.96918,-0.49,0.83,0.2,-0.41438,0.24416,0.0783,-0.87324,-0.51,0.81,0.22,-0.64818,0.27448,0.03308,-0.70952,-0.52,0.79,0.22,-0.64818,0.27448,0.03308,-0.70952,-0.46,0.79,0.13,0.21674,0.1247,0.34054,-0.90637,-0.46,0.81,0.17,0.19288,0.13185,0.24809,-0.94014,-0.47,0.82,0.2,-0.37379,0.24911,0.21144,-0.86806,-0.48,0.81,0.21,-0.62849,0.34539,0.13291,-0.68414,-0.5,0.79,0.21,-0.62849,0.34539,0.13291,-0.68414,-0.6,0.8,0.21
17,-0.64,0.8,0.14,0.21887,-0.05696,-0.07632,-0.9711,-0.65,0.78,0.08,0.21887,-0.05696,-0.07632,-0.9711,-0.61,0.79,0.11,0.32712,-0.25243,0.55624,-0.72102,-0.59,0.79,0.13,0.13134,-0.09066,0.52696,-0.83477,-0.58,0.8,0.16,0.03086,-0.07313,0.60421,-0.79286,-0.57,0.8,0.19,0.03086,-0.07313,0.60421,-0.79286,-0.62,0.79,0.11,0.21887,-0.05696,-0.07632,-0.9711,-0.61,0.82,0.16,0.03682,-0.11945,-0.00857,-0.99212,-0.61,0.82,0.2,-0.20453,-0.11815,-0.00592,-0.97169,-0.6,0.81,0.22,-0.33586,-0.09144,-0.00158,-0.93746,-0.6,0.8,0.24,-0.33586,-0.09144,-0.00158,-0.93746,-0.64,0.79,0.11,0.21887,-0.05696,-0.07632,-0.9711,-0.64,0.82,0.16,0.12871,-0.03234,-0.08815,-0.98723,-0.64,0.83,0.21,-0.16418,-0.05729,-0.08753,-0.98087,-0.63,0.82,0.23,-0.30598,-0.0654,-0.13533,-0.9401,-0.63,0.81,0.25,-0.30598,-0.0654,-0.13533,-0.9401,-0.66,0.79,0.11,0.21887,-0.05696,-0.07632,-0.9711,-0.66,0.81,0.16,0.16659,-0.00182,-0.14075,-0.97593,-0.66,0.82,0.2,-0.16373,-0.06285,-0.16976,-0.96976,-0.65,0.82,0.22,-0.35778,-0.12316,-0.17159,-0.9096,-0.64,0.8,0.24,-0.35778,-0.12316,-0.17159,-0.9096,-0.66,0.78,0.12,0.17159,0.03444,-0.3046,-0.93626,-0.67,0.8,0.16,0.16233,0.02584,-0.21406,-0.96289,-0.68,0.81,0.19,-0.14776,-0.02471,-0.27722,-0.94906,-0.67,0.8,0.21,-0.29938,-0.11923,-0.27405,-0.90612,-0.67,0.79,0.23,-0.29938,-0.11923,-0.27405,-0.90612,-0.49,0.81,0.14,0.30052,0.19507,0.11753,-0.92619,-0.47,0.78,0.09,0.30052,0.19507,0.11753,-0.92619,-0.51,0.79,0.11,0.40153,0.2717,-0.59321,-0.64269,-0.54,0.79,0.13,0.20888,0.09818,-0.57337,-0.78611,-0.55,0.8,0.16,0.10299,0.06109,-0.6511,-0.74949,-0.56,0.8,0.18,0.10299,0.06109,-0.6511,-0.74949,-0.5,0.79,0.11,0.30052,0.19507,0.11753,-0.92619,-0.52,0.83,0.15,-0.02484,0.23271,-0.01036,-0.97217,-0.54,0.83,0.19,-0.35192,0.2171,-0.06153,-0.90842,-0.55,0.81,0.2,-0.45148,0.18114,-0.07808,-0.8702,-0.55,0.79,0.22,-0.45148,0.18114,-0.07808,-0.8702,-0.48,0.79,0.12,0.30052,0.19507,0.11753,-0.92619,-0.5,0.83,0.16,0.01992,0.20844,0.07312,-0.9751,-0.52,0.83,0.2,-0.39096,0.22089,-0.00785,-0.89347,-0.53,0.82,0.22,-0.56497,0.19794,0.00849,-0.80097,-0.53,0.79,0.22,-0.56497,0.19794,0.00849,-0.80097,-0.47,0.79,0.12,0.30052,0.19507,0.11753,-0.92619,-0.48,0.82,0.17,0.088,0.17631,0.15138,-0.96864,-0.49,0.83,0.2,-0.40984,0.24528,0.08277,-0.87465,-0.51,0.81,0.22,-0.64178,0.277,0.03764,-0.71413,-0.52,0.79,0.22,-0.64178,0.277,0.03764,-0.71413,-0.46,0.79,0.13,0.21707,0.12323,0.34414,-0.90513,-0.46,0.81,0.17,0.19429,0.13069,0.25179,-0.93903,-0.47,0.82,0.2,-0.36993,0.24987,0.21557,-0.86848,-0.48,0.81,0.21,-0.62261,0.34714,0.13736,-0.68774,-0.5,0.79,0.21,-0.62261,0.34714,0.13736,-0.68774,-0.6,0.8,0.21
18,-0.64,0.8,0.14,0.21974,-0.05868,-0.07358,-0.97101,-0.65,0.78,0.08,0.21974,-0.05868,-0.07358,-0.97101,-0.61,0.79,0.11,0.32919,-0.25273,0.55714,-0.71928,-0.59,0.79,0.13,0.13654,-0.09275,0.52745,-0.83339,-0.58,0.8,0.16,0.03276,-0.07201,0.60509,-0.79222,-0.57,0.8,0.19,0.03276,-0.07201,0.60509,-0.79222,-0.62,0.79,0.11,0.21974,-0.05868,-0.07358,-0.97101,-0.61,0.82,0.16,0.03773,-0.12221,-0.0049,-0.99178,-0.61,0.82,0.2,-0.19657,-0.11996,-0.00257,-0.97312,-0.6,0.81,0.22,-0.3272,-0.09288,0.00166,-0.94038,-0.6,0.8,0.24,-0.3272,-0.09288,0.00166,-0.94038,-0.64,0.79,0.11,0.21974,-0.05868,-0.07358,-0.97101,-0.64,0.82,0.16,0.13614,-0.03515,-0.08505,-0.98641,-0.63,0.83,0.21,-0.17151,-0.06041,-0.08288,-0.97983,-0.63,0.82,0.23,-0.32669,-0.06881,-0.13061,-0.93353,-0.63,0.81,0.25,-0.32669,-0.06881,-0.13061,-0.93353,-0.66,0.79,0.11,0.21974,-0.05868,-0.07358,-0.97101,-0.66,0.81,0.16,0.17273,-0.00622,-0.13735,-0.97533,-0.66,0.82,0.2,-0.17518,-0.06897,-0.16421,-0.96829,-0.65,0.82,0.22,-0.38131,-0.12963,-0.16441,-0.90043,-0.64,0.8,0.24,-0.38131,-0.12963,-0.16441,-0.90043,-0.66,0.78,0.12,0.17247,0.03263,-0.30202,-0.937,-0.67,0.8,0.16,0.16346,0.01481,-0.20993,-0.96384,-0.67,0.81,0.19,-0.14645,-0.03364,-0.26997,-0.95107,-0.67,0.8,0.21,-0.30802,-0.12936,-0.26441,-0.9047,-0.66,0.79,0.22,-0.30802,-0.12936,-0.26441,-0.9047,-0.49,0.81,0.14,0.30319,0.19314,0.12284,-0.92503,-0.47,0.78,0.09,0.30319,0.19314,0.12284,-0.92503,-0.51,0.79,0.11,0.40053,0.26979,-0.59284,-0.64446,-0.54,0.79,0.13,0.20785,0.09651,-0.57233,-0.78735,-0.55,0.8,0.16,0.1009,0.05895,-0.64993,-0.75095,-0.56,0.8,0.18,0.1009,0.05895,-0.64993,-0.75095,-0.5,0.79,0.11,0.30319,0.19314,0.12284,-0.92503,-0.52,0.83,0.15,-0.02838,0.23246,-0.00644,-0.97217,-0.54,0.83,0.19,-0.35029,0.21838,-0.05655,-0.90907,-0.54,0.81,0.2,-0.44561,0.18329,-0.07218,-0.87329,-0.55,0.8,0.22,-0.44561,0.18329,-0.07218,-0.87329,-0.48,0.79,0.12,0.30319,0.19314,0.12284,-0.92503,-0.5,0.83,0.16,0.01477,0.20948,0.07657,-0.9747,-0.52,0.83,0.2,-0.3895,0.22324,-0.00366,-0.89356,-0.53,0.82,0.22,-0.55836,0.20139,0.01293,-0.80468,-0.53,0.79,0.22,-0.55836,0.20139,0.01293,-0.80468,-0.47,0.79,0.12,0.30319,0.19314,0.12284,-0.92503,-0.48,0.82,0.17,0.08841,0.17625,0.15653,-0.96779,-0.49,0.83,0.2,-0.40349,0.2473,0.08864,-0.87646,-0.51,0.81,0.22,-0.63179,0.28078,0.04385,-0.72117,-0.52,0.79,0.22,-0.63179,0.28078,0.04385,-0.72117,-0.46,0.79,0.13,0.21933,0.12216,0.34944,-0.9027,-0.46,0.81,0.17,0.19804,0.12968,0.2573,-0.93689,-0.47,0.82,0.2,-0.36464,0.25216,0.22083,-0.86873,-0.48,0.81,0.21,-0.61423,0.3505,0.14278,-0.69245,-0.5,0.8,0.21,-0.61423,0.3505,0.14278,-0.69245,-0.6,0.8,0.21
19,-0.64,0.8,0.14,0.21828,-0.06117,-0.07123,-0.97136,-0.65,0.78,0.08,0.21828,-0.06117,-0.07123,-0.97136,-0.61,0.79,0.11,0.32976,-0.25498,0.55744,-0.71799,-0.59,0.79,0.13,0.14125,-0.09754,0.52766,-0.83193,-0.58,0.8,0.16,0.03359,-0.07299,0.60594,-0.79144,-0.57,0.8,0.19,0.03359,-0.07299,0.60594,-0.79144,-0.62,0.79,0.11,0.21828,-0.06117,-0.07123,-0.97136,-0.61,0.82,0.16,0.03838,-0.12588,-0.00194,-0.9913,-0.6,0.82,0.2,-0.18951,-0.12286,0.00035,-0.97416,-0.6,0.81,0.22,-0.3192,-0.09546,0.00462,-0.94285,-0.6,0.8,0.24,-0.3192,-0.09546,0.00462,-0.94285,-0.64,0.79,0.11,0.21828,-0.06117,-0.07123,-0.97136,-0.64,0.82,0.17,0.14002,-0.03794,-0.08245,-0.98598,-0.63,0.83,0.21,-0.17156,-0.06264,-0.07931,-0.97998,-0.63,0.82,0.23,-0.333,-0.07105,-0.12687,-0.93165,-0.62,0.81,0.25,-0.333,-0.07105,-0.12687,-0.93165,-0.66,0.79,0.11,0.21828,-0.06117,-0.07123,-0.97136,-0.65,0.81,0.16,0.1765,-0.00946,-0.13459,-0.97501,-0.66,0.82,0.2,-0.17637,-0.07195,-0.16022,-0.96853,-0.65,0.82,0.22,-0.38854,-0.13248,-0.15949,-0.8978,-0.64,0.8,0.24,-0.38854,-0.13248,-0.15949,-0.8978,-0.66,0.78,0.12,0.17086,0.03061,-0.29957,-0.93815,-0.67,0.8,0.16,0.1637,0.00936,-0.20672,-0.96456,-0.67,0.81,0.19,-0.14353,-0.03696,-0.26529,-0.95271,-0.67,0.8,0.21,-0.31068,-0.13316,-0.25855,-0.90493,-0.66,0.79,0.23,-0.31068,-0.13316,-0.25855,-0.90493,-0.49,0.81,0.14,0.30634,0.19684,0.12665,-0.9227,-0.47,0.78,0.09,0.30634,0.19684,0.12665,-0.9227,-0.51,0.79,0.11,0.40351,0.26991,-0.59231,-0.64304,-0.54,0.79,0.13,0.21103,0.09705,-0.57185,-0.78679,-0.55,0.8,0.16,0.10408,0.05918,-0.64963,-0.75077,-0.56,0.8,0.18,0.10408,0.05918,-0.64963,-0.75077,-0.5,0.79,0.11,0.30634,0.19684,0.12665,-0.9227,-0.52,0.83,0.15,-0.02811,0.23606,-0.00443,-0.97132,-0.54,0.83,0.19,-0.34987,0.22245,-0.05585,-0.90829,-0.55,0.81,0.2,-0.44387,0.18753,-0.0716,-0.87332,-0.55,0.8,0.21,-0.44387,0.18753,-0.0716,-0.87332,-0.48,0.79,0.12,0.30634,0.19684,0.12665,-0.9227,-0.5,0.83,0.16,0.00918,0.21528,0.07684,-0.97348,-0.52,0.83,0.2,-0.39493,0.22856,-0.00601,-0.88981,-0.53,0.82,0.21,-0.56382,0.2058,0.0094,-0.79979,-0.54,0.79,0.22,-0.56382,0.2058,0.0094,-0.79979,-0.47,0.79,0.12,0.30634,0.19684,0.12665,-0.9227,-0.48,0.82,0.16,0.08327,0.1828,0.15766,-0.96685,-0.49,0.83,0.2,-0.4084,0.25338,0.08628,-0.87268,-0.51,0.81,0.21,-0.63625,0.28577,0.03978,-0.7155,-0.52,0.79,0.22,-0.63625,0.28577,0.03978,-0.7155,-0.46,0.79,0.13,0.22113,0.1268,0.35302,-0.90022,-0.46,0.81,0.17,0.19708,0.13655,0.26016,-0.93532,-0.47,0.82,0.2,-0.36536,0.25944,0.21923,-0.86668,-0.48,0.81,0.21,-0.61477,0.35685,0.13875,-0.68954,-0.5,0.8,0.21,-0.61477,0.35685,0.13875,-0.68954,-0.6,0.8,0.21
20,-0.64,0.8,0.14,0.21521,-0.06281,-0.0716,-0.97191,-0.65,0.78,0.08,0.21521,-0.06281,-0.0716,-0.97191,-0.61,0.79,0.11,0.33102,-0.25668,0.55412,-0.71937,-0.59,0.79,0.13,0.14438,-0.10171,0.52424,-0.83306,-0.58,0.8,0.16,0.03378,-0.07481,0.60328,-0.7933,-0.57,0.8,0.19,0.03378,-0.07481,0.60328,-0.7933,-0.62,0.79,0.11,0.21521,-0.06281,-0.0716,-0.97191,-0.61,0.82,0.16,0.03645,-0.12968,-0.0016,-0.99088,-0.6,0.82,0.2,-0.19,-0.12644,0.00136,-0.97361,-0.6,0.81,0.22,-0.31991,-0.09888,0.00615,-0.94226,-0.59,0.8,0.24,-0.31991,-0.09888,0.00615,-0.94226,-0.64,0.79,0.11,0.21521,-0.06281,-0.0716,-0.97191,-0.64,0.82,0.17,0.13959,-0.04011,-0.08253,-0.98595,-0.63,0.83,0.21,-0.17167,-0.06469,-0.07874,-0.97987,-0.63,0.82,0.23,-0.33463,-0.07311,-0.126,-0.93102,-0.62,0.81,0.25,-0.33463,-0.07311,-0.126,-0.93102,-0.66,0.79,0.11,0.21521,-0.06281,-0.0716,-0.97191,-0.65,0.81,0.16,0.17645,-0.01143,-0.13461,-0.97499,-0.66,0.82,0.2,-0.175,-0.07356,-0.15963,-0.96875,-0.65,0.82,0.22,-0.38786,-0.13402,-0.15847,-0.89805,-0.64,0.8,0.24,-0.38786,-0.13402,-0.15847,-0.89805,-0.66,0.78,0.12,0.16748,0.02973,-0.29959,-0.93878,-0.67,0.8,0.16,0.16132,0.00714,-0.20654,-0.96502,-0.67,0.81,0.19,-0.13966,-0.03712,-0.26437,-0.95353,-0.67,0.8,0.21,-0.30725,-0.13322,-0.25742,-0.90641,-0.66,0.79,0.23,-0.30725,-0.13322,-0.25742,-0.90641,-0.49,0.81,0.14,0.31449,0.19969,0.13715,-0.91783,-0.47,0.78,0.09,0.31449,0.19969,0.13715,-0.91783,-0.51,0.79,0.11,0.41379,0.26632,-0.58538,-0.64434,-0.54,0.79,0.13,0.21939,0.09552,-0.56387,-0.79044,-0.55,0.8,0.16,0.11078,0.05681,-0.64228,-0.75629,-0.56,0.81,0.18,0.11078,0.05681,-0.64228,-0.75629,-0.5,0.79,0.11,0.31449,0.19969,0.13715,-0.91783,-0.52,0.83,0.15,-0.00836,0.24017,0.00859,-0.97066,-0.54,0.83,0.18,-0.32962,0.23116,-0.04457,-0.91429,-0.55,0.82,0.2,-0.42485,0.19754,-0.06071,-0.88136,-0.55,0.8,0.21,-0.42485,0.19754,-0.06071,-0.88136,-0.48,0.79,0.12,0.31449,0.19969,0.13715,-0.91783,-0.5,0.83,0.16,0.02374,0.22028,0.08774,-0.97119,-0.52,0.84,0.2,-0.38002,0.23779,0.00203,-0.89389,-0.53,0.82,0.21,-0.55146,0.21722,0.01557,-0.80527,-0.54,0.8,0.22,-0.55146,0.21722,0.01557,-0.80527,-0.47,0.79,0.12,0.31449,0.19969,0.13715,-0.91783,-0.48,0.82,0.16,0.09191,0.18836,0.16764,-0.96331,-0.49,0.83,0.2,-0.39525,0.26305,0.09306,-0.87517,-0.51,0.82,0.21,-0.62401,0.29724,0.04335,-0.72137,-0.52,0.8,0.22,-0.62401,0.29724,0.04335,-0.72137,-0.46,0.79,0.13,0.22704,0.13212,0.36327,-0.89389,-0.46,0.81,0.17,0.20114,0.14434,0.26975,-0.93056,-0.47,0.82,0.2,-0.34997,0.26917,0.22527,-0.86852,-0.48,0.81,0.21,-0.59681,0.36746,0.14234,-0.69895,-0.5,0.8,0.21,-0.59681,0.36746,0.14234,-0.69895,-0.6,0.8,0.21
21,-0.64,0.8,0.14,0.19992,-0.06197,-0.06838,-0.97546,-0.65,0.78,0.08,0.19992,-0.06197,-0.06838,-0.97546,-0.61,0.78,0.11,0.32521,-0.26405,0.54708,-0.72472,-0.59,0.79,0.13,0.14046,-0.11236,0.51834,-0.83605,-0.58,0.79,0.16,0.02697,-0.08368,0.59872,-0.79612,-0.57,0.79,0.19,0.02697,-0.08368,0.59872,-0.79612,-0.62,0.79,0.11,0.19992,-0.06197,-0.06838,-0.97546,-0.61,0.82,0.17,0.01994,-0.13156,0.00151,-0.99111,-0.6,0.82,0.2,-0.20519,-0.12714,0.00469,-0.97042,-0.6,0.81,0.22,-0.33524,-0.09894,0.01006,-0.93687,-0.59,0.79,0.24,-0.33524,-0.09894,0.01006,-0.93687,-0.64,0.79,0.11,0.19992,-0.06197,-0.06838,-0.97546,-0.64,0.82,0.17,0.12494,-0.03986,-0.07871,-0.98823,-0.63,0.83,0.21,-0.17941,-0.06256,-0.07563,-0.97887,-0.63,0.82,0.23,-0.33939,-0.06978,-0.12323,-0.92993,-0.62,0.8,0.25,-0.33939,-0.06978,-0.12323,-0.92993,-0.66,0.79,0.12,0.19992,-0.06197,-0.06838,-0.97546,-0.65,0.81,0.16,0.16306,-0.01019,-0.13046,-0.9779,-0.66,0.82,0.2,-0.17909,-0.06895,-0.15688,-0.9688,-0.65,0.81,0.23,-0.38905,-0.12845,-0.15715,-0.89858,-0.64,0.8,0.24,-0.38905,-0.12845,-0.15715,-0.89858,-0.66,0.78,0.12,0.15324,0.03426,-0.29508,-0.94248,-0.67,0.8,0.16,0.14825,0.01048,-0.20216,-0.96801,-0.67,0.8,0.19,-0.14287,-0.02911,-0.26088,-0.9543,-0.67,0.8,0.21,-0.30811,-0.12405,-0.25592,-0.90784,-0.66,0.79,0.23,-0.30811,-0.12405,-0.25592,-0.90784,-0.49,0.82,0.14,0.33462,0.19354,0.13818,-0.91185,-0.47,0.78,0.09,0.33462,0.19354,0.13818,-0.91185,-0.51,0.79,0.11,0.44318,0.26044,-0.56944,-0.64148,-0.54,0.8,0.13,0.24499,0.09468,-0.5465,-0.7952,-0.55,0.81,0.16,0.13438,0.05441,-0.62666,-0.76569,-0.56,0.81,0.18,0.13438,0.05441,-0.62666,-0.76569,-0.5,0.8,0.11,0.33462,0.19354,0.13818,-0.91185,-0.52,0.84,0.15,0.09895,0.22853,0.03733,-0.96778,-0.53,0.85,0.18,-0.22954,0.23226,-0.01452,-0.94507,-0.54,0.83,0.2,-0.3414,0.20239,-0.03095,-0.91735,-0.55,0.82,0.22,-0.3414,0.20239,-0.03095,-0.91735,-0.48,0.79,0.12,0.33462,0.19354,0.13818,-0.91185,-0.5,0.84,0.16,0.11656,0.20345,0.10953,-0.96593,-0.51,0.85,0.2,-0.26171,0.23152,0.0364,-0.93626,-0.52,0.84,0.22,-0.43151,0.22476,0.05387,-0.872,-0.53,0.82,0.23,-0.43151,0.22476,0.05387,-0.872,-0.47,0.79,0.12,0.33462,0.19354,0.13818,-0.91185,-0.48,0.83,0.16,0.1704,0.17003,0.18378,-0.95304,-0.49,0.84,0.2,-0.27495,0.25238,0.12631,-0.9191,-0.5,0.83,0.22,-0.49766,0.29855,0.08176,-0.81026,-0.52,0.81,0.23,-0.49766,0.29855,0.08176,-0.81026,-0.46,0.79,0.13,0.24777,0.1312,0.36597,-0.88739,-0.46,0.81,0.17,0.25223,0.12909,0.27662,-0.91826,-0.47,0.83,0.19,-0.24806,0.25117,0.25137,-0.90122,-0.48,0.82,0.21,-0.47134,0.35266,0.18348,-0.78728,-0.49,0.81,0.22,-0.47134,0.35266,0.18348,-0.78728,-0.6,0.8,0.21
22,-0.64,0.8,0.14,0.17826,-0.05803,-0.06726,-0.97996,-0.65,0.78,0.08,0.17826,-0.05803,-0.06726,-0.97996,-0.61,0.78,0.11,0.32291,-0.27,0.52822,-0.73744,-0.59,0.79,0.13,0.14169,-0.12678,0.49895,-0.84552,-0.57,0.79,0.16,0.02649,-0.09855,0.58209,-0.8067,-0.57,0.79,0.19,0.02649,-0.09855,0.58209,-0.8067,-0.62,0.79,0.11,0.17826,-0.05803,-0.06726,-0.97996,-0.61,0.81,0.17,-0.00214,-0.13,0.00096,-0.99151,-0.6,0.81,0.2,-0.21951,-0.12519,0.00288,-0.96754,-0.6,0.8,0.22,-0.34878,-0.09707,0.00835,-0.93213,-0.59,0.79,0.24,-0.34878,-0.09707,0.00835,-0.93213,-0.64,0.79,0.11,0.17826,-0.05803,-0.06726,-0.97996,-0.64,0.81,0.17,0.10222,-0.03845,-0.07664,-0.99106,-0.63,0.82,0.21,-0.16356,-0.05737,-0.07632,-0.9819,-0.63,0.81,0.24,-0.3036,-0.06371,-0.12425,-0.94251,-0.62,0.8,0.26,-0.3036,-0.06371,-0.12425,-0.94251,-0.66,0.79,0.12,0.17826,-0.05803,-0.06726,-0.97996,-0.65,0.81,0.17,0.14455,-0.00707,-0.12791,-0.98117,-0.65,0.82,0.2,-0.16054,-0.05862,-0.15736,-0.97264,-0.65,0.81,0.23,-0.35574,-0.11661,-0.16029,-0.91332,-0.64,0.79,0.25,-0.35574,-0.11661,-0.16029,-0.91332,-0.66,0.78,0.12,0.13317,0.04322,-0.29195,-0.94613,-0.67,0.79,0.16,0.13487,0.01833,-0.19897,-0.97051,-0.67,0.8,0.19,-0.14443,-0.01677,-0.25957,-0.95472,-0.67,0.8,0.21,-0.3027,-0.10984,-0.25758,-0.91102,-0.66,0.79,0.23,-0.3027,-0.10984,-0.25758,-0.91102,-0.49,0.81,0.14,0.31007,0.1901,0.12941,-0.92248,-0.47,0.78,0.09,0.31007,0.1901,0.12941,-0.92248,-0.51,0.79,0.11,0.46968,0.29858,-0.52094,-0.6472,-0.54,0.8,0.12,0.25152,0.1388,-0.51239,-0.80928,-0.56,0.81,0.15,0.134,0.09421,-0.59965,-0.78331,-0.56,0.81,0.17,0.134,0.09421,-0.59965,-0.78331,-0.5,0.79,0.11,0.31007,0.1901,0.12941,-0.92248,-0.52,0.83,0.15,0.17432,0.21309,0.06014,-0.95947,-0.53,0.85,0.19,-0.1867,0.22738,0.0042,-0.95573,-0.54,0.84,0.21,-0.34223,0.19979,-0.02054,-0.9179,-0.55,0.82,0.22,-0.34223,0.19979,-0.02054,-0.9179,-0.48,0.79,0.12,0.31007,0.1901,0.12941,-0.92248,-0.5,0.83,0.16,0.17281,0.17848,0.12281,-0.96083,-0.51,0.85,0.2,-0.16964,0.21174,0.06642,-0.9602,-0.52,0.84,0.22,-0.32026,0.21471,0.09075,-0.9182,-0.53,0.83,0.24,-0.32026,0.21471,0.09075,-0.9182,-0.47,0.79,0.12,0.31007,0.1901,0.12941,-0.92248,-0.48,0.82,0.17,0.20804,0.143,0.18866,-0.94904,-0.49,0.84,0.2,-0.1997,0.22605,0.15057,-0.94146,-0.5,0.83,0.22,-0.39997,0.27834,0.11715,-0.86535,-0.51,0.82,0.23,-0.39997,0.27834,0.11715,-0.86535,-0.46,0.79,0.13,0.22575,0.12112,0.35629,-0.89857,-0.46,0.81,0.17,0.28942,0.08695,0.27384,-0.91307,-0.46,0.83,0.19,-0.16837,0.20433,0.27752,-0.92352,-0.47,0.82,0.21,-0.36306,0.30687,0.22924,-0.84939,-0.49,0.81,0.22,-0.36306,0.30687,0.22924,-0.84939,-0.6,0.8,0.21
23,-0.64,0.8,0.14,0.17881,-0.05802,-0.07484,-0.97931,-0.65,0.78,0.08,0.17881,-0.05802,-0.07484,-0.97931,-0.61,0.79,0.11,0.33195,-0.26543,0.51635,-0.74346,-0.59,0.79,0.13,0.15074,-0.12674,0.48504,-0.85203,-0.57,0.8,0.16,0.03415,-0.0989,0.56935,-0.81541,-0.57,0.8,0.19,0.03415,-0.0989,0.56935,-0.81541,-0.62,0.79,0.11,0.17881,-0.05802,-0.07484,-0.97931,-0.61,0.81,0.17,-0.00167,-0.13162,-0.00624,-0.99128,-0.6,0.81,0.2,-0.21435,-0.12831,-0.00443,-0.96828,-0.6,0.8,0.22,-0.3413,-0.10119,0.00104,-0.93449,-0.59,0.79,0.24,-0.3413,-0.10119,0.00104,-0.93449,-0.64,0.79,0.11,0.17881,-0.05802,-0.07484,-0.97931,-0.64,0.81,0.17,0.0985,-0.04202,-0.08344,-0.99074,-0.63,0.82,0.21,-0.14479,-0.06069,-0.08328,-0.98408,-0.63,0.82,0.24,-0.26342,-0.06668,-0.13011,-0.95354,-0.62,0.8,0.26,-0.26342,-0.06668,-0.13011,-0.95354,-0.66,0.79,0.12,0.17881,-0.05802,-0.07484,-0.97931,-0.65,0.81,0.17,0.14278,-0.01018,-0.13504,-0.98045,-0.65,0.82,0.2,-0.14107,-0.06022,-0.16404,-0.97446,-0.65,0.81,0.23,-0.31944,-0.11724,-0.16685,-0.9254,-0.64,0.8,0.25,-0.31944,-0.11724,-0.16685,-0.9254,-0.66,0.78,0.12,0.13265,0.04288,-0.29924,-0.94394,-0.67,0.79,0.16,0.13747,0.01883,-0.20627,-0.96861,-0.67,0.8,0.19,-0.14186,-0.01861,-0.26667,-0.95311,-0.67,0.8,0.21,-0.29288,-0.11103,-0.26461,-0.91207,-0.66,0.79,0.23,-0.29288,-0.11103,-0.26461,-0.91207,-0.49,0.8,0.14,0.2575,0.19993,0.12756,-0.93672,-0.47,0.77,0.09,0.2575,0.19993,0.12756,-0.93672,-0.51,0.78,0.11,0.45265,0.34111,-0.4913,-0.66135,-0.54,0.79,0.12,0.22289,0.18381,-0.49754,-0.81792,-0.56,0.8,0.15,0.09673,0.13433,-0.59092,-0.78957,-0.57,0.8,0.17,0.09673,0.13433,-0.59092,-0.78957,-0.5,0.79,0.11,0.2575,0.19993,0.12756,-0.93672,-0.52,0.82,0.16,0.14083,0.21016,0.0679,-0.96509,-0.54,0.83,0.19,-0.24548,0.22684,0.00653,-0.94247,-0.55,0.82,0.21,-0.42356,0.19853,-0.02599,-0.88346,-0.55,0.81,0.22,-0.42356,0.19853,-0.02599,-0.88346,-0.49,0.79,0.12,0.2575,0.19993,0.12756,-0.93672,-0.5,0.82,0.16,0.12254,0.18023,0.12119,-0.96841,-0.51,0.83,0.2,-0.21249,0.21171,0.06592,-0.95167,-0.53,0.82,0.23,-0.35132,0.21149,0.09135,-0.90747,-0.54,0.81,0.24,-0.35132,0.21149,0.09135,-0.90747,-0.47,0.79,0.13,0.2575,0.19993,0.12756,-0.93672,-0.48,0.81,0.17,0.15889,0.14358,0.18456,-0.95921,-0.49,0.83,0.2,-0.24716,0.22277,0.14789,-0.93135,-0.5,0.82,0.22,-0.43894,0.27306,0.11774,-0.84788,-0.52,0.8,0.24,-0.43894,0.27306,0.11774,-0.84788,-0.46,0.78,0.13,0.17282,0.11772,0.3499,-0.91315,-0.47,0.8,0.17,0.25988,0.07422,0.26815,-0.92469,-0.47,0.81,0.2,-0.21361,0.19231,0.27613,-0.91714,-0.48,0.81,0.21,-0.40795,0.2952,0.23212,-0.8322,-0.49,0.8,0.23,-0.40795,0.2952,0.23212,-0.8322,-0.6,0.8,0.21
24,-0.64,0.81,0.14,0.23041,-0.06622,-0.09853,-0.96582,-0.65,0.78,0.08,0.23041,-0.06622,-0.09853,-0.96582,-0.61,0.79,0.11,0.37396,-0.23743,0.51525,-0.73369,-0.59,0.8,0.13,0.19308,-0.10217,0.4767,-0.85149,-0.58,0.81,0.16,0.07163,-0.07027,0.5603,-0.82219,-0.57,0.81,0.18,0.07163,-0.07027,0.5603,-0.82219,-0.62,0.8,0.11,0.23041,-0.06622,-0.09853,-0.96582,-0.61,0.82,0.16,0.03204,-0.1377,-0.0227,-0.9897,-0.6,0.83,0.2,-0.22756,-0.1394,-0.0125,-0.96365,-0.6,0.82,0.22,-0.36438,-0.11325,-0.00364,-0.92433,-0.59,0.8,0.24,-0.36438,-0.11325,-0.00364,-0.92433,-0.64,0.79,0.11,0.23041,-0.06622,-0.09853,-0.96582,-0.64,0.82,0.16,0.12797,-0.05532,-0.10614,-0.98453,-0.63,0.84,0.2,-0.1456,-0.0826,-0.09959,-0.98085,-0.63,0.83,0.23,-0.2715,-0.09108,-0.14351,-0.94731,-0.62,0.82,0.25,-0.2715,-0.09108,-0.14351,-0.94731,-0.66,0.79,0.11,0.23041,-0.06622,-0.09853,-0.96582,-0.65,0.82,0.16,0.16261,-0.02666,-0.15997,-0.97327,-0.65,0.83,0.2,-0.14765,-0.08882,-0.18103,-0.96826,-0.65,0.82,0.22,-0.32982,-0.14911,-0.17776,-0.91509,-0.64,0.81,0.24,-0.32982,-0.14911,-0.17776,-0.91509,-0.66,0.79,0.12,0.17783,0.02194,-0.32647,-0.92807,-0.67,0.8,0.16,0.16762,-0.00082,-0.23412,-0.95765,-0.67,0.81,0.19,-0.14057,-0.05584,-0.28787,-0.94565,-0.67,0.81,0.21,-0.29227,-0.15187,-0.27855,-0.90218,-0.66,0.8,0.22,-0.29227,-0.15187,-0.27855,-0.90218,-0.49,0.81,0.14,0.26543,0.20235,0.13287,-0.93325,-0.47,0.77,0.09,0.26543,0.20235,0.13287,-0.93325,-0.51,0.78,0.11,0.45953,0.32438,-0.49157,-0.66481,-0.54,0.79,0.12,0.23419,0.17105,-0.49094,-0.82151,-0.56,0.8,0.15,0.10343,0.11962,-0.58368,-0.79644,-0.57,0.8,0.17,0.10343,0.11962,-0.58368,-0.79644,-0.5,0.79,0.11,0.26543,0.20235,0.13287,-0.93325,-0.52,0.82,0.16,0.13426,0.20682,0.07213,-0.96644,-0.54,0.83,0.19,-0.28247,0.2255,0.00436,-0.93238,-0.55,0.82,0.21,-0.46905,0.19613,-0.03165,-0.86054,-0.55,0.8,0.22,-0.46905,0.19613,-0.03165,-0.86054,-0.49,0.79,0.12,0.26543,0.20235,0.13287,-0.93325,-0.5,0.82,0.16,0.09517,0.19002,0.11851,-0.96994,-0.52,0.83,0.2,-0.26688,0.22136,0.05362,-0.93643,-0.53,0.82,0.22,-0.41618,0.21671,0.0755,-0.87985,-0.54,0.8,0.24,-0.41618,0.21671,0.0755,-0.87985,-0.47,0.79,0.13,0.26543,0.20235,0.13287,-0.93325,-0.48,0.81,0.17,0.13319,0.15655,0.18356,-0.96128,-0.49,0.83,0.2,-0.29982,0.23717,0.13562,-0.91404,-0.51,0.81,0.22,-0.50266,0.28441,0.09991,-0.81022,-0.52,0.8,0.23,-0.50266,0.28441,0.09991,-0.81022,-0.46,0.78,0.13,0.17932,0.12229,0.35539,-0.90917,-0.47,0.8,0.17,0.25544,0.08145,0.27387,-0.92364,-0.47,0.82,0.2,-0.27756,0.21811,0.26659,-0.89684,-0.48,0.81,0.21,-0.49898,0.32513,0.20808,-0.7759,-0.49,0.8,0.22,-0.49898,0.32513,0.20808,-0.7759,-0.6,0.8,0.21
25,-0.64,0.81,0.13,0.27303,-0.08169,-0.10864,-0.95235,-0.65,0.78,0.08,0.27303,-0.08169,-0.10864,-0.95235,-0.61,0.79,0.11,0.39689,-0.22073,0.53252,-0.71427,-0.59,0.8,0.12,0.20321,-0.07332,0.49298,-0.84279,-0.58,0.81,0.16,0.06557,-0.02884,0.5721,-0.81705,-0.57,0.81,0.18,0.06557,-0.02884,0.5721,-0.81705,-0.62,0.8,0.11,0.27303,-0.08169,-0.10864,-0.95235,-0.61,0.83,0.15,0.03702,-0.14434,-0.02419,-0.98854,-0.6,0.83,0.19,-0.28976,-0.14685,-0.00175,-0.94577,-0.6,0.82,0.21,-0.44185,-0.11843,0.01267,-0.88915,-0.59,0.8,0.22,-0.44185,-0.11843,0.01267,-0.88915,-0.64,0.79,0.11,0.27303,-0.08169,-0.10864,-0.95235,-0.64,0.83,0.16,0.12614,-0.07648,-0.11226,-0.98267,-0.63,0.84,0.2,-0.24039,-0.11367,-0.08939,-0.95984,-0.62,0.83,0.22,-0.40155,-0.11886,-0.12765,-0.89907,-0.62,0.81,0.24,-0.40155,-0.11886,-0.12765,-0.89907,-0.66,0.79,0.11,0.27303,-0.08169,-0.10864,-0.95235,-0.65,0.82,0.16,0.15163,-0.05273,-0.16848,-0.97255,-0.65,0.83,0.19,-0.24,-0.13038,-0.17244,-0.94639,-0.64,0.82,0.22,-0.44193,-0.18992,-0.1602,-0.86196,-0.63,0.81,0.23,-0.44193,-0.18992,-0.1602,-0.86196,-0.66,0.79,0.11,0.21471,-0.00394,-0.33916,-0.91589,-0.67,0.81,0.15,0.17303,-0.03058,-0.24713,-0.95292,-0.67,0.82,0.18,-0.17345,-0.09971,-0.28893,-0.93621,-0.67,0.81,0.2,-0.32657,-0.19585,-0.27274,-0.88352,-0.65,0.8,0.22,-0.32657,-0.19585,-0.27274,-0.88352,-0.49,0.81,0.14,0.29097,0.19265,0.14155,-0.92638,-0.47,0.77,0.09,0.29097,0.19265,0.14155,-0.92638,-0.51,0.79,0.11,0.4647,0.28941,-0.50511,-0.66721,-0.54,0.8,0.12,0.24873,0.13845,-0.49136,-0.82312,-0.55,0.81,0.15,0.1182,0.08866,-0.58019,-0.80097,-0.56,0.81,0.17,0.1182,0.08866,-0.58019,-0.80097,-0.5,0.79,0.11,0.29097,0.19265,0.14155,-0.92638,-0.52,0.83,0.15,0.16103,0.19833,0.08231,-0.96331,-0.53,0.84,0.19,-0.26789,0.22285,0.01424,-0.93721,-0.54,0.83,0.21,-0.45409,0.1957,-0.02058,-0.86895,-0.55,0.81,0.22,-0.45409,0.1957,-0.02058,-0.86895,-0.48,0.79,0.12,0.29097,0.19265,0.14155,-0.92638,-0.5,0.83,0.16,0.0436,0.19928,0.11006,-0.97276,-0.51,0.83,0.2,-0.36585,0.22819,0.03011,-0.90176,-0.52,0.82,0.22,-0.53497,0.2139,0.04578,-0.81606,-0.53,0.8,0.23,-0.53497,0.2139,0.04578,-0.81606,-0.47,0.79,0.12,0.29097,0.19265,0.14155,-0.92638,-0.48,0.82,0.17,0.09589,0.16519,0.18276,-0.96443,-0.49,0.83,0.2,-0.38001,0.24902,0.12042,-0.88265,-0.5,0.81,0.22,-0.59815,0.29137,0.07699,-0.74256,-0.52,0.79,0.22,-0.59815,0.29137,0.07699,-0.74256,-0.46,0.78,0.13,0.20495,0.11931,0.36613,-0.89984,-0.46,0.8,0.17,0.28684,0.06459,0.28643,-0.91187,-0.46,0.82,0.2,-0.29704,0.22889,0.27495,-0.88531,-0.47,0.81,0.21,-0.54995,0.34585,0.19965,-0.73355,-0.49,0.8,0.21,-0.54995,0.34585,0.19965,-0.73355,-0.6,0.8,0.21
26,-0.64,0.81,0.13,0.29976,-0.09853,-0.13844,-0.93876,-0.65,0.78,0.07,0.29976,-0.09853,-0.13844,-0.93876,-0.61,0.79,0.1,0.41997,-0.21443,0.52485,-0.70864,-0.59,0.8,0.12,0.20948,-0.06095,0.48596,-0.84632,-0.58,0.81,0.15,0.05808,-0.00879,0.56319,-0.82424,-0.58,0.82,0.17,0.05808,-0.00879,0.56319,-0.82424,-0.63,0.8,0.1,0.29976,-0.09853,-0.13844,-0.93876,-0.62,0.83,0.15,0.04588,-0.15878,-0.04851,-0.98505,-0.6,0.84,0.18,-0.29373,-0.1689,-0.01757,-0.94068,-0.6,0.83,0.2,-0.44641,-0.1428,0.00096,-0.88336,-0.59,0.81,0.21,-0.44641,-0.1428,0.00096,-0.88336,-0.64,0.79,0.1,0.29976,-0.09853,-0.13844,-0.93876,-0.64,0.83,0.15,0.12117,-0.09949,-0.13778,-0.97798,-0.63,0.85,0.19,-0.29031,-0.14927,-0.09761,-0.94017,-0.62,0.83,0.21,-0.47261,-0.15436,-0.1272,-0.85827,-0.61,0.81,0.23,-0.47261,-0.15436,-0.1272,-0.85827,-0.66,0.79,0.11,0.29976,-0.09853,-0.13844,-0.93876,-0.66,0.82,0.15,0.15447,-0.07481,-0.19684,-0.9653,-0.65,0.84,0.19,-0.27521,-0.16951,-0.18342,-0.92838,-0.64,0.82,0.21,-0.48901,-0.23186,-0.15966,-0.8256,-0.63,0.81,0.22,-0.48901,-0.23186,-0.15966,-0.8256,-0.67,0.79,0.11,0.23316,-0.02823,-0.36864,-0.89941,-0.67,0.81,0.15,0.17971,-0.05448,-0.27715,-0.9423,-0.67,0.82,0.18,-0.18161,-0.13816,-0.30674,-0.92404,-0.66,0.81,0.2,-0.33167,-0.23634,-0.28359,-0.86816,-0.65,0.8,0.21,-0.33167,-0.23634,-0.28359,-0.86816,-0.49,0.81,0.14,0.25065,0.17861,0.10157,-0.94602,-0.47,0.78,0.09,0.25065,0.17861,0.10157,-0.94602,-0.51,0.78,0.11,0.42206,0.3023,-0.52629,-0.67342,-0.54,0.79,0.13,0.21957,0.14972,-0.51328,-0.81604,-0.56,0.8,0.16,0.10737,0.11144,-0.60056,-0.78447,-0.57,0.8,0.18,0.10737,0.11144,-0.60056,-0.78447,-0.5,0.79,0.12,0.25065,0.17861,0.10157,-0.94602,-0.52,0.82,0.16,0.13313,0.18876,0.04381,-0.97197,-0.54,0.83,0.2,-0.25084,0.19769,-0.00647,-0.9476,-0.55,0.82,0.21,-0.41944,0.16751,-0.03125,-0.89165,-0.55,0.8,0.23,-0.41944,0.16751,-0.03125,-0.89165,-0.49,0.79,0.12,0.25065,0.17861,0.10157,-0.94602,-0.5,0.82,0.17,0.01022,0.18174,0.07165,-0.98068,-0.52,0.83,0.21,-0.35532,0.19557,0.01197,-0.91398,-0.53,0.81,0.23,-0.5145,0.17953,0.03571,-0.83772,-0.54,0.79,0.24,-0.5145,0.17953,0.03571,-0.83772,-0.47,0.79,0.13,0.25065,0.17861,0.10157,-0.94602,-0.48,0.81,0.17,0.07971,0.13756,0.14766,-0.97618,-0.49,0.82,0.21,-0.37695,0.20511,0.1081,-0.89675,-0.5,0.81,0.23,-0.59324,0.24604,0.07802,-0.76252,-0.52,0.79,0.23,-0.59324,0.24604,0.07802,-0.76252,-0.46,0.78,0.13,0.17408,0.09389,0.32609,-0.92442,-0.47,0.8,0.17,0.29355,0.02174,0.24246,-0.92443,-0.46,0.82,0.2,-0.28535,0.16657,0.26604,-0.90557,-0.47,0.81,0.21,-0.54779,0.28539,0.20985,-0.75792,-0.49,0.79,0.22,-0.54779,0.28539,0.20985,-0.75792,-0.6,0.8,0.21
27,-0.64,0.81,0.12,0.30151,-0.10531,-0.17319,-0.93167,-0.65,0.78,0.07,0.30151,-0.10531,-0.17319,-0.93167,-0.62,0.8,0.1,0.43265,-0.21206,0.49897,-0.72033,-0.59,0.81,0.12,0.20927,-0.06191,0.46022,-0.86056,-0.58,0.82,0.15,0.05357,-0.01222,0.53889,-0.84058,-0.58,0.82,0.17,0.05357,-0.01222,0.53889,-0.84058,-0.63,0.8,0.1,0.30151,-0.10531,-0.17319,-0.93167,-0.62,0.84,0.14,0.01953,-0.17371,-0.07565,-0.98169,-0.61,0.84,0.18,-0.31107,-0.19114,-0.03942,-0.93013,-0.6,0.83,0.2,-0.45643,-0.16805,-0.01772,-0.87356,-0.59,0.81,0.21,-0.45643,-0.16805,-0.01772,-0.87356,-0.64,0.79,0.1,0.30151,-0.10531,-0.17319,-0.93167,-0.64,0.83,0.15,0.11261,-0.10853,-0.17233,-0.97254,-0.63,0.85,0.19,-0.31296,-0.17377,-0.12226,-0.9257,-0.62,0.83,0.21,-0.50365,-0.18274,-0.14474,-0.83186,-0.61,0.81,0.22,-0.50365,-0.18274,-0.14474,-0.83186,-0.66,0.79,0.11,0.30151,-0.10531,-0.17319,-0.93167,-0.66,0.82,0.15,0.15579,-0.07815,-0.23335,-0.95664,-0.66,0.84,0.19,-0.28974,-0.19256,-0.21092,-0.9135,-0.64,0.82,0.21,-0.50561,-0.26133,-0.17935,-0.80243,-0.63,0.81,0.22,-0.50561,-0.26133,-0.17935,-0.80243,-0.67,0.79,0.11,0.2287,-0.03679,-0.40093,-0.88634,-0.67,0.81,0.15,0.17293,-0.05994,-0.31185,-0.93233,-0.67,0.82,0.18,-0.1886,-0.15657,-0.33585,-0.90946,-0.66,0.81,0.2,-0.33151,-0.25802,-0.30994,-0.85291,-0.65,0.8,0.21,-0.33151,-0.25802,-0.30994,-0.85291,-0.5,0.8,0.15,0.18544,0.15548,0.00913,-0.97023,-0.48,0.78,0.09,0.18544,0.15548,0.00913,-0.97023,-0.52,0.78,0.12,0.38658,0.32233,-0.53056,-0.68203,-0.54,0.78,0.13,0.2145,0.18622,-0.5143,-0.8092,-0.56,0.79,0.16,0.14821,0.17932,-0.59973,-0.76564,-0.57,0.79,0.18,0.14821,0.17932,-0.59973,-0.76564,-0.51,0.78,0.12,0.18544,0.15548,0.00913,-0.97023,-0.53,0.8,0.17,0.06809,0.17324,-0.04881,-0.98131,-0.54,0.81,0.21,-0.24235,0.15257,-0.07421,-0.95524,-0.55,0.8,0.23,-0.38204,0.11344,-0.08539,-0.91318,-0.55,0.78,0.24,-0.38204,0.11344,-0.08539,-0.91318,-0.49,0.78,0.12,0.18544,0.15548,0.00913,-0.97023,-0.51,0.81,0.18,-0.027,0.14157,-0.01132,-0.9895,-0.52,0.81,0.22,-0.32424,0.13053,-0.04074,-0.93604,-0.52,0.79,0.24,-0.45754,0.11017,-0.00343,-0.88233,-0.53,0.77,0.25,-0.45754,0.11017,-0.00343,-0.88233,-0.47,0.79,0.13,0.18544,0.15548,0.00913,-0.97023,-0.49,0.8,0.18,0.08352,0.09332,0.06301,-0.99012,-0.49,0.81,0.22,-0.34123,0.12564,0.0578,-0.92975,-0.5,0.8,0.24,-0.55526,0.15788,0.05059,-0.81499,-0.51,0.77,0.24,-0.55526,0.15788,0.05059,-0.81499,-0.47,0.78,0.13,0.12828,0.05291,0.23289,-0.96255,-0.47,0.79,0.18,0.28462,-0.01515,0.13864,-0.94844,-0.46,0.81,0.2,-0.29085,0.0744,0.2038,-0.93185,-0.47,0.8,0.22,-0.56881,0.1803,0.17995,-0.78203,-0.48,0.78,0.23,-0.56881,0.1803,0.17995,-0.78203,-0.6,0.8,0.21
28,-0.65,0.82,0.12,0.29198,-0.10828,-0.19845,-0.92932,-0.66,0.78,0.07,0.29198,-0.10828,-0.19845,-0.92932,-0.62,0.8,0.09,0.44833,-0.21124,0.46185,-0.73558,-0.59,0.81,0.11,0.21711,-0.07185,0.42287,-0.87686,-0.58,0.82,0.14,0.07242,-0.03452,0.50588,-0.85886,-0.58,0.83,0.17,0.07242,-0.03452,0.50588,-0.85886,-0.63,0.8,0.1,0.29198,-0.10828,-0.19845,-0.92932,-0.62,0.84,0.14,-0.00783,-0.19199,-0.09097,-0.97714,-0.61,0.84,0.18,-0.30487,-0.21098,-0.05492,-0.92711,-0.6,0.83,0.19,-0.4393,-0.18971,-0.03271,-0.87747,-0.59,0.81,0.21,-0.4393,-0.18971,-0.03271,-0.87747,-0.65,0.8,0.1,0.29198,-0.10828,-0.19845,-0.92932,-0.64,0.84,0.15,0.13737,-0.10322,-0.20298,-0.96399,-0.64,0.85,0.19,-0.28134,-0.18142,-0.15318,-0.92977,-0.63,0.84,0.21,-0.47794,-0.19912,-0.17282,-0.83789,-0.61,0.82,0.22,-0.47794,-0.19912,-0.17282,-0.83789,-0.66,0.79,0.1,0.29198,-0.10828,-0.19845,-0.92932,-0.66,0.82,0.15,0.20641,-0.05969,-0.26483,-0.94005,-0.66,0.84,0.18,-0.24108,-0.19339,-0.24504,-0.91893,-0.65,0.83,0.21,-0.46365,-0.27261,-0.20962,-0.81656,-0.63,0.81,0.22,-0.46365,-0.27261,-0.20962,-0.81656,-0.67,0.79,0.11,0.21536,-0.03848,-0.4235,-0.87908,-0.67,0.81,0.15,0.19318,-0.04577,-0.33706,-0.92031,-0.68,0.82,0.18,-0.16296,-0.15335,-0.36437,-0.90397,-0.67,0.81,0.2,-0.30863,-0.26141,-0.33611,-0.85055,-0.65,0.81,0.21,-0.30863,-0.26141,-0.33611,-0.85055,-0.5,0.79,0.15,0.16333,0.14176,-0.0286,-0.97591,-0.48,0.78,0.09,0.16333,0.14176,-0.0286,-0.97591,-0.52,0.77,0.12,0.37908,0.32033,-0.52643,-0.69033,-0.54,0.78,0.14,0.22716,0.1985,-0.50277,-0.81007,-0.56,0.78,0.16,0.18945,0.21116,-0.58506,-0.75975,-0.58,0.79,0.18,0.18945,0.21116,-0.58506,-0.75975,-0.51,0.78,0.12,0.16333,0.14176,-0.0286,-0.97591,-0.53,0.8,0.18,0.04091,0.16876,-0.08782,-0.98088,-0.54,0.8,0.21,-0.25024,0.1376,-0.10731,-0.95233,-0.54,0.79,0.23,-0.38536,0.09402,-0.11575,-0.91064,-0.55,0.77,0.25,-0.38536,0.09402,-0.11575,-0.91064,-0.49,0.78,0.13,0.16333,0.14176,-0.0286,-0.97591,-0.51,0.81,0.18,-0.00246,0.12504,-0.04052,-0.99132,-0.52,0.8,0.22,-0.272,0.10823,-0.06037,-0.95428,-0.52,0.79,0.24,-0.39764,0.08909,-0.01901,-0.91301,-0.52,0.77,0.26,-0.39764,0.08909,-0.01901,-0.91301,-0.47,0.78,0.13,0.16333,0.14176,-0.0286,-0.97591,-0.48,0.8,0.18,0.13103,0.07775,0.03038,-0.98786,-0.49,0.81,0.22,-0.27109,0.09901,0.03618,-0.95677,-0.5,0.8,0.24,-0.48462,0.12877,0.03506,-0.86448,-0.5,0.78,0.25,-0.48462,0.12877,0.03506,-0.86448,-0.46,0.78,0.13,0.11491,0.03356,0.19469,-0.97353,-0.47,0.79,0.18,0.28739,-0.02684,0.0956,-0.95265,-0.46,0.81,0.2,-0.26881,0.03749,0.17495,-0.94643,-0.47,0.8,0.22,-0.5587,0.13745,0.16313,-0.80147,-0.47,0.78,0.23,-0.5587,0.13745,0.16313,-0.80147,-0.6,0.8,0.21
29,-0.65,0.81,0.12,0.23795,-0.10084,-0.23401,-0.93726,-0.66,0.78,0.07,0.23795,-0.10084,-0.23401,-0.93726,-0.62,0.8,0.09,0.44602,-0.22251,0.38679,-0.77585,-0.6,0.82,0.11,0.20628,-0.1053,0.35018,-0.9076,-0.58,0.83,0.14,0.09177,-0.09405,0.44059,-0.88804,-0.58,0.83,0.16,0.09177,-0.09405,0.44059,-0.88804,-0.63,0.8,0.1,0.23795,-0.10084,-0.23401,-0.93726,-0.62,0.83,0.15,-0.09354,-0.21673,-0.11208,-0.96525,-0.61,0.83,0.18,-0.34895,-0.23583,-0.07668,-0.90374,-0.6,0.81,0.2,-0.4667,-0.2162,-0.05306,-0.85594,-0.59,0.8,0.21,-0.4667,-0.2162,-0.05306,-0.85594,-0.65,0.79,0.1,0.23795,-0.10084,-0.23401,-0.93726,-0.65,0.83,0.15,0.15212,-0.0653,-0.24907,-0.95423,-0.64,0.84,0.19,-0.26183,-0.16621,-0.21106,-0.92697,-0.63,0.83,0.21,-0.46682,-0.19968,-0.23077,-0.83003,-0.62,0.81,0.23,-0.46682,-0.19968,-0.23077,-0.83003,-0.66,0.79,0.1,0.23795,-0.10084,-0.23401,-0.93726,-0.66,0.81,0.15,0.24098,-0.00609,-0.30305,-0.92198,-0.67,0.83,0.19,-0.21117,-0.16796,-0.30031,-0.91488,-0.65,0.82,0.21,-0.43939,-0.26469,-0.26672,-0.81593,-0.64,0.81,0.22,-0.43939,-0.26469,-0.26672,-0.81593,-0.67,0.78,0.11,0.15946,-0.01963,-0.45212,-0.87737,-0.67,0.8,0.15,0.2145,0.01592,-0.36607,-0.90539,-0.68,0.81,0.18,-0.1237,-0.10341,-0.41385,-0.89595,-0.67,0.81,0.2,-0.27874,-0.22652,-0.38933,-0.84819,-0.66,0.8,0.21,-0.27874,-0.22652,-0.38933,-0.84819,-0.49,0.81,0.14,0.2537,0.17292,0.11619,-0.94458,-0.47,0.78,0.09,0.2537,0.17292,0.11619,-0.94458,-0.51,0.79,0.11,0.48874,0.26597,-0.43682,-0.70681,-0.54,0.8,0.12,0.32176,0.16787,-0.39965,-0.84177,-0.56,0.82,0.15,0.27699,0.17265,-0.49087,-0.80778,-0.57,0.83,0.17,0.27699,0.17265,-0.49087,-0.80778,-0.5,0.79,0.11,0.2537,0.17292,0.11619,-0.94458,-0.52,0.83,0.16,0.11055,0.22746,0.03615,-0.96682,-0.54,0.84,0.19,-0.2267,0.23102,-0.01741,-0.94601,-0.55,0.82,0.21,-0.37991,0.19943,-0.04359,-0.90222,-0.56,0.81,0.23,-0.37991,0.19943,-0.04359,-0.90222,-0.49,0.79,0.12,0.2537,0.17292,0.11619,-0.94458,-0.5,0.83,0.17,0.08801,0.18479,0.09595,-0.97412,-0.52,0.84,0.21,-0.23279,0.20646,0.04375,-0.94935,-0.53,0.82,0.23,-0.38863,0.20273,0.06791,-0.89625,-0.54,0.81,0.24,-0.38863,0.20273,0.06791,-0.89625,-0.47,0.79,0.13,0.2537,0.17292,0.11619,-0.94458,-0.48,0.82,0.17,0.19818,0.12491,0.1763,-0.95606,-0.49,0.83,0.2,-0.22738,0.20662,0.14384,-0.9407,-0.5,0.82,0.23,-0.45151,0.25975,0.11015,-0.84648,-0.51,0.81,0.24,-0.45151,0.25975,0.11015,-0.84648,-0.46,0.79,0.13,0.17618,0.08948,0.34048,-0.91925,-0.47,0.8,0.17,0.32986,0.0031,0.25534,-0.90884,-0.46,0.82,0.2,-0.21917,0.15379,0.28964,-0.91892,-0.47,0.82,0.21,-0.50344,0.28528,0.22854,-0.7829,-0.48,0.8,0.22,-0.50344,0.28528,0.22854,-0.7829,-0.6,0.8,0.21
30,-0.65,0.81,0.13,0.22589,-0.09823,-0.23797,-0.93952,-0.66,0.78,0.07,0.22589,-0.09823,-0.23797,-0.93952,-0.62,0.8,0.09,0.4566,-0.21831,0.35521,-0.78593,-0.6,0.82,0.11,0.22657,-0.11573,0.31483,-0.91442,-0.59,0.83,0.14,0.1304,-0.11445,0.40771,-0.89647,-0.58,0.83,0.16,0.1304,-0.11445,0.40771,-0.89647,-0.63,0.8,0.1,0.22589,-0.09823,-0.23797,-0.93952,-0.62,0.83,0.15,-0.1234,-0.22212,-0.11024,-0.96088,-0.61,0.82,0.18,-0.37078,-0.23926,-0.07498,-0.89424,-0.6,0.81,0.2,-0.48465,-0.21907,-0.05097,-0.8453,-0.59,0.79,0.21,-0.48465,-0.21907,-0.05097,-0.8453,-0.65,0.79,0.1,0.22589,-0.09823,-0.23797,-0.93952,-0.65,0.83,0.15,0.15552,-0.04682,-0.25637,-0.95284,-0.64,0.84,0.19,-0.25736,-0.15239,-0.2255,-0.9272,-0.63,0.83,0.22,-0.4648,-0.19047,-0.2474,-0.82854,-0.62,0.81,0.23,-0.4648,-0.19047,-0.2474,-0.82854,-0.66,0.79,0.1,0.22589,-0.09823,-0.23797,-0.93952,-0.66,0.81,0.15,0.25249,0.01495,-0.30671,-0.91758,-0.67,0.83,0.19,-0.19889,-0.15176,-0.31286,-0.91626,-0.66,0.82,0.21,-0.42725,-0.25263,-0.28277,-0.82078,-0.64,0.81,0.22,-0.42725,-0.25263,-0.28277,-0.82078,-0.67,0.78,0.11,0.14773,-0.01436,-0.45479,-0.87815,-0.67,0.79,0.15,0.22393,0.03849,-0.36699,-0.90205,-0.68,0.81,0.18,-0.09021,-0.07312,-0.42352,-0.89841,-0.68,0.8,0.2,-0.24387,-0.19789,-0.40359,-0.85935,-0.66,0.8,0.22,-0.24387,-0.19789,-0.40359,-0.85935,-0.49,0.82,0.14,0.30077,0.19169,0.14478,-0.92295,-0.47,0.78,0.09,0.30077,0.19169,0.14478,-0.92295,-0.51,0.79,0.11,0.50192,0.2501,-0.46886,-0.68243,-0.54,0.81,0.12,0.32553,0.13823,-0.43286,-0.82919,-0.56,0.82,0.14,0.25245,0.12568,-0.5239,-0.80374,-0.57,0.83,0.16,0.25245,0.12568,-0.5239,-0.80374,-0.5,0.8,0.11,0.30077,0.19169,0.14478,-0.92295,-0.52,0.84,0.15,0.13325,0.24738,0.05206,-0.9583,-0.54,0.85,0.18,-0.28148,0.25404,-0.03096,-0.92481,-0.55,0.83,0.2,-0.44898,0.21833,-0.06734,-0.86384,-0.55,0.82,0.21,-0.44898,0.21833,-0.06734,-0.86384,-0.49,0.8,0.11,0.30077,0.19169,0.14478,-0.92295,-0.5,0.84,0.16,0.10871,0.21229,0.11462,-0.96435,-0.51,0.85,0.19,-0.30721,0.24287,0.02769,-0.91971,-0.53,0.83,0.21,-0.49517,0.23144,0.03905,-0.83649,-0.54,0.81,0.22,-0.49517,0.23144,0.03905,-0.83649,-0.47,0.8,0.12,0.30077,0.19169,0.14478,-0.92295,-0.48,0.83,0.16,0.18649,0.16108,0.19619,-0.9491,-0.49,0.84,0.2,-0.30395,0.25688,0.12946,-0.90822,-0.5,0.83,0.21,-0.5423,0.30388,0.07853,-0.77936,-0.52,0.81,0.22,-0.5423,0.30388,0.07853,-0.77936,-0.46,0.79,0.13,0.21425,0.12096,0.36994,-0.89589,-0.46,0.81,0.17,0.30818,0.04965,0.2923,-0.90395,-0.46,0.83,0.19,-0.26638,0.21959,0.28942,-0.89278,-0.47,0.82,0.21,-0.54195,0.34668,0.20699,-0.73706,-0.49,0.81,0.21,-0.54195,0.34668,0.20699,-0.73706,-0.6,0.8,0.21
31,-0.64,0.81,0.13,0.20932,-0.09743,-0.24587,-0.9414,-0.66,0.78,0.07,0.20932,-0.09743,-0.24587,-0.9414,-0.62,0.8,0.09,0.4606,-0.21386,0.32333,-0.79848,-0.6,0.82,0.11,0.24198,-0.12492,0.27861,-0.92098,-0.59,0.83,0.14,0.16088,-0.13131,0.37327,-0.90418,-0.58,0.84,0.16,0.16088,-0.13131,0.37327,-0.90418,-0.63,0.8,0.1,0.20932,-0.09743,-0.24587,-0.9414,-0.62,0.83,0.15,-0.15271,-0.2246,-0.11689,-0.95529,-0.61,0.82,0.18,-0.40141,-0.24292,-0.0796,-0.8795,-0.59,0.8,0.2,-0.51587,-0.2233,-0.05339,-0.82533,-0.58,0.79,0.21,-0.51587,-0.2233,-0.05339,-0.82533,-0.65,0.79,0.1,0.20932,-0.09743,-0.24587,-0.9414,-0.64,0.82,0.16,0.13249,-0.03676,-0.26517,-0.95435,-0.64,0.84,0.2,-0.28165,-0.14737,-0.23728,-0.91796,-0.63,0.82,0.22,-0.4868,-0.18678,-0.25949,-0.8129,-0.62,0.81,0.23,-0.4868,-0.18678,-0.25949,-0.8129,-0.66,0.79,0.11,0.20932,-0.09743,-0.24587,-0.9414,-0.66,0.81,0.16,0.23297,0.02523,-0.31322,-0.92031,-0.67,0.83,0.19,-0.21611,-0.14464,-0.32388,-0.90966,-0.66,0.82,0.21,-0.43737,-0.24685,-0.29662,-0.81228,-0.64,0.8,0.23,-0.43737,-0.24685,-0.29662,-0.81228,-0.67,0.78,0.11,0.13071,-0.01004,-0.46051,-0.87792,-0.67,0.79,0.15,0.20827,0.04772,-0.37214,-0.90325,-0.68,0.8,0.18,-0.08441,-0.0553,-0.43149,-0.89646,-0.68,0.8,0.2,-0.21979,-0.17366,-0.41741,-0.86447,-0.67,0.8,0.22,-0.21979,-0.17366,-0.41741,-0.86447,-0.49,0.82,0.13,0.31164,0.21213,0.14972,-0.91404,-0.47,0.78,0.09,0.31164,0.21213,0.14972,-0.91404,-0.51,0.79,0.11,0.46753,0.26054,-0.52858,-0.65889,-0.54,0.8,0.12,0.28211,0.12091,-0.50072,-0.80937,-0.55,0.82,0.15,0.17958,0.08727,-0.58713,-0.78448,-0.56,0.82,0.17,0.17958,0.08727,-0.58713,-0.78448,-0.5,0.8,0.11,0.31164,0.21213,0.14972,-0.91404,-0.52,0.84,0.15,0.09749,0.25795,0.04474,-0.96018,-0.54,0.85,0.18,-0.36493,0.25705,-0.05619,-0.89308,-0.55,0.83,0.19,-0.53022,0.2154,-0.0967,-0.81432,-0.55,0.81,0.2,-0.53022,0.2154,-0.0967,-0.81432,-0.49,0.8,0.11,0.31164,0.21213,0.14972,-0.91404,-0.5,0.84,0.15,0.05665,0.2393,0.10005,-0.96412,-0.52,0.85,0.19,-0.41516,0.26019,-0.01445,-0.87163,-0.53,0.83,0.21,-0.61541,0.23112,-0.01222,-0.75346,-0.54,0.8,0.21,-0.61541,0.23112,-0.01222,-0.75346,-0.47,0.8,0.12,0.31164,0.21213,0.14972,-0.91404,-0.48,0.83,0.16,0.09086,0.20499,0.17617,-0.95848,-0.5,0.84,0.2,-0.45179,0.28653,0.07454,-0.84156,-0.51,0.82,0.21,-0.69249,0.31148,0.01154,-0.65062,-0.52,0.8,0.21,-0.69249,0.31148,0.01154,-0.65062,-0.46,0.79,0.13,0.22002,0.14433,0.37403,-0.88931,-0.47,0.81,0.17,0.20372,0.12298,0.29024,-0.92689,-0.47,0.83,0.19,-0.42412,0.28355,0.23192,-0.82821,-0.48,0.82,0.2,-0.67964,0.38588,0.13328,-0.60945,-0.5,0.8,0.2,-0.67964,0.38588,0.13328,-0.60945,-0.6,0.8,0.21
32,-0.65,0.81,0.13,0.2212,-0.08931,-0.24067,-0.94084,-0.66,0.78,0.07,0.2212,-0.08931,-0.24067,-0.94084,-0.62,0.8,0.1,0.46889,-0.19591,0.3248,-0.79766,-0.6,0.82,0.11,0.25689,-0.10962,0.27425,-0.92021,-0.59,0.84,0.14,0.17591,-0.1157,0.36839,-0.90552,-0.58,0.84,0.16,0.17591,-0.1157,0.36839,-0.90552,-0.63,0.8,0.1,0.2212,-0.08931,-0.24067,-0.94084,-0.63,0.83,0.15,-0.14111,-0.20081,-0.12446,-0.96139,-0.61,0.82,0.19,-0.39929,-0.22308,-0.09119,-0.88459,-0.6,0.81,0.2,-0.51935,-0.20549,-0.0662,-0.82684,-0.59,0.79,0.21,-0.51935,-0.20549,-0.0662,-0.82684,-0.65,0.8,0.1,0.2212,-0.08931,-0.24067,-0.94084,-0.65,0.83,0.16,0.10763,-0.0318,-0.26168,-0.95861,-0.65,0.84,0.2,-0.31581,-0.14364,-0.23475,-0.90804,-0.64,0.82,0.22,-0.51588,-0.17986,-0.25776,-0.79692,-0.62,0.8,0.23,-0.51588,-0.17986,-0.25776,-0.79692,-0.66,0.79,0.11,0.2212,-0.08931,-0.24067,-0.94084,-0.66,0.81,0.16,0.20685,0.02587,-0.31039,-0.92747,-0.67,0.83,0.19,-0.24435,-0.1424,-0.32206,-0.90349,-0.66,0.82,0.21,-0.4532,-0.24041,-0.29835,-0.80486,-0.64,0.8,0.23,-0.4532,-0.24041,-0.29835,-0.80486,-0.67,0.78,0.11,0.14463,-0.00462,-0.45717,-0.87753,-0.67,0.79,0.15,0.20396,0.04672,-0.37025,-0.90506,-0.68,0.8,0.18,-0.08881,-0.05522,-0.42939,-0.89705,-0.68,0.8,0.2,-0.20367,-0.16364,-0.41861,-0.86978,-0.67,0.8,0.22,-0.20367,-0.16364,-0.41861,-0.86978,-0.49,0.82,0.14,0.2999,0.20963,0.13111,-0.92137,-0.47,0.78,0.09,0.2999,0.20963,0.13111,-0.92137,-0.51,0.79,0.11,0.4301,0.26664,-0.5663,-0.65055,-0.54,0.8,0.13,0.25123,0.11556,-0.5406,-0.79453,-0.55,0.81,0.16,0.15173,0.08246,-0.62322,-0.76274,-0.56,0.81,0.18,0.15173,0.08246,-0.62322,-0.76274,-0.5,0.8,0.11,0.2999,0.20963,0.13111,-0.92137,-0.52,0.84,0.15,0.04376,0.2455,0.02034,-0.96819,-0.54,0.84,0.18,-0.39799,0.2348,-0.06668,-0.88432,-0.55,0.82,0.2,-0.55384,0.19196,-0.10197,-0.80375,-0.55,0.8,0.21,-0.55384,0.19196,-0.10197,-0.80375,-0.48,0.8,0.12,0.2999,0.20963,0.13111,-0.92137,-0.5,0.84,0.16,0.04128,0.22465,0.08682,-0.96969,-0.52,0.84,0.2,-0.42547,0.24093,-0.01739,-0.87214,-0.53,0.82,0.21,-0.62616,0.2109,-0.01098,-0.75055,-0.54,0.8,0.22,-0.62616,0.2109,-0.01098,-0.75055,-0.47,0.79,0.12,0.2999,0.20963,0.13111,-0.92137,-0.48,0.83,0.16,0.07325,0.19528,0.15877,-0.96504,-0.5,0.83,0.2,-0.46621,0.26803,0.06693,-0.84043,-0.51,0.81,0.21,-0.71014,0.29095,0.00881,-0.64108,-0.52,0.79,0.21,-0.71014,0.29095,0.00881,-0.64108,-0.46,0.79,0.13,0.21165,0.13811,0.35592,-0.89969,-0.47,0.81,0.17,0.17299,0.13104,0.26747,-0.93881,-0.47,0.82,0.2,-0.45215,0.27227,0.21092,-0.82277,-0.48,0.81,0.2,-0.7085,0.36819,0.11694,-0.59058,-0.5,0.8,0.2,-0.7085,0.36819,0.11694,-0.59058,-0.6,0.8,0.21
33,-0.65,0.81,0.13,0.23049,-0.08143,-0.2288,-0.94228,-0.66,0.79,0.07,0.23049,-0.08143,-0.2288,-0.94228,-0.62,0.8,0.1,0.46861,-0.18735,0.33985,-0.79361,-0.6,0.82,0.11,0.25932,-0.09795,0.28696,-0.91696,-0.59,0.84,0.14,0.17631,-0.10248,0.37997,-0.90224,-0.58,0.84,0.17,0.17631,-0.10248,0.37997,-0.90224,-0.63,0.8,0.1,0.23049,-0.08143,-0.2288,-0.94228,-0.63,0.83,0.15,-0.09316,-0.17145,-0.13282,-0.97174,-0.61,0.83,0.19,-0.3467,-0.1973,-0.10925,-0.91046,-0.6,0.81,0.2,-0.47031,-0.18259,-0.08928,-0.85878,-0.59,0.8,0.22,-0.47031,-0.18259,-0.08928,-0.85878,-0.65,0.8,0.1,0.23049,-0.08143,-0.2288,-0.94228,-0.65,0.83,0.16,0.0798,-0.02901,-0.25134,-0.96417,-0.65,0.84,0.2,-0.34215,-0.13603,-0.22688,-0.90164,-0.64,0.82,0.22,-0.5323,-0.16713,-0.25246,-0.79056,-0.62,0.8,0.23,-0.5323,-0.16713,-0.25246,-0.79056,-0.66,0.79,0.11,0.23049,-0.08143,-0.2288,-0.94228,-0.66,0.81,0.16,0.16963,0.02254,-0.30136,-0.93803,-0.67,0.83,0.19,-0.27702,-0.13788,-0.31417,-0.89752,-0.66,0.82,0.22,-0.47136,-0.22953,-0.29524,-0.79873,-0.64,0.8,0.23,-0.47136,-0.22953,-0.29524,-0.79873,-0.67,0.78,0.11,0.1569,0.0015,-0.44743,-0.88044,-0.68,0.8,0.16,0.18423,0.0395,-0.36303,-0.91253,-0.68,0.81,0.18,-0.11111,-0.05889,-0.42022,-0.89867,-0.68,0.8,0.2,-0.21299,-0.15985,-0.41196,-0.87142,-0.67,0.8,0.22,-0.21299,-0.15985,-0.41196,-0.87142,-0.49,0.81,0.14,0.29268,0.20577,0.1261,-0.92526,-0.47,0.78,0.09,0.29268,0.20577,0.1261,-0.92526,-0.51,0.79,0.11,0.42219,0.27048,-0.56882,-0.65195,-0.54,0.8,0.13,0.24374,0.11838,-0.54412,-0.79405,-0.55,0.81,0.16,0.15228,0.09178,-0.62629,-0.75904,-0.56,0.81,0.18,0.15228,0.09178,-0.62629,-0.75904,-0.5,0.79,0.11,0.29268,0.20577,0.1261,-0.92526,-0.52,0.83,0.15,0.0339,0.23957,0.01698,-0.97014,-0.54,0.84,0.19,-0.37525,0.23001,-0.05856,-0.89602,-0.55,0.82,0.2,-0.5237,0.18982,-0.08987,-0.82561,-0.55,0.8,0.21,-0.5237,0.18982,-0.08987,-0.82561,-0.48,0.79,0.12,0.29268,0.20577,0.1261,-0.92526,-0.5,0.83,0.16,0.03881,0.21431,0.08702,-0.97211,-0.52,0.84,0.2,-0.41498,0.23207,-0.00869,-0.87969,-0.53,0.82,0.21,-0.61375,0.20525,0.00041,-0.76235,-0.54,0.8,0.22,-0.61375,0.20525,0.00041,-0.76235,-0.47,0.79,0.13,0.29268,0.20577,0.1261,-0.92526,-0.48,0.82,0.17,0.07633,0.18447,0.15847,-0.96697,-0.49,0.83,0.2,-0.45317,0.25813,0.07566,-0.84987,-0.51,0.81,0.21,-0.69764,0.28496,0.02093,-0.65701,-0.52,0.79,0.21,-0.69764,0.28496,0.02093,-0.65701,-0.46,0.79,0.13,0.20608,0.13224,0.35094,-0.90382,-0.47,0.81,0.17,0.17721,0.12441,0.26276,-0.94025,-0.47,0.82,0.2,-0.43728,0.2618,0.21461,-0.83318,-0.48,0.81,0.21,-0.69704,0.36004,0.12413,-0.60754,-0.5,0.79,0.2,-0.69704,0.36004,0.12413,-0.60754,-0.6,0.8,0.21
34,-0.65,0.81,0.13,0.23873,-0.08463,-0.18586,-0.94937,-0.65,0.79,0.07,0.23873,-0.08463,-0.18586,-0.94937,-0.62,0.8,0.1,0.45168,-0.20358,0.3979,-0.77215,-0.6,0.82,0.12,0.24841,-0.09856,0.34974,-0.89792,-0.58,0.83,0.15,0.16093,-0.09657,0.44026,-0.87804,-0.58,0.84,0.17,0.16093,-0.09657,0.44026,-0.87804,-0.63,0.8,0.1,0.23873,-0.08463,-0.18586,-0.94937,-0.62,0.83,0.15,-0.00731,-0.14543,-0.10944,-0.98327,-0.61,0.83,0.19,-0.20439,-0.1619,-0.10459,-0.95973,-0.6,0.83,0.21,-0.30881,-0.14524,-0.0983,-0.93481,-0.6,0.81,0.23,-0.30881,-0.14524,-0.0983,-0.93481,-0.65,0.8,0.1,0.23873,-0.08463,-0.18586,-0.94937,-0.65,0.83,0.16,0.08469,-0.02334,-0.21047,-0.97365,-0.64,0.84,0.2,-0.32559,-0.11002,-0.19447,-0.91873,-0.64,0.82,0.22,-0.50809,-0.13386,-0.22804,-0.81971,-0.62,0.8,0.23,-0.50809,-0.13386,-0.22804,-0.81971,-0.66,0.79,0.11,0.23873,-0.08463,-0.18586,-0.94937,-0.66,0.82,0.16,0.15775,0.01957,-0.26151,-0.95202,-0.67,0.83,0.19,-0.27954,-0.11732,-0.27984,-0.91092,-0.66,0.82,0.22,-0.46921,-0.19955,-0.26837,-0.81732,-0.64,0.8,0.23,-0.46921,-0.19955,-0.26837,-0.81732,-0.67,0.79,0.11,0.17011,-0.00152,-0.40843,-0.8968,-0.68,0.8,0.16,0.16013,0.02164,-0.32583,-0.93152,-0.68,0.81,0.18,-0.14293,-0.06369,-0.37989,-0.9117,-0.68,0.81,0.2,-0.24129,-0.1569,-0.37385,-0.8817,-0.67,0.8,0.22,-0.24129,-0.1569,-0.37385,-0.8817,-0.49,0.81,0.14,0.26702,0.19541,0.11567,-0.93655,-0.47,0.78,0.09,0.26702,0.19541,0.11567,-0.93655,-0.51,0.79,0.11,0.4071,0.28661,-0.56171,-0.66076,-0.54,0.79,0.13,0.2223,0.13196,-0.54212,-0.79955,-0.55,0.8,0.16,0.13892,0.11315,-0.62438,-0.76029,-0.56,0.8,0.18,0.13892,0.11315,-0.62438,-0.76029,-0.5,0.79,0.12,0.26702,0.19541,0.11567,-0.93655,-0.52,0.83,0.16,0.02366,0.22525,0.0163,-0.97388,-0.54,0.83,0.19,-0.35074,0.21831,-0.04463,-0.90958,-0.55,0.81,0.21,-0.4925,0.18145,-0.07115,-0.84821,-0.55,0.79,0.22,-0.4925,0.18145,-0.07115,-0.84821,-0.48,0.79,0.12,0.26702,0.19541,0.11567,-0.93655,-0.5,0.83,0.17,0.02867,0.19589,0.08482,-0.97653,-0.52,0.83,0.2,-0.39694,0.21456,0.00482,-0.8924,-0.53,0.81,0.22,-0.58438,0.19313,0.02004,-0.78791,-0.53,0.79,0.23,-0.58438,0.19313,0.02004,-0.78791,-0.47,0.79,0.13,0.26702,0.19541,0.11567,-0.93655,-0.48,0.82,0.17,0.08397,0.16132,0.15694,-0.97072,-0.49,0.83,0.21,-0.41505,0.23504,0.09483,-0.87378,-0.51,0.81,0.22,-0.64891,0.27047,0.05137,-0.70931,-0.52,0.79,0.22,-0.64891,0.27047,0.05137,-0.70931,-0.46,0.79,0.13,0.18465,0.11513,0.33977,-0.91499,-0.47,0.8,0.17,0.18644,0.10159,0.25297,-0.94389,-0.47,0.82,0.2,-0.38385,0.22738,0.23135,-0.86454,-0.48,0.81,0.21,-0.63452,0.33105,0.15993,-0.67986,-0.49,0.79,0.21,-0.63452,0.33105,0.15993,-0.67986,-0.6,0.8,0.21
35,-0.64,0.81,0.13,0.22465,-0.08275,-0.12025,-0.96344,-0.65,0.79,0.08,0.22465,-0.08275,-0.12025,-0.96344,-0.61,0.79,0.1,0.40608,-0.23147,0.47147,-0.74782,-0.59,0.81,0.12,0.2141,-0.10612,0.43123,-0.87002,-0.58,0.82,0.15,0.12913,-0.10073,0.51753,-0.83984,-0.57,0.82,0.18,0.12913,-0.10073,0.51753,-0.83984,-0.62,0.8,0.11,0.22465,-0.08275,-0.12025,-0.96344,-0.62,0.83,0.16,-0.00777,-0.12466,-0.05035,-0.99089,-0.61,0.83,0.19,-0.159,-0.1273,-0.05722,-0.97736,-0.6,0.82,0.22,-0.2263,-0.10373,-0.06111,-0.96659,-0.6,0.81,0.24,-0.2263,-0.10373,-0.06111,-0.96659,-0.64,0.8,0.11,0.22465,-0.08275,-0.12025,-0.96344,-0.64,0.83,0.16,0.09203,-0.00333,-0.14671,-0.98488,-0.64,0.84,0.2,-0.31798,-0.06471,-0.1452,-0.93468,-0.63,0.82,0.22,-0.50237,-0.08043,-0.1899,-0.8397,-0.63,0.8,0.24,-0.50237,-0.08043,-0.1899,-0.8397,-0.66,0.79,0.11,0.22465,-0.08275,-0.12025,-0.96344,-0.66,0.82,0.16,0.159,0.03279,-0.19622,-0.96703,-0.66,0.83,0.2,-0.28629,-0.07685,-0.22792,-0.92746,-0.65,0.82,0.22,-0.48511,-0.14998,-0.22679,-0.83111,-0.64,0.8,0.23,-0.48511,-0.14998,-0.22679,-0.83111,-0.67,0.79,0.11,0.16583,0.0064,-0.34589,-0.92349,-0.67,0.8,0.16,0.14812,0.02625,-0.2615,-0.95341,-0.68,0.81,0.19,-0.16377,-0.03972,-0.32135,-0.93185,-0.67,0.81,0.21,-0.27164,-0.128,-0.31957,-0.89872,-0.66,0.8,0.22,-0.27164,-0.128,-0.31957,-0.89872,-0.49,0.8,0.15,0.2471,0.18887,0.10657,-0.94441,-0.47,0.78,0.09,0.2471,0.18887,0.10657,-0.94441,-0.51,0.78,0.12,0.4053,0.29983,-0.54581,-0.66927,-0.54,0.79,0.13,0.21359,0.14622,-0.53043,-0.80725,-0.55,0.79,0.16,0.13123,0.12917,-0.61407,-0.76747,-0.56,0.8,0.18,0.13123,0.12917,-0.61407,-0.76747,-0.5,0.79,0.12,0.2471,0.18887,0.10657,-0.94441,-0.52,0.82,0.16,0.03036,0.21226,0.01902,-0.97656,-0.54,0.82,0.2,-0.31721,0.20851,-0.03078,-0.92464,-0.55,0.81,0.21,-0.45443,0.17456,-0.05323,-0.87189,-0.55,0.79,0.23,-0.45443,0.17456,-0.05323,-0.87189,-0.49,0.79,0.12,0.2471,0.18887,0.10657,-0.94441,-0.5,0.82,0.17,0.03189,0.17983,0.08427,-0.97956,-0.52,0.83,0.21,-0.38076,0.19968,0.01443,-0.90274,-0.53,0.81,0.23,-0.55981,0.18192,0.03424,-0.80768,-0.53,0.79,0.24,-0.55981,0.18192,0.03424,-0.80768,-0.47,0.79,0.13,0.2471,0.18887,0.10657,-0.94441,-0.48,0.81,0.17,0.08989,0.14447,0.1535,-0.97339,-0.49,0.82,0.21,-0.39931,0.21784,0.1028,-0.88461,-0.5,0.8,0.23,-0.62502,0.25663,0.06671,-0.7342,-0.52,0.78,0.23,-0.62502,0.25663,0.06671,-0.7342,-0.46,0.78,0.13,0.16785,0.1034,0.32991,-0.9232,-0.47,0.8,0.17,0.18774,0.08994,0.24281,-0.94748,-0.47,0.81,0.2,-0.3564,0.20549,0.23499,-0.88064,-0.48,0.8,0.22,-0.59781,0.3091,0.17535,-0.71856,-0.49,0.79,0.22,-0.59781,0.3091,0.17535,-0.71856,-0.6,0.8,0.21
36,-0.64,0.8,0.14,0.16255,-0.04766,-0.0699,-0.98307,-0.65,0.78,0.08,0.16255,-0.04766,-0.0699,-0.98307,-0.61,0.79,0.11,0.3294,-0.25126,0.50359,-0.75813,-0.59,0.79,0.13,0.15704,-0.12161,0.46588,-0.86227,-0.58,0.8,0.16,0.08676,-0.1268,0.54854,-0.82189,-0.57,0.8,0.19,0.08676,-0.1268,0.54854,-0.82189,-0.62,0.79,0.11,0.16255,-0.04766,-0.0699,-0.98307,-0.62,0.81,0.17,-0.06897,-0.08496,-0.01027,-0.99394,-0.61,0.81,0.2,-0.21299,-0.08031,-0.0239,-0.97346,-0.61,0.8,0.23,-0.27905,-0.05389,-0.0295,-0.95831,-0.6,0.79,0.25,-0.27905,-0.05389,-0.0295,-0.95831,-0.64,0.79,0.11,0.16255,-0.04766,-0.0699,-0.98307,-0.64,0.81,0.17,0.0961,0.05087,-0.09372,-0.98964,-0.64,0.82,0.21,-0.31414,0.00651,-0.119,-0.94187,-0.64,0.8,0.23,-0.50661,-0.00749,-0.18005,-0.84313,-0.64,0.78,0.24,-0.50661,-0.00749,-0.18005,-0.84313,-0.66,0.79,0.11,0.16255,-0.04766,-0.0699,-0.98307,-0.66,0.8,0.17,0.162,0.08529,-0.13657,-0.97357,-0.66,0.82,0.2,-0.28977,-0.00443,-0.19839,-0.9363,-0.66,0.8,0.22,-0.5062,-0.07632,-0.21466,-0.83178,-0.65,0.78,0.24,-0.5062,-0.07632,-0.21466,-0.83178,-0.67,0.78,0.12,0.11967,0.0569,-0.29314,-0.94684,-0.67,0.79,0.16,0.11436,0.07228,-0.20467,-0.96944,-0.68,0.8,0.19,-0.19952,0.02332,-0.28224,-0.93808,-0.68,0.79,0.21,-0.33603,-0.06872,-0.29038,-0.89333,-0.67,0.78,0.22,-0.33603,-0.06872,-0.29038,-0.89333,-0.49,0.81,0.15,0.24793,0.1823,0.10924,-0.94518,-0.47,0.78,0.09,0.24793,0.1823,0.10924,-0.94518,-0.51,0.78,0.12,0.43189,0.2904,-0.51245,-0.68303,-0.54,0.79,0.13,0.23744,0.14918,-0.49289,-0.82366,-0.56,0.8,0.16,0.15548,0.13379,-0.57969,-0.78859,-0.57,0.8,0.18,0.15548,0.13379,-0.57969,-0.78859,-0.5,0.79,0.12,0.24793,0.1823,0.10924,-0.94518,-0.52,0.82,0.16,0.08078,0.20345,0.03598,-0.97508,-0.54,0.83,0.2,-0.23023,0.20776,-0.00332,-0.95069,-0.55,0.82,0.22,-0.3626,0.17897,-0.02125,-0.91435,-0.55,0.8,0.23,-0.3626,0.17897,-0.02125,-0.91435,-0.49,0.79,0.12,0.24793,0.1823,0.10924,-0.94518,-0.5,0.82,0.17,0.05684,0.16949,0.09375,-0.97942,-0.51,0.83,0.21,-0.35144,0.19435,0.02869,-0.91537,-0.52,0.81,0.23,-0.53226,0.18138,0.04988,-0.82542,-0.53,0.79,0.24,-0.53226,0.18138,0.04988,-0.82542,-0.47,0.79,0.13,0.24793,0.1823,0.10924,-0.94518,-0.48,0.81,0.17,0.10921,0.13456,0.16021,-0.97175,-0.49,0.82,0.21,-0.38203,0.21335,0.11295,-0.89206,-0.5,0.81,0.23,-0.61035,0.25559,0.07724,-0.74578,-0.51,0.79,0.23,-0.61035,0.25559,0.07724,-0.74578,-0.46,0.78,0.13,0.16963,0.09715,0.33289,-0.92248,-0.47,0.8,0.17,0.20312,0.08834,0.24503,-0.94387,-0.47,0.81,0.2,-0.3308,0.20396,0.23962,-0.88969,-0.48,0.8,0.22,-0.57591,0.30942,0.17907,-0.7352,-0.49,0.79,0.22,-0.57591,0.30942,0.17907,-0.7352,-0.6,0.8,0.21
37,-0.64,0.8,0.14,0.11969,-0.03167,-0.05784,-0.99062,-0.64,0.78,0.08,0.11969,-0.03167,-0.05784,-0.99062,-0.61,0.78,0.11,0.29219,-0.26066,0.49926,-0.77293,-0.59,0.79,0.13,0.1394,-0.14038,0.45929,-0.86598,-0.57,0.79,0.17,0.08494,-0.15648,0.54108,-0.82191,-0.57,0.79,0.19,0.08494,-0.15648,0.54108,-0.82191,-0.62,0.79,0.11,0.11969,-0.03167,-0.05784,-0.99062,-0.61,0.8,0.17,-0.10062,-0.07853,-0.00152,-0.99182,-0.61,0.8,0.21,-0.24238,-0.07184,-0.01611,-0.96739,-0.61,0.78,0.23,-0.31515,-0.04481,-0.02094,-0.94775,-0.6,0.77,0.25,-0.31515,-0.04481,-0.02094,-0.94775,-0.64,0.79,0.11,0.11969,-0.03167,-0.05784,-0.99062,-0.64,0.8,0.17,0.09004,0.07268,-0.07602,-0.99037,-0.64,0.81,0.21,-0.31094,0.03474,-0.11138,-0.94324,-0.64,0.8,0.24,-0.50825,0.02049,-0.1795,-0.84205,-0.64,0.77,0.25,-0.50825,0.02049,-0.1795,-0.84205,-0.66,0.79,0.12,0.11969,-0.03167,-0.05784,-0.99062,-0.66,0.8,0.17,0.15479,0.10734,-0.11546,-0.97529,-0.67,0.81,0.2,-0.29305,0.02566,-0.18953,-0.93677,-0.66,0.79,0.23,-0.51582,-0.04632,-0.21376,-0.82831,-0.66,0.77,0.24,-0.51582,-0.04632,-0.21376,-0.82831,-0.66,0.78,0.12,0.08305,0.08253,-0.2773,-0.95362,-0.67,0.79,0.16,0.09749,0.09421,-0.1848,-0.97338,-0.68,0.79,0.19,-0.21249,0.05218,-0.26994,-0.93769,-0.68,0.78,0.21,-0.36184,-0.042,-0.2836,-0.88706,-0.67,0.77,0.22,-0.36184,-0.042,-0.2836,-0.88706,-0.49,0.81,0.15,0.24128,0.17096,0.09489,-0.95055,-0.47,0.78,0.09,0.24128,0.17096,0.09489,-0.95055,-0.51,0.78,0.12,0.44942,0.27659,-0.48604,-0.69662,-0.54,0.8,0.13,0.26474,0.15172,-0.45852,-0.83466,-0.56,0.81,0.16,0.19346,0.1438,-0.54727,-0.8015,-0.57,0.81,0.18,0.19346,0.1438,-0.54727,-0.8015,-0.5,0.79,0.12,0.24128,0.17096,0.09489,-0.95055,-0.52,0.82,0.17,0.11144,0.18869,0.03275,-0.97514,-0.54,0.83,0.2,-0.16354,0.19344,0.00568,-0.96737,-0.55,0.82,0.22,-0.28457,0.16679,-0.00567,-0.94402,-0.55,0.81,0.24,-0.28457,0.16679,-0.00567,-0.94402,-0.49,0.79,0.12,0.24128,0.17096,0.09489,-0.95055,-0.5,0.82,0.17,0.06741,0.15293,0.0849,-0.98227,-0.51,0.83,0.21,-0.33077,0.1754,0.02968,-0.92679,-0.52,0.81,0.23,-0.51281,0.16438,0.05506,-0.84082,-0.53,0.79,0.24,-0.51281,0.16438,0.05506,-0.84082,-0.47,0.79,0.13,0.24128,0.17096,0.09489,-0.95055,-0.48,0.81,0.17,0.1274,0.11703,0.15037,-0.97338,-0.49,0.82,0.21,-0.35672,0.19292,0.11458,-0.90686,-0.5,0.81,0.23,-0.58789,0.23718,0.08427,-0.76878,-0.51,0.79,0.24,-0.58789,0.23718,0.08427,-0.76878,-0.46,0.78,0.13,0.16745,0.08378,0.31939,-0.92894,-0.47,0.8,0.18,0.22588,0.07483,0.23078,-0.94346,-0.47,0.81,0.2,-0.28059,0.17966,0.23947,-0.91195,-0.48,0.81,0.22,-0.52847,0.28588,0.18609,-0.77741,-0.49,0.79,0.23,-0.52847,0.28588,0.18609,-0.77741,-0.6,0.8,0.21
38,-0.64,0.8,0.14,0.11494,-0.0378,-0.08152,-0.9893,-0.64,0.79,0.08,0.11494,-0.0378,-0.08152,-0.9893,-0.61,0.79,0.11,0.29833,-0.26236,0.4784,-0.78314,-0.59,0.79,0.13,0.14839,-0.14929,0.43661,-0.87468,-0.57,0.8,0.16,0.09154,-0.16372,0.5206,-0.83294,-0.56,0.8,0.19,0.09154,-0.16372,0.5206,-0.83294,-0.62,0.79,0.11,0.11494,-0.0378,-0.08152,-0.9893,-0.61,0.81,0.17,-0.09843,-0.09898,-0.02136,-0.98998,-0.61,0.8,0.21,-0.24355,-0.09506,-0.03249,-0.96467,-0.6,0.79,0.23,-0.33261,-0.06992,-0.03398,-0.93986,-0.6,0.78,0.25,-0.33261,-0.06992,-0.03398,-0.93986,-0.64,0.79,0.11,0.11494,-0.0378,-0.08152,-0.9893,-0.64,0.81,0.17,0.09278,0.06507,-0.09816,-0.9887,-0.64,0.82,0.21,-0.29726,0.02034,-0.12839,-0.94591,-0.64,0.8,0.24,-0.49775,0.00156,-0.19305,-0.84556,-0.64,0.78,0.25,-0.49775,0.00156,-0.19305,-0.84556,-0.66,0.79,0.11,0.11494,-0.0378,-0.08152,-0.9893,-0.65,0.8,0.17,0.15874,0.10104,-0.1373,-0.97249,-0.66,0.81,0.2,-0.27406,0.01314,-0.20555,-0.9394,-0.66,0.8,0.23,-0.49834,-0.06299,-0.22554,-0.83476,-0.65,0.78,0.24,-0.49834,-0.06299,-0.22554,-0.83476,-0.66,0.78,0.12,0.07388,0.07696,-0.29918,-0.94822,-0.67,0.79,0.16,0.09638,0.08624,-0.20619,-0.96993,-0.68,0.79,0.19,-0.20092,0.04165,-0.28633,-0.9359,-0.68,0.79,0.21,-0.34925,-0.05512,-0.2973,-0.88691,-0.67,0.77,0.23,-0.34925,-0.05512,-0.2973,-0.88691,-0.5,0.8,0.15,0.21084,0.17681,0.04967,-0.96011,-0.47,0.78,0.09,0.21084,0.17681,0.04967,-0.96011,-0.51,0.78,0.12,0.42796,0.29884,-0.50305,-0.68883,-0.54,0.79,0.13,0.24908,0.17022,-0.48087,-0.82326,-0.56,0.8,0.16,0.18427,0.16498,-0.56829,-0.78478,-0.57,0.8,0.18,0.18427,0.16498,-0.56829,-0.78478,-0.5,0.79,0.12,0.21084,0.17681,0.04967,-0.96011,-0.53,0.81,0.17,0.07041,0.19186,-0.01566,-0.97877,-0.54,0.82,0.2,-0.19942,0.18243,-0.04075,-0.96192,-0.55,0.81,0.22,-0.317,0.14973,-0.0511,-0.93514,-0.55,0.79,0.24,-0.317,0.14973,-0.0511,-0.93514,-0.49,0.79,0.12,0.21084,0.17681,0.04967,-0.96011,-0.51,0.82,0.17,0.06882,0.1479,0.04364,-0.98564,-0.52,0.82,0.21,-0.30881,0.15452,-0.00256,-0.93849,-0.53,0.81,0.24,-0.48922,0.13924,0.02827,-0.86051,-0.53,0.79,0.25,-0.48922,0.13924,0.02827,-0.86051,-0.47,0.79,0.13,0.21084,0.17681,0.04967,-0.96011,-0.49,0.81,0.18,0.156,0.10921,0.11025,-0.97549,-0.49,0.82,0.21,-0.31716,0.16678,0.08532,-0.92968,-0.5,0.81,0.23,-0.55236,0.20538,0.06309,-0.80544,-0.51,0.79,0.24,-0.55236,0.20538,0.06309,-0.80544,-0.46,0.78,0.13,0.14294,0.08098,0.27321,-0.94782,-0.47,0.8,0.18,0.2409,0.06912,0.18468,-0.95031,-0.47,0.81,0.2,-0.24855,0.14862,0.20562,-0.9348,-0.48,0.8,0.22,-0.50261,0.24655,0.16254,-0.81251,-0.49,0.79,0.23,-0.50261,0.24655,0.16254,-0.81251,-0.6,0.8,0.21
39,-0.64,0.81,0.14,0.14914,-0.04346,-0.11495,-0.98115,-0.64,0.79,0.08,0.14914,-0.04346,-0.11495,-0.98115,-0.61,0.79,0.11,0.33394,-0.2376,0.46182,-0.78661,-0.59,0.8,0.13,0.18137,-0.12981,0.41407,-0.8825,-0.57,0.81,0.16,0.08966,-0.12382,0.50219,-0.85114,-0.57,0.81,0.18,0.08966,-0.12382,0.50219,-0.85114,-0.62,0.8,0.11,0.14914,-0.04346,-0.11495,-0.98115,-0.62,0.82,0.17,-0.06218,-0.11337,-0.05001,-0.99034,-0.61,0.81,0.2,-0.23774,-0.11616,-0.0553,-0.96277,-0.6,0.8,0.22,-0.3532,-0.0948,-0.05174,-0.92929,-0.6,0.79,0.24,-0.3532,-0.0948,-0.05174,-0.92929,-0.64,0.8,0.11,0.14914,-0.04346,-0.11495,-0.98115,-0.64,0.82,0.17,0.11415,0.04668,-0.13429,-0.98324,-0.64,0.83,0.21,-0.28631,-0.01262,-0.15436,-0.94554,-0.64,0.81,0.23,-0.50234,-0.03959,-0.21153,-0.83746,-0.63,0.79,0.25,-0.50234,-0.03959,-0.21153,-0.83746,-0.66,0.79,0.11,0.14914,-0.04346,-0.11495,-0.98115,-0.66,0.81,0.16,0.1852,0.08154,-0.17521,-0.96351,-0.66,0.82,0.2,-0.25351,-0.02349,-0.23048,-0.93918,-0.66,0.81,0.22,-0.4894,-0.10774,-0.2391,-0.83169,-0.65,0.79,0.24,-0.4894,-0.10774,-0.2391,-0.83169,-0.66,0.79,0.11,0.10128,0.06264,-0.33455,-0.93483,-0.67,0.8,0.16,0.12638,0.06315,-0.24241,-0.95983,-0.68,0.8,0.19,-0.17053,0.00703,-0.31397,-0.93397,-0.67,0.79,0.21,-0.32825,-0.0975,-0.31623,-0.88473,-0.67,0.78,0.22,-0.32825,-0.0975,-0.31623,-0.88473,-0.5,0.8,0.15,0.1782,0.17395,0.02511,-0.96817,-0.47,0.78,0.09,0.1782,0.17395,0.02511,-0.96817,-0.51,0.78,0.12,0.40427,0.31826,-0.50521,-0.69285,-0.54,0.78,0.13,0.21843,0.18305,-0.48999,-0.82382,-0.56,0.79,0.16,0.14711,0.17456,-0.5775,-0.78382,-0.57,0.79,0.18,0.14711,0.17456,-0.5775,-0.78382,-0.5,0.78,0.12,0.1782,0.17395,0.02511,-0.96817,-0.53,0.81,0.17,0.03227,0.20002,-0.04415,-0.97826,-0.54,0.81,0.21,-0.23154,0.18199,-0.06949,-0.95312,-0.55,0.8,0.23,-0.35819,0.14457,-0.08246,-0.9187,-0.55,0.78,0.24,-0.35819,0.14457,-0.08246,-0.9187,-0.49,0.78,0.12,0.1782,0.17395,0.02511,-0.96817,-0.51,0.81,0.18,0.08525,0.14304,0.02506,-0.98572,-0.52,0.82,0.22,-0.25038,0.14392,-0.01151,-0.95732,-0.53,0.8,0.24,-0.42867,0.13104,0.0225,-0.89363,-0.53,0.79,0.25,-0.42867,0.13104,0.0225,-0.89363,-0.47,0.79,0.13,0.1782,0.17395,0.02511,-0.96817,-0.49,0.8,0.18,0.18999,0.10426,0.09012,-0.97207,-0.49,0.82,0.21,-0.25786,0.15254,0.07307,-0.95126,-0.5,0.81,0.23,-0.50022,0.19003,0.0538,-0.84307,-0.51,0.79,0.25,-0.50022,0.19003,0.0538,-0.84307,-0.46,0.78,0.13,0.11524,0.06987,0.24658,-0.95971,-0.47,0.79,0.18,0.24556,0.06124,0.1575,-0.95454,-0.47,0.81,0.2,-0.2322,0.12665,0.18712,-0.94606,-0.48,0.8,0.22,-0.50631,0.22291,0.14724,-0.81993,-0.49,0.79,0.23,-0.50631,0.22291,0.14724,-0.81993,-0.6,0.8,0.21
40,-0.64,0.81,0.14,0.21256,-0.05091,-0.12852,-0.96732,-0.65,0.79,0.08,0.21256,-0.05091,-0.12852,-0.96732,-0.61,0.8,0.11,0.37787,-0.19856,0.47564,-0.76912,-0.59,0.81,0.13,0.2174,-0.08648,0.42169,-0.87604,-0.58,0.82,0.16,0.08021,-0.05264,0.50693,-0.85663,-0.57,0.82,0.18,0.08021,-0.05264,0.50693,-0.85663,-0.62,0.8,0.11,0.21256,-0.05091,-0.12852,-0.96732,-0.62,0.83,0.16,-0.01619,-0.11643,-0.05787,-0.99138,-0.61,0.83,0.2,-0.23989,-0.12469,-0.05654,-0.9611,-0.6,0.82,0.22,-0.37159,-0.10445,-0.0497,-0.92116,-0.6,0.8,0.23,-0.37159,-0.10445,-0.0497,-0.92116,-0.64,0.8,0.11,0.21256,-0.05091,-0.12852,-0.96732,-0.64,0.83,0.16,0.1282,0.02167,-0.15315,-0.97961,-0.64,0.84,0.2,-0.29837,-0.04769,-0.16045,-0.93966,-0.64,0.82,0.23,-0.52099,-0.07533,-0.20883,-0.82419,-0.63,0.8,0.24,-0.52099,-0.07533,-0.20883,-0.82419,-0.66,0.8,0.11,0.21256,-0.05091,-0.12852,-0.96732,-0.66,0.82,0.16,0.19684,0.05069,-0.19818,-0.95886,-0.66,0.83,0.2,-0.26205,-0.06664,-0.2362,-0.93333,-0.66,0.82,0.22,-0.50368,-0.15216,-0.23245,-0.818,-0.65,0.8,0.23,-0.50368,-0.15216,-0.23245,-0.818,-0.66,0.79,0.11,0.15948,0.04011,-0.35359,-0.92083,-0.67,0.8,0.16,0.16695,0.02648,-0.2623,-0.95007,-0.68,0.81,0.18,-0.13843,-0.03888,-0.32248,-0.93559,-0.67,0.81,0.2,-0.30072,-0.14556,-0.31389,-0.88873,-0.66,0.8,0.22,-0.30072,-0.14556,-0.31389,-0.88873,-0.5,0.8,0.15,0.20445,0.17896,0.05978,-0.96052,-0.47,0.78,0.09,0.20445,0.17896,0.05978,-0.96052,-0.51,0.78,0.11,0.43435,0.29884,-0.48373,-0.6986,-0.54,0.79,0.13,0.2333,0.16398,-0.46624,-0.83744,-0.56,0.8,0.16,0.13904,0.14245,-0.55667,-0.80654,-0.57,0.8,0.18,0.13904,0.14245,-0.55667,-0.80654,-0.5,0.79,0.12,0.20445,0.17896,0.05978,-0.96052,-0.53,0.81,0.17,0.03278,0.21026,-0.01877,-0.97692,-0.54,0.82,0.2,-0.26276,0.19686,-0.05444,-0.943,-0.55,0.8,0.22,-0.40524,0.15982,-0.07382,-0.8971,-0.55,0.79,0.24,-0.40524,0.15982,-0.07382,-0.8971,-0.49,0.79,0.12,0.20445,0.17896,0.05978,-0.96052,-0.5,0.82,0.17,0.08813,0.1585,0.05469,-0.9819,-0.52,0.82,0.21,-0.26768,0.16862,0.00752,-0.94861,-0.53,0.81,0.23,-0.45233,0.15756,0.03573,-0.8771,-0.53,0.79,0.25,-0.45233,0.15756,0.03573,-0.8771,-0.47,0.79,0.13,0.20445,0.17896,0.05978,-0.96052,-0.49,0.81,0.18,0.19298,0.12003,0.12286,-0.96605,-0.49,0.82,0.21,-0.26667,0.18238,0.09294,-0.9418,-0.5,0.81,0.23,-0.51323,0.22383,0.06382,-0.82609,-0.51,0.79,0.24,-0.51323,0.22383,0.06382,-0.82609,-0.46,0.78,0.13,0.13489,0.08186,0.28215,-0.94631,-0.47,0.8,0.18,0.2562,0.08004,0.19415,-0.94354,-0.47,0.81,0.2,-0.22773,0.16288,0.20918,-0.93694,-0.48,0.81,0.22,-0.51204,0.26598,0.15282,-0.80232,-0.49,0.79,0.23,-0.51204,0.26598,0.15282,-0.80232,-0.6,0.8,0.21
41,-0.64,0.81,0.13,0.29198,-0.07716,-0.13948,-0.94305,-0.65,0.78,0.07,0.29198,-0.07716,-0.13948,-0.94305,-0.61,0.79,0.1,0.41337,-0.1648,0.5173,-0.73101,-0.59,0.81,0.12,0.23032,-0.03062,0.46056,-0.85668,-0.58,0.82,0.15,0.06184,0.02709,0.53378,-0.84293,-0.58,0.82,0.18,0.06184,0.02709,0.53378,-0.84293,-0.63,0.8,0.1,0.29198,-0.07716,-0.13948,-0.94305,-0.62,0.83,0.15,0.00614,-0.11881,-0.06405,-0.99083,-0.61,0.83,0.19,-0.31038,-0.1344,-0.04909,-0.93978,-0.6,0.82,0.21,-0.45829,-0.11342,-0.03604,-0.8808,-0.6,0.8,0.22,-0.45829,-0.11342,-0.03604,-0.8808,-0.64,0.79,0.11,0.29198,-0.07716,-0.13948,-0.94305,-0.64,0.83,0.15,0.12217,-0.02884,-0.1644,-0.97837,-0.64,0.84,0.19,-0.34225,-0.10416,-0.14514,-0.92247,-0.63,0.83,0.21,-0.56496,-0.12338,-0.17935,-0.79588,-0.62,0.8,0.22,-0.56496,-0.12338,-0.17935,-0.79588,-0.66,0.79,0.11,0.29198,-0.07716,-0.13948,-0.94305,-0.66,0.82,0.15,0.19057,-0.00779,-0.21491,-0.95783,-0.66,0.83,0.19,-0.28885,-0.13048,-0.22191,-0.92212,-0.65,0.82,0.21,-0.52964,-0.20908,-0.20135,-0.79701,-0.64,0.8,0.22,-0.52964,-0.20908,-0.20135,-0.79701,-0.67,0.79,0.11,0.22983,-0.00535,-0.36983,-0.90021,-0.67,0.8,0.15,0.18977,-0.04121,-0.27598,-0.94134,-0.67,0.82,0.18,-0.13768,-0.11524,-0.3134,-0.93249,-0.67,0.81,0.2,-0.30048,-0.21872,-0.29007,-0.88189,-0.66,0.8,0.22,-0.30048,-0.21872,-0.29007,-0.88189,-0.49,0.82,0.14,0.29899,0.22954,0.16799,-0.91088,-0.47,0.78,0.09,0.29899,0.22954,0.16799,-0.91088,-0.51,0.79,0.11,0.51929,0.25148,-0.45148,-0.68063,-0.54,0.81,0.12,0.30505,0.12556,-0.42425,-0.84332,-0.55,0.82,0.14,0.1865,0.08979,-0.51628,-0.83103,-0.56,0.83,0.17,0.1865,0.08979,-0.51628,-0.83103,-0.5,0.8,0.11,0.29899,0.22954,0.16799,-0.91088,-0.52,0.84,0.15,0.03504,0.28222,0.04174,-0.9578,-0.54,0.84,0.18,-0.35463,0.27993,-0.04901,-0.89077,-0.55,0.82,0.19,-0.50015,0.2414,-0.08744,-0.827,-0.56,0.8,0.2,-0.50015,0.2414,-0.08744,-0.827,-0.49,0.79,0.12,0.29899,0.22954,0.16799,-0.91088,-0.5,0.84,0.16,0.07243,0.24672,0.12702,-0.95799,-0.52,0.84,0.19,-0.3745,0.27959,0.01312,-0.88397,-0.53,0.83,0.21,-0.57842,0.25894,0.01095,-0.77347,-0.54,0.8,0.22,-0.57842,0.25894,0.01095,-0.77347,-0.47,0.79,0.12,0.29899,0.22954,0.16799,-0.91088,-0.48,0.83,0.16,0.1338,0.21615,0.20181,-0.94586,-0.5,0.84,0.2,-0.38233,0.30884,0.0977,-0.86539,-0.51,0.82,0.21,-0.62631,0.34206,0.02798,-0.69996,-0.53,0.8,0.21,-0.62631,0.34206,0.02798,-0.69996,-0.46,0.79,0.13,0.20166,0.15934,0.38897,-0.88468,-0.47,0.81,0.17,0.21409,0.18371,0.29465,-0.91301,-0.48,0.83,0.19,-0.31259,0.31192,0.23008,-0.86721,-0.49,0.82,0.21,-0.57402,0.41124,0.12457,-0.69704,-0.51,0.8,0.21,-0.57402,0.41124,0.12457,-0.69704,-0.6,0.8,0.21
42,-0.64,0.81,0.13,0.33313,-0.09739,-0.14702,-0.92624,-0.65,0.77,0.08,0.33313,-0.09739,-0.14702,-0.92624,-0.62,0.79,0.1,0.43064,-0.15892,0.538,-0.707,-0.59,0.8,0.12,0.24233,-0.01527,0.4813,-0.84225,-0.59,0.82,0.15,0.07712,0.04517,0.5514,-0.82944,-0.58,0.82,0.18,0.07712,0.04517,0.5514,-0.82944,-0.63,0.79,0.1,0.33313,-0.09739,-0.14702,-0.92624,-0.62,0.84,0.15,0.02396,-0.11548,-0.07841,-0.98992,-0.61,0.84,0.18,-0.31798,-0.1379,-0.06004,-0.93609,-0.6,0.82,0.2,-0.47042,-0.11887,-0.04528,-0.87323,-0.6,0.81,0.21,-0.47042,-0.11887,-0.04528,-0.87323,-0.64,0.79,0.11,0.33313,-0.09739,-0.14702,-0.92624,-0.64,0.83,0.15,0.1314,-0.0589,-0.16888,-0.97506,-0.64,0.85,0.19,-0.32585,-0.13199,-0.13621,-0.9262,-0.63,0.83,0.21,-0.53448,-0.14682,-0.16536,-0.81574,-0.62,0.81,0.22,-0.53448,-0.14682,-0.16536,-0.81574,-0.66,0.79,0.11,0.33313,-0.09739,-0.14702,-0.92624,-0.66,0.82,0.15,0.19746,-0.04319,-0.22119,-0.95405,-0.66,0.84,0.19,-0.27191,-0.16245,-0.21183,-0.92456,-0.65,0.83,0.21,-0.50017,-0.23474,-0.18544,-0.81261,-0.63,0.81,0.22,-0.50017,-0.23474,-0.18544,-0.81261,-0.67,0.78,0.11,0.26473,-0.03595,-0.37905,-0.88597,-0.67,0.81,0.15,0.2097,-0.07761,-0.28158,-0.93312,-0.67,0.82,0.18,-0.12761,-0.15575,-0.30579,-0.93057,-0.67,0.82,0.2,-0.28229,-0.2544,-0.27627,-0.88276,-0.65,0.81,0.21,-0.28229,-0.2544,-0.27627,-0.88276,-0.49,0.81,0.13,0.32539,0.26839,0.14532,-0.89497,-0.46,0.78,0.09,0.32539,0.26839,0.14532,-0.89497,-0.51,0.79,0.1,0.51122,0.2746,-0.51858,-0.62796,-0.54,0.8,0.11,0.31054,0.12877,-0.50006,-0.79808,-0.55,0.81,0.14,0.19201,0.07952,-0.58831,-0.78147,-0.56,0.82,0.16,0.19201,0.07952,-0.58831,-0.78147,-0.5,0.79,0.1,0.32539,0.26839,0.14532,-0.89497,-0.52,0.84,0.14,-0.02328,0.32412,-0.03703,-0.945,-0.55,0.83,0.17,-0.42801,0.2817,-0.14592,-0.84626,-0.55,0.81,0.18,-0.57409,0.22439,-0.18925,-0.76437,-0.56,0.79,0.19,-0.57409,0.22439,-0.18925,-0.76437,-0.48,0.79,0.11,0.32539,0.26839,0.14532,-0.89497,-0.5,0.84,0.15,0.11411,0.27686,0.10108,-0.94874,-0.52,0.85,0.18,-0.33196,0.2952,-0.02332,-0.89561,-0.54,0.83,0.2,-0.55031,0.26794,-0.02979,-0.79024,-0.55,0.81,0.21,-0.55031,0.26794,-0.02979,-0.79024,-0.47,0.79,0.12,0.32539,0.26839,0.14532,-0.89497,-0.49,0.83,0.16,0.16951,0.24603,0.17941,-0.93731,-0.5,0.84,0.19,-0.34379,0.32378,0.06397,-0.87914,-0.52,0.83,0.2,-0.60266,0.34675,-0.01254,-0.71862,-0.53,0.81,0.21,-0.60266,0.34675,-0.01254,-0.71862,-0.46,0.79,0.13,0.22264,0.20423,0.36672,-0.87991,-0.47,0.81,0.16,0.22913,0.20873,0.27561,-0.90993,-0.48,0.83,0.19,-0.29932,0.32439,0.20104,-0.87451,-0.49,0.82,0.2,-0.56551,0.41355,0.09233,-0.70757,-0.51,0.81,0.2,-0.56551,0.41355,0.09233,-0.70757,-0.6,0.8,0.21
43,-0.64,0.81,0.13,0.31629,-0.09819,-0.16487,-0.92905,-0.65,0.77,0.08,0.31629,-0.09819,-0.16487,-0.92905,-0.62,0.79,0.1,0.41755,-0.17595,0.52791,-0.71834,-0.59,0.8,0.12,0.2209,-0.03033,0.47614,-0.85063,-0.58,0.82,0.15,0.0771,0.01372,0.55079,-0.83096,-0.58,0.82,0.18,0.0771,0.01372,0.55079,-0.83096,-0.63,0.79,0.1,0.31629,-0.09819,-0.16487,-0.92905,-0.62,0.83,0.15,0.01176,-0.11259,-0.10197,-0.98832,-0.61,0.84,0.18,-0.31937,-0.14206,-0.0846,-0.93309,-0.6,0.82,0.2,-0.46653,-0.12654,-0.06964,-0.87263,-0.6,0.8,0.22,-0.46653,-0.12654,-0.06964,-0.87263,-0.64,0.79,0.11,0.31629,-0.09819,-0.16487,-0.92905,-0.64,0.83,0.15,0.11068,-0.06485,-0.18387,-0.97455,-0.64,0.84,0.19,-0.31479,-0.1391,-0.15133,-0.92664,-0.63,0.83,0.21,-0.49353,-0.15315,-0.18109,-0.83677,-0.62,0.81,0.23,-0.49353,-0.15315,-0.18109,-0.83677,-0.66,0.79,0.11,0.31629,-0.09819,-0.16487,-0.92905,-0.66,0.82,0.15,0.17763,-0.04825,-0.23595,-0.95417,-0.66,0.83,0.19,-0.26246,-0.1666,-0.22713,-0.92291,-0.65,0.82,0.21,-0.46499,-0.23789,-0.20416,-0.82796,-0.63,0.81,0.22,-0.46499,-0.23789,-0.20416,-0.82796,-0.67,0.78,0.11,0.2457,-0.03317,-0.39454,-0.8848,-0.67,0.8,0.15,0.19158,-0.07919,-0.29755,-0.93193,-0.67,0.82,0.18,-0.14561,-0.16169,-0.31959,-0.92223,-0.66,0.81,0.2,-0.28174,-0.25738,-0.29357,-0.87647,-0.65,0.81,0.22,-0.28174,-0.25738,-0.29357,-0.87647,-0.49,0.81,0.14,0.28985,0.23312,0.12843,-0.91932,-0.46,0.78,0.09,0.28985,0.23312,0.12843,-0.91932,-0.51,0.78,0.11,0.44634,0.28595,-0.55207,-0.64361,-0.54,0.79,0.12,0.24764,0.12625,-0.53616,-0.79704,-0.55,0.8,0.15,0.14102,0.08762,-0.62016,-0.76671,-0.56,0.81,0.17,0.14102,0.08762,-0.62016,-0.76671,-0.5,0.79,0.11,0.28985,0.23312,0.12843,-0.91932,-0.52,0.83,0.15,-0.05125,0.30286,-0.04477,-0.9506,-0.54,0.82,0.18,-0.45096,0.25919,-0.14239,-0.84213,-0.55,0.8,0.19,-0.59983,0.20163,-0.18355,-0.75224,-0.55,0.78,0.19,-0.59983,0.20163,-0.18355,-0.75224,-0.48,0.79,0.11,0.28985,0.23312,0.12843,-0.91932,-0.5,0.83,0.16,0.07394,0.23954,0.09063,-0.96382,-0.52,0.84,0.19,-0.36012,0.25692,-0.01147,-0.89676,-0.53,0.82,0.21,-0.57388,0.23186,-0.00876,-0.78538,-0.54,0.8,0.22,-0.57388,0.23186,-0.00876,-0.78538,-0.47,0.79,0.12,0.28985,0.23312,0.12843,-0.91932,-0.48,0.82,0.16,0.13016,0.20343,0.167,-0.95592,-0.5,0.83,0.2,-0.36898,0.27821,0.08141,-0.88308,-0.51,0.82,0.21,-0.62665,0.30846,0.01885,-0.7154,-0.52,0.8,0.21,-0.62665,0.30846,0.01885,-0.7154,-0.46,0.79,0.13,0.19747,0.15901,0.35107,-0.90137,-0.47,0.81,0.17,0.18474,0.1512,0.26263,-0.9349,-0.47,0.82,0.19,-0.34219,0.26411,0.22198,-0.874,-0.48,0.81,0.21,-0.60485,0.36393,0.13424,-0.69547,-0.5,0.79,0.21,-0.60485,0.36393,0.13424,-0.69547,-0.6,0.8,0.21
44,-0.64,0.81,0.13,0.29464,-0.09771,-0.1689,-0.93548,-0.65,0.78,0.07,0.29464,-0.09771,-0.1689,-0.93548,-0.62,0.79,0.1,0.40303,-0.19996,0.52166,-0.72488,-0.59,0.8,0.12,0.18883,-0.04538,0.47842,-0.85639,-0.58,0.81,0.15,0.06262,-0.01476,0.5553,-0.82916,-0.58,0.82,0.18,0.06262,-0.01476,0.5553,-0.82916,-0.63,0.8,0.1,0.29464,-0.09771,-0.1689,-0.93548,-0.62,0.83,0.15,0.02076,-0.1112,-0.10943,-0.98754,-0.61,0.84,0.19,-0.29172,-0.14156,-0.09497,-0.94119,-0.6,0.82,0.2,-0.43121,-0.12698,-0.0823,-0.88947,-0.6,0.81,0.22,-0.43121,-0.12698,-0.0823,-0.88947,-0.64,0.79,0.11,0.29464,-0.09771,-0.1689,-0.93548,-0.64,0.83,0.15,0.09641,-0.0637,-0.18651,-0.97564,-0.64,0.84,0.19,-0.30224,-0.13464,-0.15801,-0.93035,-0.63,0.83,0.22,-0.46701,-0.14844,-0.18975,-0.8508,-0.62,0.81,0.23,-0.46701,-0.14844,-0.18975,-0.8508,-0.66,0.79,0.11,0.29464,-0.09771,-0.1689,-0.93548,-0.66,0.82,0.15,0.16094,-0.0458,-0.23835,-0.95666,-0.66,0.83,0.19,-0.2563,-0.15941,-0.23404,-0.92419,-0.65,0.82,0.21,-0.44633,-0.22997,-0.21487,-0.8377,-0.63,0.81,0.23,-0.44633,-0.22997,-0.21487,-0.8377,-0.67,0.78,0.11,0.22416,-0.02739,-0.39674,-0.88972,-0.67,0.8,0.15,0.17161,-0.07277,-0.30141,-0.9351,-0.67,0.81,0.18,-0.15915,-0.1535,-0.32578,-0.91923,-0.66,0.81,0.2,-0.28058,-0.24573,-0.30491,-0.87631,-0.65,0.8,0.22,-0.28058,-0.24573,-0.30491,-0.87631,-0.49,0.81,0.14,0.2981,0.21131,0.15566,-0.91775,-0.46,0.78,0.09,0.2981,0.21131,0.15566,-0.91775,-0.51,0.79,0.11,0.44356,0.26297,-0.54024,-0.66501,-0.53,0.8,0.12,0.24038,0.10647,-0.51681,-0.81473,-0.55,0.81,0.15,0.14125,0.07901,-0.59977,-0.78364,-0.56,0.81,0.18,0.14125,0.07901,-0.59977,-0.78364,-0.5,0.79,0.11,0.2981,0.21131,0.15566,-0.91775,-0.52,0.83,0.15,-0.02921,0.29968,-0.01352,-0.9535,-0.54,0.83,0.18,-0.41512,0.27205,-0.10734,-0.86148,-0.55,0.81,0.19,-0.56149,0.22228,-0.14799,-0.78321,-0.55,0.79,0.2,-0.56149,0.22228,-0.14799,-0.78321,-0.48,0.79,0.12,0.2981,0.21131,0.15566,-0.91775,-0.49,0.83,0.16,0.07183,0.22912,0.11772,-0.96358,-0.51,0.84,0.19,-0.3592,0.25939,0.01817,-0.8963,-0.53,0.82,0.21,-0.57392,0.24112,0.01916,-0.78238,-0.54,0.8,0.22,-0.57392,0.24112,0.01916,-0.78238,-0.46,0.79,0.12,0.2981,0.21131,0.15566,-0.91775,-0.48,0.82,0.16,0.11299,0.19132,0.19238,-0.95583,-0.49,0.83,0.2,-0.38198,0.27952,0.10994,-0.874,-0.51,0.82,0.21,-0.63665,0.31801,0.04531,-0.70106,-0.52,0.8,0.21,-0.63665,0.31801,0.04531,-0.70106,-0.46,0.79,0.13,0.20617,0.14032,0.37866,-0.8913,-0.46,0.81,0.17,0.17274,0.13511,0.29069,-0.93135,-0.47,0.82,0.19,-0.34832,0.26362,0.25412,-0.8629,-0.48,0.81,0.21,-0.60232,0.37317,0.16644,-0.68575,-0.5,0.8,0.21,-0.60232,0.37317,0.16644,-0.68575,-0.6,0.8,0.21
45,-0.64,0.81,0.13,0.28478,-0.10726,-0.15057,-0.9406,-0.65,0.78,0.07,0.28478,-0.10726,-0.15057,-0.9406,-0.61,0.79,0.1,0.40165,-0.2302,0.52742,-0.7124,-0.59,0.8,0.12,0.16789,-0.06051,0.49656,-0.84946,-0.58,0.81,0.15,0.03854,-0.02568,0.57323,-0.81808,-0.58,0.81,0.18,0.03854,-0.02568,0.57323,-0.81808,-0.63,0.79,0.1,0.28478,-0.10726,-0.15057,-0.9406,-0.62,0.83,0.15,0.01877,-0.11568,-0.08945,-0.98907,-0.61,0.83,0.18,-0.29448,-0.13953,-0.07459,-0.94247,-0.6,0.82,0.2,-0.43326,-0.12189,-0.06247,-0.8908,-0.59,0.8,0.22,-0.43326,-0.12189,-0.06247,-0.8908,-0.64,0.79,0.1,0.28478,-0.10726,-0.15057,-0.9406,-0.64,0.83,0.15,0.09444,-0.06715,-0.16693,-0.97913,-0.63,0.84,0.19,-0.30676,-0.13015,-0.13857,-0.93261,-0.62,0.82,0.21,-0.47416,-0.14072,-0.17144,-0.85204,-0.61,0.81,0.23,-0.47416,-0.14072,-0.17144,-0.85204,-0.66,0.79,0.11,0.28478,-0.10726,-0.15057,-0.9406,-0.65,0.82,0.15,0.15449,-0.05057,-0.21899,-0.96209,-0.65,0.83,0.19,-0.26071,-0.15444,-0.21539,-0.92833,-0.64,0.82,0.21,-0.45324,-0.22136,-0.19773,-0.84052,-0.63,0.8,0.23,-0.45324,-0.22136,-0.19773,-0.84052,-0.67,0.78,0.11,0.21512,-0.03354,-0.3785,-0.89963,-0.67,0.8,0.15,0.15832,-0.07602,-0.28326,-0.94283,-0.67,0.81,0.18,-0.16249,-0.14581,-0.30906,-0.92565,-0.66,0.81,0.2,-0.28094,-0.23446,-0.29075,-0.88406,-0.65,0.8,0.22,-0.28094,-0.23446,-0.29075,-0.88406,-0.48,0.82,0.13,0.35356,0.20762,0.17782,-0.89458,-0.46,0.78,0.09,0.35356,0.20762,0.17782,-0.89458,-0.51,0.79,0.11,0.48732,0.21578,-0.52838,-0.66089,-0.53,0.81,0.12,0.28369,0.06657,-0.49112,-0.82091,-0.54,0.82,0.15,0.17816,0.03634,-0.57309,-0.79907,-0.55,0.83,0.17,0.17816,0.03634,-0.57309,-0.79907,-0.49,0.8,0.11,0.35356,0.20762,0.17782,-0.89458,-0.51,0.84,0.14,0.0503,0.29368,0.0169,-0.95443,-0.53,0.85,0.17,-0.33753,0.28116,-0.07581,-0.89514,-0.54,0.83,0.19,-0.48298,0.23845,-0.11347,-0.83487,-0.55,0.81,0.2,-0.48298,0.23845,-0.11347,-0.83487,-0.48,0.8,0.11,0.35356,0.20762,0.17782,-0.89458,-0.49,0.84,0.15,0.10954,0.23425,0.13587,-0.95638,-0.51,0.85,0.19,-0.34677,0.27317,0.02474,-0.89695,-0.52,0.84,0.2,-0.5695,0.25655,0.02077,-0.78066,-0.53,0.82,0.21,-0.5695,0.25655,0.02077,-0.78066,-0.46,0.79,0.12,0.35356,0.20762,0.17782,-0.89458,-0.47,0.83,0.16,0.13828,0.20311,0.21024,-0.94627,-0.49,0.85,0.19,-0.37294,0.30166,0.11326,-0.87011,-0.5,0.83,0.21,-0.632,0.34008,0.03932,-0.69525,-0.52,0.81,0.21,-0.632,0.34008,0.03932,-0.69525,-0.46,0.79,0.13,0.25794,0.15189,0.40316,-0.86479,-0.46,0.82,0.16,0.21191,0.15139,0.31448,-0.91284,-0.46,0.83,0.19,-0.31599,0.29571,0.26259,-0.86241,-0.48,0.82,0.2,-0.57284,0.40643,0.16145,-0.69326,-0.49,0.81,0.2,-0.57284,0.40643,0.16145,-0.69326,-0.6,0.8,0.21
46,-0.64,0.81,0.13,0.29216,-0.11649,-0.11434,-0.94234,-0.65,0.78,0.07,0.29216,-0.11649,-0.11434,-0.94234,-0.61,0.79,0.1,0.40552,-0.25185,0.55,-0.68529,-0.59,0.8,0.12,0.15691,-0.06115,0.52992,-0.83116,-0.58,0.8,0.15,0.01761,-0.0139,0.60361,-0.79696,-0.58,0.81,0.17,0.01761,-0.0139,0.60361,-0.79696,-0.62,0.79,0.1,0.29216,-0.11649,-0.11434,-0.94234,-0.61,0.83,0.15,0.03211,-0.11885,-0.05027,-0.99112,-0.6,0.83,0.18,-0.29547,-0.13113,-0.03464,-0.94568,-0.6,0.82,0.2,-0.44007,-0.10788,-0.02331,-0.89116,-0.59,0.8,0.22,-0.44007,-0.10788,-0.02331,-0.89116,-0.64,0.79,0.1,0.29216,-0.11649,-0.11434,-0.94234,-0.63,0.83,0.15,0.10711,-0.06869,-0.13079,-0.98321,-0.63,0.84,0.19,-0.29574,-0.11712,-0.10502,-0.94223,-0.62,0.83,0.21,-0.46604,-0.12285,-0.14124,-0.86474,-0.61,0.81,0.23,-0.46604,-0.12285,-0.14124,-0.86474,-0.66,0.79,0.11,0.29216,-0.11649,-0.11434,-0.94234,-0.65,0.82,0.15,0.1625,-0.05318,-0.18395,-0.96795,-0.65,0.83,0.19,-0.24689,-0.1408,-0.18385,-0.94097,-0.64,0.82,0.21,-0.44295,-0.20168,-0.16979,-0.85691,-0.63,0.81,0.22,-0.44295,-0.20168,-0.16979,-0.85691,-0.66,0.79,0.11,0.2254,-0.0431,-0.34465,-0.91025,-0.67,0.81,0.15,0.1571,-0.07137,-0.25146,-0.95236,-0.67,0.82,0.18,-0.15682,-0.12846,-0.28185,-0.9378,-0.66,0.81,0.2,-0.27392,-0.21263,-0.26699,-0.89915,-0.65,0.8,0.22,-0.27392,-0.21263,-0.26699,-0.89915,-0.48,0.82,0.13,0.3766,0.19089,0.1636,-0.89161,-0.47,0.78,0.09,0.3766,0.19089,0.1636,-0.89161,-0.51,0.79,0.11,0.49625,0.19101,-0.53731,-0.65463,-0.53,0.81,0.12,0.2824,0.03259,-0.49432,-0.82148,-0.54,0.82,0.15,0.16366,-0.00466,-0.57194,-0.80379,-0.55,0.83,0.17,0.16366,-0.00466,-0.57194,-0.80379,-0.49,0.8,0.11,0.3766,0.19089,0.1636,-0.89161,-0.51,0.85,0.14,0.10584,0.25579,0.03225,-0.96038,-0.53,0.85,0.18,-0.28724,0.25388,-0.04665,-0.92242,-0.54,0.84,0.19,-0.43437,0.21687,-0.07761,-0.87079,-0.55,0.82,0.21,-0.43437,0.21687,-0.07761,-0.87079,-0.48,0.8,0.11,0.3766,0.19089,0.1636,-0.89161,-0.49,0.85,0.15,0.11008,0.2198,0.11985,-0.96188,-0.51,0.86,0.19,-0.3459,0.25292,0.01803,-0.90336,-0.52,0.84,0.21,-0.56547,0.23561,0.02024,-0.79014,-0.53,0.82,0.21,-0.56547,0.23561,0.02024,-0.79014,-0.46,0.8,0.12,0.3766,0.19089,0.1636,-0.89161,-0.47,0.83,0.16,0.17018,0.18392,0.20259,-0.94666,-0.48,0.85,0.19,-0.32471,0.28008,0.12205,-0.89511,-0.5,0.84,0.21,-0.57432,0.32377,0.06028,-0.74946,-0.51,0.82,0.21,-0.57432,0.32377,0.06028,-0.74946,-0.46,0.79,0.13,0.28575,0.14063,0.39232,-0.86293,-0.46,0.82,0.16,0.33292,0.09973,0.31372,-0.88363,-0.46,0.84,0.19,-0.16872,0.25369,0.29462,-0.90574,-0.47,0.84,0.2,-0.41288,0.3714,0.21313,-0.80385,-0.48,0.83,0.21,-0.41288,0.3714,0.21313,-0.80385,-0.6,0.8,0.21
47,-0.64,0.81,0.13,0.30346,-0.10712,-0.09381,-0.94214,-0.65,0.78,0.07,0.30346,-0.10712,-0.09381,-0.94214,-0.61,0.79,0.1,0.40912,-0.25139,0.56132,-0.67405,-0.59,0.8,0.12,0.15455,-0.05101,0.5425,-0.82414,-0.58,0.8,0.15,-0.00061,0.01002,0.61256,-0.79036,-0.58,0.8,0.17,-0.00061,0.01002,0.61256,-0.79036,-0.62,0.79,0.1,0.30346,-0.10712,-0.09381,-0.94214,-0.61,0.83,0.15,0.04505,-0.11716,-0.02555,-0.99176,-0.6,0.83,0.18,-0.30336,-0.12206,-0.00921,-0.94498,-0.6,0.82,0.2,-0.46263,-0.09503,0.00261,-0.88144,-0.59,0.8,0.21,-0.46263,-0.09503,0.00261,-0.88144,-0.64,0.79,0.1,0.30346,-0.10712,-0.09381,-0.94214,-0.63,0.83,0.15,0.11873,-0.05777,-0.11237,-0.98485,-0.63,0.84,0.19,-0.28044,-0.09939,-0.09305,-0.95017,-0.62,0.83,0.21,-0.45356,-0.10449,-0.133,-0.87503,-0.62,0.81,0.23,-0.45356,-0.10449,-0.133,-0.87503,-0.66,0.79,0.11,0.30346,-0.10712,-0.09381,-0.94214,-0.65,0.82,0.15,0.16796,-0.03988,-0.16686,-0.97075,-0.65,0.84,0.19,-0.22782,-0.1193,-0.17531,-0.95033,-0.64,0.83,0.21,-0.4261,-0.17938,-0.16575,-0.87109,-0.63,0.81,0.23,-0.4261,-0.17938,-0.16575,-0.87109,-0.67,0.79,0.11,0.24117,-0.03602,-0.3265,-0.9132,-0.67,0.81,0.15,0.15571,-0.04551,-0.2398,-0.95717,-0.67,0.82,0.18,-0.15073,-0.09811,-0.27946,-0.94316,-0.66,0.81,0.2,-0.26246,-0.18076,-0.26958,-0.90872,-0.65,0.81,0.22,-0.26246,-0.18076,-0.26958,-0.90872,-0.49,0.82,0.14,0.3389,0.18624,0.12401,-0.91383,-0.47,0.78,0.09,0.3389,0.18624,0.12401,-0.91383,-0.51,0.79,0.11,0.46464,0.23622,-0.55585,-0.64757,-0.54,0.8,0.12,0.23782,0.05839,-0.5294,-0.81226,-0.55,0.81,0.15,0.1033,0.00663,-0.60541,-0.78915,-0.55,0.82,0.18,0.1033,0.00663,-0.60541,-0.78915,-0.5,0.79,0.11,0.3389,0.18624,0.12401,-0.91383,-0.52,0.84,0.15,0.11261,0.2184,0.02746,-0.96895,-0.53,0.85,0.18,-0.30494,0.21697,-0.04121,-0.92641,-0.54,0.83,0.2,-0.45615,0.18065,-0.06763,-0.86875,-0.55,0.81,0.21,-0.45615,0.18065,-0.06763,-0.86875,-0.48,0.79,0.12,0.3389,0.18624,0.12401,-0.91383,-0.5,0.84,0.16,0.03388,0.2095,0.073,-0.97449,-0.51,0.84,0.19,-0.38691,0.22188,-0.0106,-0.89496,-0.52,0.82,0.21,-0.56731,0.19829,0.00479,-0.79926,-0.53,0.8,0.22,-0.56731,0.19829,0.00479,-0.79926,-0.47,0.79,0.12,0.3389,0.18624,0.12401,-0.91383,-0.48,0.83,0.16,0.11691,0.17293,0.15952,-0.96487,-0.49,0.84,0.2,-0.35339,0.24473,0.09832,-0.89753,-0.5,0.82,0.21,-0.57541,0.28231,0.0567,-0.7655,-0.52,0.8,0.22,-0.57541,0.28231,0.0567,-0.7655,-0.46,0.79,0.13,0.25538,0.12447,0.35339,-0.89129,-0.46,0.81,0.16,0.29966,0.08588,0.27232,-0.91032,-0.46,0.83,0.19,-0.21678,0.22016,0.26586,-0.91316,-0.47,0.83,0.21,-0.44472,0.3275,0.20406,-0.80829,-0.49,0.81,0.22,-0.44472,0.3275,0.20406,-0.80829,-0.6,0.8,0.21
48,-0.64,0.81,0.13,0.286,-0.08514,-0.1791,-0.93748,-0.65,0.78,0.07,0.286,-0.08514,-0.1791,-0.93748,-0.62,0.79,0.1,0.41947,-0.24193,0.48797,-0.72623,-0.59,0.81,0.12,0.14722,-0.06753,0.46569,-0.87,-0.58,0.81,0.15,-0.00902,-0.02197,0.54298,-0.83941,-0.58,0.81,0.17,-0.00902,-0.02197,0.54298,-0.83941,-0.63,0.8,0.1,0.286,-0.08514,-0.1791,-0.93748,-0.62,0.83,0.15,0.03111,-0.11329,-0.11747,-0.9861,-0.61,0.84,0.19,-0.30596,-0.14894,-0.09799,-0.9352,-0.61,0.82,0.21,-0.46116,-0.13637,-0.08086,-0.87304,-0.6,0.81,0.22,-0.46116,-0.13637,-0.08086,-0.87304,-0.64,0.79,0.1,0.286,-0.08514,-0.1791,-0.93748,-0.64,0.83,0.15,0.09682,-0.05188,-0.19848,-0.97393,-0.64,0.84,0.19,-0.29624,-0.12771,-0.17434,-0.93034,-0.63,0.83,0.22,-0.4661,-0.14588,-0.20657,-0.84782,-0.62,0.81,0.23,-0.4661,-0.14588,-0.20657,-0.84782,-0.66,0.79,0.11,0.286,-0.08514,-0.1791,-0.93748,-0.66,0.82,0.15,0.14555,-0.02864,-0.25128,-0.95648,-0.66,0.83,0.19,-0.24417,-0.14189,-0.25655,-0.92435,-0.65,0.82,0.21,-0.43352,-0.21793,-0.2403,-0.84073,-0.64,0.81,0.23,-0.43352,-0.21793,-0.2403,-0.84073,-0.67,0.78,0.11,0.21693,-0.01335,-0.40605,-0.88763,-0.67,0.8,0.15,0.13251,-0.03592,-0.32213,-0.93669,-0.67,0.81,0.18,-0.16557,-0.11191,-0.35888,-0.91174,-0.67,0.81,0.2,-0.26499,-0.20207,-0.34783,-0.87634,-0.66,0.8,0.22,-0.26499,-0.20207,-0.34783,-0.87634,-0.49,0.82,0.13,0.34364,0.20711,0.13725,-0.90564,-0.47,0.78,0.09,0.34364,0.20711,0.13725,-0.90564,-0.51,0.79,0.11,0.47647,0.25004,-0.54981,-0.63888,-0.54,0.8,0.12,0.25208,0.07578,-0.52801,-0.80741,-0.55,0.81,0.15,0.11913,0.02238,-0.60669,-0.78564,-0.56,0.82,0.17,0.11913,0.02238,-0.60669,-0.78564,-0.5,0.8,0.11,0.34364,0.20711,0.13725,-0.90564,-0.52,0.84,0.14,0.12782,0.24087,0.03769,-0.96137,-0.54,0.85,0.18,-0.3,0.24147,-0.04452,-0.9218,-0.55,0.84,0.19,-0.45779,0.20392,-0.07669,-0.86196,-0.55,0.82,0.21,-0.45779,0.20392,-0.07669,-0.86196,-0.49,0.8,0.11,0.34364,0.20711,0.13725,-0.90564,-0.5,0.84,0.15,0.03826,0.23487,0.07761,-0.96817,-0.52,0.85,0.19,-0.36309,0.24716,-0.01253,-0.89829,-0.53,0.83,0.21,-0.5426,0.22439,-0.00138,-0.80946,-0.54,0.81,0.21,-0.5426,0.22439,-0.00138,-0.80946,-0.47,0.79,0.12,0.34364,0.20711,0.13725,-0.90564,-0.48,0.83,0.16,0.12218,0.1957,0.16855,-0.95831,-0.49,0.84,0.19,-0.33626,0.26817,0.09812,-0.89744,-0.51,0.83,0.21,-0.56127,0.30518,0.04928,-0.76774,-0.52,0.81,0.22,-0.56127,0.30518,0.04928,-0.76774,-0.46,0.79,0.13,0.25394,0.14705,0.36479,-0.88364,-0.47,0.82,0.16,0.30187,0.09931,0.28721,-0.90362,-0.47,0.83,0.19,-0.2269,0.24353,0.26823,-0.90402,-0.48,0.83,0.2,-0.45937,0.35185,0.1975,-0.79131,-0.49,0.82,0.21,-0.45937,0.35185,0.1975,-0.79131,-0.6,0.8,0.21
49,-0.64,0.81,0.13,0.28604,-0.08565,-0.18694,-0.93589,-0.65,0.78,0.08,0.28604,-0.08565,-0.18694,-0.93589,-0.62,0.8,0.1,0.42267,-0.24705,0.48149,-0.72697,-0.59,0.81,0.12,0.15235,-0.0764,0.4607,-0.87104,-0.58,0.82,0.15,0.00249,-0.03478,0.54004,-0.84092,-0.58,0.82,0.18,0.00249,-0.03478,0.54004,-0.84092,-0.63,0.8,0.1,0.28604,-0.08565,-0.18694,-0.93589,-0.62,0.84,0.15,0.03162,-0.10878,-0.12899,-0.98515,-0.61,0.84,0.19,-0.29569,-0.14748,-0.11183,-0.93718,-0.61,0.83,0.21,-0.44596,-0.13667,-0.09603,-0.87933,-0.6,0.81,0.22,-0.44596,-0.13667,-0.09603,-0.87933,-0.64,0.79,0.11,0.28604,-0.08565,-0.18694,-0.93589,-0.64,0.83,0.15,0.10455,-0.05229,-0.2065,-0.97144,-0.64,0.84,0.2,-0.2937,-0.13242,-0.18074,-0.92927,-0.63,0.83,0.22,-0.46551,-0.15218,-0.21176,-0.84575,-0.62,0.81,0.23,-0.46551,-0.15218,-0.21176,-0.84575,-0.66,0.79,0.11,0.28604,-0.08565,-0.18694,-0.93589,-0.66,0.82,0.16,0.15625,-0.02962,-0.25849,-0.95283,-0.66,0.83,0.19,-0.2427,-0.14877,-0.26117,-0.92236,-0.65,0.82,0.21,-0.43355,-0.22609,-0.24287,-0.83781,-0.64,0.81,0.23,-0.43355,-0.22609,-0.24287,-0.83781,-0.67,0.79,0.11,0.21579,-0.01421,-0.41331,-0.88454,-0.67,0.8,0.16,0.1386,-0.04277,-0.32731,-0.93372,-0.67,0.81,0.18,-0.16028,-0.12075,-0.36168,-0.91045,-0.67,0.81,0.2,-0.26014,-0.21139,-0.34906,-0.8751,-0.66,0.8,0.22,-0.26014,-0.21139,-0.34906,-0.8751,-0.49,0.82,0.13,0.32531,0.22009,0.1227,-0.91142,-0.47,0.78,0.09,0.32531,0.22009,0.1227,-0.91142,-0.51,0.79,0.1,0.46049,0.27989,-0.56217,-0.62736,-0.54,0.8,0.12,0.24625,0.10474,-0.54913,-0.79174,-0.56,0.81,0.15,0.13261,0.06054,-0.63015,-0.76266,-0.56,0.81,0.17,0.13261,0.06054,-0.63015,-0.76266,-0.5,0.8,0.11,0.32531,0.22009,0.1227,-0.91142,-0.52,0.84,0.14,0.09141,0.27264,0.00095,-0.95776,-0.54,0.84,0.18,-0.32606,0.25422,-0.08943,-0.90612,-0.55,0.83,0.19,-0.48154,0.2084,-0.1244,-0.84215,-0.56,0.81,0.2,-0.48154,0.2084,-0.1244,-0.84215,-0.49,0.79,0.11,0.32531,0.22009,0.1227,-0.91142,-0.5,0.84,0.15,0.08504,0.23726,0.07671,-0.96467,-0.52,0.85,0.19,-0.31005,0.24971,-0.01199,-0.91726,-0.53,0.83,0.21,-0.49651,0.23029,-0.00095,-0.83692,-0.54,0.81,0.22,-0.49651,0.23029,-0.00095,-0.83692,-0.47,0.79,0.12,0.32531,0.22009,0.1227,-0.91142,-0.49,0.83,0.16,0.16795,0.18614,0.16816,-0.95334,-0.5,0.84,0.19,-0.29104,0.26114,0.10187,-0.91473,-0.51,0.83,0.21,-0.52578,0.30071,0.05258,-0.79395,-0.52,0.81,0.22,-0.52578,0.30071,0.05258,-0.79395,-0.46,0.79,0.12,0.23544,0.15474,0.3491,-0.89373,-0.47,0.81,0.16,0.29444,0.08325,0.27577,-0.91122,-0.47,0.83,0.19,-0.24021,0.22448,0.26647,-0.90604,-0.48,0.83,0.2,-0.47813,0.33439,0.19984,-0.78717,-0.5,0.81,0.21,-0.47813,0.33439,0.19984,-0.78717,-0.6,0.8,0.21
50,-0.64,0.82,0.13,0.30438,-0.09767,-0.16312,-0.93338,-0.65,0.78,0.07,0.30438,-0.09767,-0.16312,-0.93338,-0.61,0.8,0.1,0.43135,-0.24728,0.50534,-0.70528,-0.59,0.81,0.12,0.16888,-0.07029,0.4845,-0.85545,-0.58,0.82,0.15,0.0216,-0.02455,0.56222,-0.82634,-0.58,0.82,0.17,0.0216,-0.02455,0.56222,-0.82634,-0.63,0.8,0.1,0.30438,-0.09767,-0.16312,-0.93338,-0.62,0.84,0.15,0.04749,-0.11161,-0.10408,-0.98714,-0.61,0.84,0.18,-0.28473,-0.14271,-0.0869,-0.94393,-0.6,0.83,0.2,-0.43511,-0.12798,-0.07263,-0.88827,-0.6,0.81,0.22,-0.43511,-0.12798,-0.07263,-0.88827,-0.64,0.8,0.1,0.30438,-0.09767,-0.16312,-0.93338,-0.64,0.84,0.15,0.12743,-0.06197,-0.18163,-0.9731,-0.64,0.85,0.19,-0.28554,-0.13359,-0.15241,-0.93669,-0.63,0.83,0.21,-0.46443,-0.14951,-0.18375,-0.85334,-0.62,0.82,0.23,-0.46443,-0.14951,-0.18375,-0.85334,-0.66,0.79,0.11,0.30438,-0.09767,-0.16312,-0.93338,-0.66,0.82,0.15,0.17961,-0.04425,-0.23375,-0.95454,-0.66,0.84,0.19,-0.23804,-0.1567,-0.2303,-0.93046,-0.65,0.83,0.21,-0.43825,-0.22868,-0.20979,-0.84358,-0.63,0.81,0.23,-0.43825,-0.22868,-0.20979,-0.84358,-0.67,0.79,0.11,0.23444,-0.02956,-0.39208,-0.88906,-0.67,0.81,0.15,0.1634,-0.06622,-0.30001,-0.9375,-0.67,0.82,0.18,-0.14416,-0.1383,-0.32905,-0.92294,-0.66,0.81,0.2,-0.25629,-0.22807,-0.31181,-0.88604,-0.65,0.81,0.22,-0.25629,-0.22807,-0.31181,-0.88604,-0.5,0.81,0.13,0.28252,0.23206,0.09778,-0.92562,-0.47,0.78,0.09,0.28252,0.23206,0.09778,-0.92562,-0.51,0.78,0.11,0.43305,0.32135,-0.56811,-0.62165,-0.54,0.79,0.12,0.2349,0.15241,-0.56485,-0.77623,-0.56,0.8,0.15,0.15279,0.12863,-0.64744,-0.73548,-0.57,0.8,0.17,0.15279,0.12863,-0.64744,-0.73548,-0.5,0.79,0.11,0.28252,0.23206,0.09778,-0.92562,-0.53,0.83,0.15,0.00564,0.30083,-0.05292,-0.95219,-0.55,0.83,0.18,-0.38563,0.25782,-0.1449,-0.87397,-0.56,0.81,0.19,-0.53193,0.20226,-0.18114,-0.80208,-0.56,0.79,0.2,-0.53193,0.20226,-0.18114,-0.80208,-0.49,0.79,0.11,0.28252,0.23206,0.09778,-0.92562,-0.51,0.83,0.16,0.08361,0.23609,0.06221,-0.96613,-0.53,0.84,0.19,-0.30742,0.24296,-0.02361,-0.91973,-0.54,0.82,0.21,-0.49378,0.22163,-0.01084,-0.8408,-0.55,0.8,0.22,-0.49378,0.22163,-0.01084,-0.8408,-0.47,0.79,0.12,0.28252,0.23206,0.09778,-0.92562,-0.49,0.82,0.16,0.15056,0.18005,0.14749,-0.96081,-0.5,0.84,0.2,-0.31129,0.24578,0.08646,-0.9139,-0.51,0.82,0.21,-0.5463,0.28144,0.04213,-0.78776,-0.53,0.8,0.22,-0.5463,0.28144,0.04213,-0.78776,-0.47,0.79,0.13,0.19478,0.15503,0.32169,-0.91353,-0.47,0.81,0.17,0.24759,0.08036,0.24657,-0.93351,-0.47,0.82,0.19,-0.28676,0.20158,0.24502,-0.90394,-0.48,0.82,0.21,-0.52599,0.3069,0.18711,-0.7708,-0.5,0.8,0.21,-0.52599,0.3069,0.18711,-0.7708,-0.6,0.8,0.21
51,-0.64,0.82,0.13,0.33416,-0.09052,-0.14125,-0.92747,-0.65,0.78,0.07,0.33416,-0.09052,-0.14125,-0.92747,-0.61,0.8,0.1,0.42753,-0.21344,0.54176,-0.69149,-0.59,0.81,0.12,0.16526,-0.02119,0.50945,-0.84422,-0.58,0.82,0.15,-0.00182,0.03947,0.57638,-0.81623,-0.58,0.82,0.18,-0.00182,0.03947,0.57638,-0.81623,-0.63,0.8,0.1,0.33416,-0.09052,-0.14125,-0.92747,-0.62,0.84,0.15,0.05899,-0.09564,-0.08571,-0.98996,-0.61,0.85,0.18,-0.29652,-0.12359,-0.072,-0.94425,-0.61,0.83,0.2,-0.44905,-0.10677,-0.06028,-0.88505,-0.6,0.82,0.21,-0.44905,-0.10677,-0.06028,-0.88505,-0.64,0.8,0.1,0.33416,-0.09052,-0.14125,-0.92747,-0.64,0.84,0.15,0.14331,-0.05993,-0.1598,-0.97485,-0.64,0.85,0.19,-0.27876,-0.12392,-0.13247,-0.94307,-0.63,0.84,0.21,-0.45982,-0.1369,-0.16631,-0.86149,-0.62,0.82,0.23,-0.45982,-0.1369,-0.16631,-0.86149,-0.66,0.79,0.11,0.33416,-0.09052,-0.14125,-0.92747,-0.66,0.83,0.15,0.19792,-0.04722,-0.2118,-0.9559,-0.66,0.84,0.19,-0.22289,-0.15102,-0.20893,-0.94014,-0.65,0.83,0.21,-0.42695,-0.21895,-0.18986,-0.85658,-0.64,0.82,0.22,-0.42695,-0.21895,-0.18986,-0.85658,-0.67,0.79,0.11,0.26793,-0.02923,-0.37399,-0.88741,-0.67,0.81,0.15,0.19275,-0.07814,-0.27551,-0.93853,-0.67,0.82,0.18,-0.11723,-0.14415,-0.30298,-0.93471,-0.67,0.82,0.2,-0.23582,-0.2317,-0.28321,-0.90028,-0.65,0.82,0.21,-0.23582,-0.2317,-0.28321,-0.90028,-0.49,0.81,0.13,0.2917,0.22585,0.11939,-0.92176,-0.47,0.78,0.09,0.2917,0.22585,0.11939,-0.92176,-0.51,0.79,0.11,0.44702,0.30161,-0.55092,-0.63695,-0.54,0.8,0.12,0.25764,0.14815,-0.5377,-0.78902,-0.56,0.8,0.15,0.18094,0.12982,-0.62194,-0.75073,-0.57,0.81,0.17,0.18094,0.12982,-0.62194,-0.75073,-0.5,0.79,0.11,0.2917,0.22585,0.11939,-0.92176,-0.52,0.83,0.15,0.00373,0.30916,-0.04221,-0.95007,-0.55,0.83,0.18,-0.39056,0.26908,-0.1397,-0.86922,-0.55,0.81,0.19,-0.53865,0.21377,-0.17885,-0.79509,-0.56,0.79,0.2,-0.53865,0.21377,-0.17885,-0.79509,-0.49,0.79,0.11,0.2917,0.22585,0.11939,-0.92176,-0.5,0.83,0.15,0.0904,0.23337,0.08483,-0.96445,-0.52,0.84,0.19,-0.31548,0.2494,-0.00582,-0.91555,-0.53,0.83,0.21,-0.51338,0.23019,0.003,-0.82671,-0.54,0.81,0.22,-0.51338,0.23019,0.003,-0.82671,-0.47,0.79,0.12,0.2917,0.22585,0.11939,-0.92176,-0.49,0.82,0.16,0.15037,0.17772,0.16888,-0.95775,-0.5,0.84,0.2,-0.32441,0.25502,0.10262,-0.90509,-0.51,0.82,0.21,-0.5663,0.29433,0.05248,-0.76806,-0.52,0.8,0.22,-0.5663,0.29433,0.05248,-0.76806,-0.46,0.79,0.13,0.20199,0.15185,0.34321,-0.90463,-0.47,0.81,0.17,0.23168,0.07867,0.26868,-0.93164,-0.47,0.83,0.19,-0.30539,0.21209,0.26317,-0.89022,-0.48,0.82,0.21,-0.5495,0.32405,0.19827,-0.74413,-0.5,0.8,0.21,-0.5495,0.32405,0.19827,-0.74413,-0.6,0.8,0.21
52,-0.64,0.82,0.13,0.34585,-0.07893,-0.13311,-0.92544,-0.65,0.78,0.07,0.34585,-0.07893,-0.13311,-0.92544,-0.62,0.8,0.1,0.42069,-0.18456,0.55667,-0.69216,-0.59,0.81,0.12,0.1535,0.01645,0.51408,-0.84374,-0.59,0.82,0.15,-0.02915,0.08537,0.57164,-0.81553,-0.59,0.82,0.18,-0.02915,0.08537,0.57164,-0.81553,-0.63,0.8,0.1,0.34585,-0.07893,-0.13311,-0.92544,-0.62,0.84,0.14,0.05758,-0.07535,-0.08524,-0.99184,-0.62,0.85,0.18,-0.31244,-0.10563,-0.07714,-0.94089,-0.61,0.83,0.2,-0.46695,-0.08995,-0.06747,-0.87711,-0.61,0.82,0.21,-0.46695,-0.08995,-0.06747,-0.87711,-0.64,0.8,0.1,0.34585,-0.07893,-0.13311,-0.92544,-0.64,0.84,0.15,0.13249,-0.05362,-0.15199,-0.97799,-0.64,0.85,0.19,-0.28472,-0.11409,-0.12868,-0.94306,-0.63,0.84,0.21,-0.45705,-0.12508,-0.16489,-0.86503,-0.62,0.82,0.22,-0.45705,-0.12508,-0.16489,-0.86503,-0.66,0.79,0.11,0.34585,-0.07893,-0.13311,-0.92544,-0.66,0.83,0.15,0.18995,-0.0456,-0.20256,-0.95959,-0.66,0.84,0.18,-0.2192,-0.14277,-0.20312,-0.94356,-0.65,0.84,0.21,-0.4138,-0.20792,-0.18771,-0.8662,-0.64,0.82,0.22,-0.4138,-0.20792,-0.18771,-0.8662,-0.67,0.79,0.11,0.28283,-0.02057,-0.36755,-0.88571,-0.68,0.81,0.15,0.20106,-0.08029,-0.26495,-0.93964,-0.67,0.83,0.18,-0.1036,-0.14165,-0.29324,-0.9398,-0.67,0.82,0.2,-0.21964,-0.22693,-0.27406,-0.90838,-0.66,0.82,0.21,-0.21964,-0.22693,-0.27406,-0.90838,-0.49,0.81,0.14,0.29116,0.22711,0.13122,-0.92002,-0.47,0.78,0.09,0.29116,0.22711,0.13122,-0.92002,-0.51,0.79,0.11,0.45074,0.28984,-0.54323,-0.64632,-0.54,0.8,0.12,0.26322,0.14153,-0.52527,-0.79673,-0.55,0.81,0.15,0.17989,0.11936,-0.6105,-0.76203,-0.56,0.81,0.17,0.17989,0.11936,-0.6105,-0.76203,-0.5,0.79,0.11,0.29116,0.22711,0.13122,-0.92002,-0.52,0.83,0.15,-0.02632,0.31302,-0.04288,-0.94841,-0.54,0.83,0.18,-0.42867,0.26967,-0.14539,-0.84993,-0.55,0.81,0.19,-0.57575,0.21243,-0.18669,-0.76716,-0.55,0.79,0.2,-0.57575,0.21243,-0.18669,-0.76716,-0.48,0.79,0.11,0.29116,0.22711,0.13122,-0.92002,-0.5,0.83,0.16,0.0839,0.23855,0.09409,-0.96291,-0.52,0.84,0.19,-0.34179,0.25775,-0.00541,-0.90372,-0.53,0.83,0.21,-0.54846,0.23595,-0.00102,-0.80219,-0.54,0.8,0.22,-0.54846,0.23595,-0.00102,-0.80219,-0.47,0.79,0.12,0.29116,0.22711,0.13122,-0.92002,-0.48,0.82,0.16,0.14779,0.18166,0.17966,-0.95545,-0.49,0.84,0.2,-0.33527,0.26452,0.1076,-0.8978,-0.51,0.82,0.21,-0.58055,0.3045,0.05293,-0.75329,-0.52,0.8,0.22,-0.58055,0.3045,0.05293,-0.75329,-0.46,0.79,0.13,0.19957,0.15342,0.35421,-0.90065,-0.47,0.81,0.17,0.22268,0.08231,0.27966,-0.93028,-0.47,0.82,0.19,-0.31478,0.22084,0.26989,-0.88278,-0.48,0.82,0.21,-0.55682,0.33433,0.20205,-0.73304,-0.5,0.8,0.21,-0.55682,0.33433,0.20205,-0.73304,-0.6,0.8,0.21
53,-0.65,0.82,0.13,0.33402,-0.06122,-0.14338,-0.92958,-0.65,0.78,0.07,0.33402,-0.06122,-0.14338,-0.92958,-0.62,0.8,0.11,0.40626,-0.1664,0.54838,-0.71172,-0.59,0.81,0.13,0.1367,0.03086,0.49886,-0.85528,-0.59,0.82,0.16,-0.03402,0.08522,0.55698,-0.82544,-0.6,0.82,0.18,-0.03402,0.08522,0.55698,-0.82544,-0.63,0.8,0.1,0.33402,-0.06122,-0.14338,-0.92958,-0.62,0.84,0.15,0.03632,-0.05683,-0.10283,-0.99241,-0.62,0.84,0.19,-0.34879,-0.09614,-0.09861,-0.92703,-0.61,0.83,0.2,-0.50582,-0.08442,-0.08852,-0.85392,-0.61,0.81,0.21,-0.50582,-0.08442,-0.08852,-0.85392,-0.64,0.8,0.11,0.33402,-0.06122,-0.14338,-0.92958,-0.65,0.84,0.15,0.10882,-0.0417,-0.16356,-0.97962,-0.64,0.85,0.19,-0.30422,-0.10733,-0.14448,-0.93545,-0.64,0.83,0.21,-0.46765,-0.11905,-0.18159,-0.85683,-0.63,0.82,0.23,-0.46765,-0.11905,-0.18159,-0.85683,-0.66,0.79,0.11,0.33402,-0.06122,-0.14338,-0.92958,-0.66,0.83,0.15,0.16854,-0.0364,-0.21162,-0.96202,-0.66,0.84,0.19,-0.23087,-0.13538,-0.2165,-0.93888,-0.65,0.83,0.21,-0.41428,-0.20145,-0.20411,-0.86379,-0.64,0.82,0.22,-0.41428,-0.20145,-0.20411,-0.86379,-0.67,0.79,0.11,0.27352,-0.00058,-0.37701,-0.8849,-0.68,0.81,0.15,0.1886,-0.06953,-0.27448,-0.94035,-0.68,0.82,0.18,-0.10709,-0.13087,-0.306,-0.93689,-0.67,0.82,0.2,-0.21466,-0.21565,-0.28979,-0.90744,-0.66,0.82,0.22,-0.21466,-0.21565,-0.28979,-0.90744,-0.49,0.81,0.14,0.28185,0.21593,0.14608,-0.92336,-0.47,0.78,0.09,0.28185,0.21593,0.14608,-0.92336,-0.51,0.79,0.11,0.43774,0.28126,-0.53821,-0.66303,-0.54,0.8,0.12,0.24797,0.1336,-0.51715,-0.80822,-0.55,0.81,0.15,0.16274,0.11333,-0.60196,-0.77351,-0.56,0.81,0.17,0.16274,0.11333,-0.60196,-0.77351,-0.5,0.8,0.11,0.28185,0.21593,0.14608,-0.92336,-0.52,0.83,0.15,-0.02116,0.29831,-0.01107,-0.95417,-0.54,0.83,0.18,-0.42271,0.27017,-0.10923,-0.85813,-0.55,0.81,0.19,-0.5665,0.22037,-0.14921,-0.77991,-0.55,0.79,0.2,-0.5665,0.22037,-0.14921,-0.77991,-0.48,0.79,0.12,0.28185,0.21593,0.14608,-0.92336,-0.5,0.83,0.16,0.05369,0.23092,0.10702,-0.96558,-0.52,0.84,0.2,-0.38487,0.25616,0.00538,-0.8867,-0.53,0.82,0.21,-0.58467,0.23397,0.00949,-0.77674,-0.54,0.8,0.22,-0.58467,0.23397,0.00949,-0.77674,-0.47,0.79,0.12,0.28185,0.21593,0.14608,-0.92336,-0.48,0.82,0.17,0.10204,0.17847,0.18844,-0.96033,-0.49,0.83,0.2,-0.38099,0.26456,0.11666,-0.87821,-0.51,0.82,0.22,-0.61483,0.30567,0.06379,-0.72421,-0.52,0.8,0.22,-0.61483,0.30567,0.06379,-0.72421,-0.46,0.79,0.13,0.19073,0.14047,0.36818,-0.89907,-0.47,0.81,0.17,0.19291,0.07931,0.2918,-0.93346,-0.47,0.82,0.2,-0.33675,0.22085,0.28252,-0.87064,-0.48,0.81,0.21,-0.56011,0.33422,0.22057,-0.72521,-0.5,0.8,0.22,-0.56011,0.33422,0.22057,-0.72521,-0.6,0.8,0.21
54,-0.65,0.82,0.13,0.32852,-0.05479,-0.14798,-0.93122,-0.65,0.78,0.08,0.32852,-0.05479,-0.14798,-0.93122,-0.62,0.8,0.11,0.40578,-0.15666,0.53972,-0.72077,-0.6,0.81,0.13,0.13745,0.03503,0.48658,-0.86205,-0.59,0.82,0.16,-0.01765,0.07604,0.54781,-0.83296,-0.6,0.82,0.18,-0.01765,0.07604,0.54781,-0.83296,-0.63,0.8,0.11,0.32852,-0.05479,-0.14798,-0.93122,-0.63,0.84,0.15,0.02962,-0.05284,-0.10844,-0.99226,-0.62,0.84,0.19,-0.36538,-0.09565,-0.10422,-0.92005,-0.62,0.83,0.2,-0.5245,-0.0852,-0.09323,-0.84199,-0.61,0.81,0.21,-0.5245,-0.0852,-0.09323,-0.84199,-0.64,0.8,0.11,0.32852,-0.05479,-0.14798,-0.93122,-0.65,0.84,0.15,0.10342,-0.03885,-0.16772,-0.97962,-0.65,0.85,0.19,-0.31309,-0.10701,-0.14899,-0.93184,-0.64,0.83,0.21,-0.47715,-0.1192,-0.18587,-0.85063,-0.63,0.81,0.23,-0.47715,-0.1192,-0.18587,-0.85063,-0.66,0.79,0.11,0.32852,-0.05479,-0.14798,-0.93122,-0.66,0.83,0.15,0.16301,-0.03446,-0.215,-0.9623,-0.66,0.84,0.19,-0.23797,-0.1352,-0.22019,-0.93627,-0.66,0.83,0.21,-0.42096,-0.20194,-0.20786,-0.85954,-0.64,0.81,0.23,-0.42096,-0.20194,-0.20786,-0.85954,-0.67,0.79,0.11,0.26886,0.00692,-0.38115,-0.88453,-0.68,0.81,0.15,0.18389,-0.06688,-0.2782,-0.94038,-0.68,0.82,0.18,-0.11036,-0.12874,-0.31029,-0.9354,-0.67,0.82,0.2,-0.21631,-0.21368,-0.2947,-0.90593,-0.66,0.81,0.22,-0.21631,-0.21368,-0.2947,-0.90593,-0.49,0.81,0.14,0.27273,0.18845,0.15531,-0.93058,-0.47,0.78,0.09,0.27273,0.18845,0.15531,-0.93058,-0.51,0.79,0.11,0.43319,0.27259,-0.51752,-0.68572,-0.53,0.8,0.13,0.2374,0.12931,-0.49337,-0.82675,-0.55,0.81,0.16,0.15477,0.11505,-0.57876,-0.79237,-0.56,0.82,0.18,0.15477,0.11505,-0.57876,-0.79237,-0.5,0.8,0.12,0.27273,0.18845,0.15531,-0.93058,-0.52,0.83,0.16,0.09933,0.24094,0.06613,-0.96318,-0.53,0.84,0.19,-0.3043,0.25329,-0.0125,-0.9182,-0.54,0.83,0.21,-0.46242,0.22109,-0.04739,-0.85734,-0.55,0.81,0.22,-0.46242,0.22109,-0.04739,-0.85734,-0.48,0.79,0.12,0.27273,0.18845,0.15531,-0.93058,-0.49,0.83,0.17,0.04839,0.20039,0.12615,-0.97035,-0.51,0.84,0.2,-0.38336,0.23696,0.03828,-0.89186,-0.52,0.82,0.22,-0.57338,0.22271,0.04775,-0.78699,-0.53,0.8,0.23,-0.57338,0.22271,0.04775,-0.78699,-0.47,0.79,0.13,0.27273,0.18845,0.15531,-0.93058,-0.48,0.82,0.17,0.08914,0.15234,0.20116,-0.96353,-0.49,0.83,0.21,-0.38368,0.24605,0.14302,-0.87852,-0.5,0.82,0.22,-0.60433,0.29455,0.09822,-0.73374,-0.52,0.8,0.23,-0.60433,0.29455,0.09822,-0.73374,-0.46,0.79,0.13,0.18617,0.11113,0.37784,-0.90013,-0.46,0.81,0.17,0.18349,0.06325,0.29882,-0.93436,-0.46,0.82,0.2,-0.33936,0.20866,0.29773,-0.86756,-0.47,0.81,0.21,-0.55088,0.32388,0.24276,-0.72986,-0.49,0.8,0.22,-0.55088,0.32388,0.24276,-0.72986,-0.6,0.8,0.21
55,-0.64,0.82,0.13,0.32732,-0.0595,-0.14595,-0.93168,-0.65,0.78,0.08,0.32732,-0.0595,-0.14595,-0.93168,-0.62,0.79,0.11,0.41435,-0.15232,0.53397,-0.7211,-0.59,0.81,0.13,0.1539,0.03168,0.47912,-0.86357,-0.59,0.82,0.16,0.02546,0.05552,0.54614,-0.83547,-0.59,0.82,0.18,0.02546,0.05552,0.54614,-0.83547,-0.63,0.8,0.11,0.32732,-0.0595,-0.14595,-0.93168,-0.62,0.84,0.15,0.03141,-0.05998,-0.10294,-0.99238,-0.62,0.84,0.19,-0.36526,-0.10022,-0.09621,-0.92048,-0.61,0.82,0.2,-0.52415,-0.08826,-0.08457,-0.8428,-0.61,0.81,0.21,-0.52415,-0.08826,-0.08457,-0.8428,-0.64,0.79,0.11,0.32732,-0.0595,-0.14595,-0.93168,-0.65,0.84,0.15,0.10675,-0.04674,-0.16237,-0.97982,-0.64,0.85,0.19,-0.31527,-0.11276,-0.14026,-0.93178,-0.63,0.83,0.21,-0.48099,-0.12337,-0.17623,-0.84993,-0.63,0.81,0.23,-0.48099,-0.12337,-0.17623,-0.84993,-0.66,0.79,0.11,0.32732,-0.0595,-0.14595,-0.93168,-0.66,0.82,0.15,0.1644,-0.04218,-0.21049,-0.96275,-0.66,0.84,0.19,-0.24055,-0.14123,-0.21253,-0.93649,-0.65,0.83,0.21,-0.42436,-0.20632,-0.19913,-0.85889,-0.64,0.81,0.23,-0.42436,-0.20632,-0.19913,-0.85889,-0.67,0.79,0.11,0.26699,0.00272,-0.37902,-0.88603,-0.68,0.81,0.15,0.18074,-0.07387,-0.27459,-0.94153,-0.68,0.82,0.18,-0.1143,-0.13422,-0.30476,-0.93597,-0.67,0.82,0.2,-0.21975,-0.21818,-0.28885,-0.90591,-0.66,0.81,0.22,-0.21975,-0.21818,-0.28885,-0.90591,-0.49,0.81,0.15,0.23467,0.17915,0.11214,-0.94882,-0.47,0.78,0.09,0.23467,0.17915,0.11214,-0.94882,-0.51,0.79,0.11,0.43693,0.30526,-0.48769,-0.69143,-0.54,0.8,0.13,0.24528,0.1744,-0.46995,-0.8298,-0.56,0.8,0.16,0.17668,0.16753,-0.55857,-0.79292,-0.57,0.81,0.18,0.17668,0.16753,-0.55857,-0.79292,-0.5,0.79,0.12,0.23467,0.17915,0.11214,-0.94882,-0.52,0.82,0.17,0.09197,0.19986,0.04563,-0.97443,-0.54,0.83,0.2,-0.31746,0.20726,-0.01497,-0.92522,-0.54,0.82,0.22,-0.48972,0.17441,-0.0452,-0.85306,-0.55,0.8,0.23,-0.48972,0.17441,-0.0452,-0.85306,-0.49,0.79,0.12,0.23467,0.17915,0.11214,-0.94882,-0.5,0.82,0.17,0.06219,0.1678,0.09887,-0.97888,-0.51,0.83,0.21,-0.34597,0.19497,0.03411,-0.91713,-0.52,0.81,0.23,-0.5235,0.18337,0.05559,-0.8302,-0.53,0.79,0.24,-0.5235,0.18337,0.05559,-0.8302,-0.47,0.79,0.13,0.23467,0.17915,0.11214,-0.94882,-0.48,0.81,0.17,0.11662,0.12098,0.16746,-0.97145,-0.49,0.82,0.21,-0.3513,0.20223,0.13055,-0.90479,-0.5,0.81,0.23,-0.56799,0.24952,0.10026,-0.77787,-0.51,0.79,0.24,-0.56799,0.24952,0.10026,-0.77787,-0.46,0.78,0.13,0.15697,0.09091,0.33465,-0.92472,-0.46,0.8,0.18,0.21949,0.03763,0.25115,-0.94198,-0.46,0.81,0.2,-0.31313,0.16571,0.27124,-0.89494,-0.47,0.8,0.22,-0.53864,0.27764,0.22664,-0.76251,-0.49,0.79,0.23,-0.53864,0.27764,0.22664,-0.76251,-0.6,0.8,0.21
56,-0.64,0.81,0.13,0.32598,-0.06649,-0.14904,-0.93118,-0.65,0.78,0.08,0.32598,-0.06649,-0.14904,-0.93118,-0.61,0.79,0.11,0.42221,-0.1498,0.52671,-0.72241,-0.59,0.81,0.13,0.16656,0.02779,0.47086,-0.8659,-0.59,0.82,0.16,0.04189,0.04938,0.53975,-0.83933,-0.59,0.82,0.18,0.04189,0.04938,0.53975,-0.83933,-0.63,0.8,0.11,0.32598,-0.06649,-0.14904,-0.93118,-0.62,0.84,0.15,0.03485,-0.06932,-0.1028,-0.99167,-0.62,0.84,0.19,-0.35704,-0.10831,-0.09295,-0.92312,-0.61,0.82,0.2,-0.51542,-0.09561,-0.08034,-0.84779,-0.61,0.8,0.22,-0.51542,-0.09561,-0.08034,-0.84779,-0.64,0.79,0.11,0.32598,-0.06649,-0.14904,-0.93118,-0.64,0.83,0.15,0.11099,-0.05546,-0.16295,-0.9788,-0.64,0.84,0.19,-0.30929,-0.1207,-0.13734,-0.93323,-0.63,0.83,0.21,-0.47416,-0.13078,-0.17208,-0.8535,-0.62,0.81,0.23,-0.47416,-0.13078,-0.17208,-0.8535,-0.66,0.79,0.11,0.32598,-0.06649,-0.14904,-0.93118,-0.66,0.82,0.15,0.16832,-0.05043,-0.21169,-0.96141,-0.66,0.84,0.19,-0.23631,-0.1493,-0.21024,-0.93684,-0.65,0.83,0.21,-0.41859,-0.21346,-0.19542,-0.86083,-0.64,0.81,0.23,-0.41859,-0.21346,-0.19542,-0.86083,-0.67,0.78,0.11,0.26383,-0.00389,-0.3816,-0.88587,-0.68,0.81,0.15,0.18043,-0.08215,-0.27593,-0.94051,-0.67,0.82,0.18,-0.11166,-0.1415,-0.3039,-0.9355,-0.67,0.82,0.2,-0.21369,-0.22421,-0.28761,-0.90628,-0.66,0.81,0.22,-0.21369,-0.22421,-0.28761,-0.90628,-0.5,0.8,0.15,0.21831,0.1819,0.06958,-0.95625,-0.48,0.78,0.09,0.21831,0.1819,0.06958,-0.95625,-0.52,0.78,0.12,0.43493,0.30862,-0.49301,-0.68741,-0.54,0.79,0.13,0.27024,0.192,-0.46865,-0.81883,-0.56,0.8,0.16,0.22504,0.19696,-0.55559,-0.77581,-0.58,0.81,0.18,0.22504,0.19696,-0.55559,-0.77581,-0.51,0.79,0.12,0.21831,0.1819,0.06958,-0.95625,-0.53,0.82,0.17,0.07346,0.20368,0.00048,-0.97628,-0.54,0.82,0.2,-0.33016,0.19223,-0.05653,-0.92242,-0.55,0.81,0.22,-0.50569,0.15119,-0.08453,-0.84515,-0.55,0.79,0.23,-0.50569,0.15119,-0.08453,-0.84515,-0.49,0.79,0.12,0.21831,0.1819,0.06958,-0.95625,-0.51,0.82,0.17,0.05132,0.1648,0.05607,-0.98339,-0.52,0.82,0.21,-0.3517,0.1746,-0.00251,-0.91968,-0.53,0.81,0.23,-0.53306,0.15603,0.02334,-0.83124,-0.54,0.79,0.24,-0.53306,0.15603,0.02334,-0.83124,-0.47,0.79,0.13,0.21831,0.1819,0.06958,-0.95625,-0.49,0.81,0.18,0.1143,0.12008,0.12456,-0.97826,-0.5,0.82,0.21,-0.3606,0.18181,0.09272,-0.91012,-0.51,0.8,0.23,-0.58659,0.22044,0.06769,-0.77636,-0.52,0.78,0.24,-0.58659,0.22044,0.06769,-0.77636,-0.47,0.78,0.13,0.1464,0.08836,0.29264,-0.94081,-0.47,0.8,0.18,0.23878,0.03426,0.20715,-0.9481,-0.47,0.81,0.2,-0.31394,0.14489,0.23478,-0.90848,-0.48,0.8,0.22,-0.57268,0.25406,0.18986,-0.75594,-0.49,0.79,0.23,-0.57268,0.25406,0.18986,-0.75594,-0.6,0.8,0.21
57,-0.64,0.81,0.13,0.32256,-0.06912,-0.15161,-0.93177,-0.65,0.78,0.08,0.32256,-0.06912,-0.15161,-0.93177,-0.61,0.79,0.11,0.42361,-0.14774,0.52233,-0.72519,-0.59,0.81,0.13,0.17003,0.02659,0.46567,-0.86806,-0.59,0.82,0.16,0.04482,0.04818,0.53501,-0.84228,-0.59,0.82,0.18,0.04482,0.04818,0.53501,-0.84228,-0.63,0.8,0.11,0.32256,-0.06912,-0.15161,-0.93177,-0.62,0.83,0.15,0.03451,-0.07262,-0.10451,-0.99127,-0.62,0.84,0.19,-0.35286,-0.11156,-0.09377,-0.92426,-0.61,0.82,0.2,-0.50986,-0.09881,-0.08093,-0.85072,-0.6,0.8,0.22,-0.50986,-0.09881,-0.08093,-0.85072,-0.64,0.79,0.11,0.32256,-0.06912,-0.15161,-0.93177,-0.64,0.83,0.15,0.11073,-0.05875,-0.16451,-0.97838,-0.64,0.84,0.19,-0.30962,-0.12438,-0.13734,-0.93263,-0.63,0.83,0.21,-0.47341,-0.13419,-0.17147,-0.85351,-0.62,0.81,0.23,-0.47341,-0.13419,-0.17147,-0.85351,-0.66,0.79,0.11,0.32256,-0.06912,-0.15161,-0.93177,-0.66,0.82,0.15,0.16928,-0.05377,-0.21324,-0.96072,-0.66,0.83,0.19,-0.23636,-0.15324,-0.21011,-0.93622,-0.65,0.82,0.21,-0.41757,-0.21709,-0.19465,-0.86059,-0.64,0.81,0.23,-0.41757,-0.21709,-0.19465,-0.86059,-0.67,0.78,0.11,0.2596,-0.0057,-0.38368,-0.88621,-0.68,0.81,0.15,0.17924,-0.08629,-0.27715,-0.94001,-0.67,0.82,0.18,-0.10946,-0.14464,-0.30419,-0.93518,-0.67,0.81,0.2,-0.20932,-0.2267,-0.28782,-0.90662,-0.66,0.81,0.22,-0.20932,-0.2267,-0.28782,-0.90662,-0.5,0.8,0.15,0.20283,0.17214,0.03653,-0.96327,-0.48,0.78,0.09,0.20283,0.17214,0.03653,-0.96327,-0.52,0.78,0.12,0.41946,0.31576,-0.50476,-0.68525,-0.55,0.79,0.13,0.27956,0.21006,-0.47486,-0.80761,-0.57,0.8,0.16,0.26153,0.23106,-0.55686,-0.75374,-0.58,0.8,0.18,0.26153,0.23106,-0.55686,-0.75374,-0.51,0.79,0.12,0.20283,0.17214,0.03653,-0.96327,-0.53,0.81,0.17,0.17906,0.21405,-0.00649,-0.96025,-0.55,0.83,0.2,-0.08009,0.2095,-0.03612,-0.97385,-0.56,0.82,0.22,-0.2362,0.17718,-0.05414,-0.95388,-0.56,0.81,0.24,-0.2362,0.17718,-0.05414,-0.95388,-0.49,0.79,0.12,0.20283,0.17214,0.03653,-0.96327,-0.51,0.82,0.18,0.10401,0.1491,0.03484,-0.98272,-0.52,0.83,0.22,-0.26894,0.15284,-0.01022,-0.9509,-0.53,0.81,0.24,-0.46505,0.13836,0.02078,-0.87416,-0.54,0.79,0.25,-0.46505,0.13836,0.02078,-0.87416,-0.48,0.79,0.13,0.20283,0.17214,0.03653,-0.96327,-0.49,0.81,0.18,0.13293,0.10411,0.09518,-0.98104,-0.5,0.82,0.21,-0.34381,0.15467,0.07433,-0.92323,-0.51,0.81,0.23,-0.59628,0.1904,0.05316,-0.77806,-0.52,0.78,0.24,-0.59628,0.1904,0.05316,-0.77806,-0.47,0.79,0.13,0.13795,0.07412,0.2601,-0.9528,-0.47,0.8,0.18,0.24837,0.0163,0.17189,-0.95315,-0.47,0.81,0.2,-0.31319,0.113,0.21484,-0.91814,-0.48,0.8,0.22,-0.61072,0.2248,0.17246,-0.73942,-0.49,0.79,0.22,-0.61072,0.2248,0.17246,-0.73942,-0.6,0.8,0.21
58,-0.64,0.81,0.13,0.30969,-0.06846,-0.14904,-0.93659,-0.65,0.78,0.08,0.30969,-0.06846,-0.14904,-0.93659,-0.62,0.79,0.11,0.4113,-0.15264,0.52503,-0.7293,-0.59,0.8,0.13,0.15802,0.02334,0.46993,-0.86813,-0.59,0.81,0.16,0.03075,0.04591,0.53867,-0.8407,-0.59,0.82,0.18,0.03075,0.04591,0.53867,-0.8407,-0.63,0.79,0.11,0.30969,-0.06846,-0.14904,-0.93659,-0.62,0.83,0.15,0.02531,-0.07062,-0.10244,-0.99191,-0.62,0.84,0.19,-0.35784,-0.1083,-0.09313,-0.92279,-0.61,0.82,0.21,-0.51306,-0.09529,-0.08091,-0.8492,-0.61,0.8,0.22,-0.51306,-0.09529,-0.08091,-0.8492,-0.64,0.79,0.11,0.30969,-0.06846,-0.14904,-0.93659,-0.64,0.83,0.15,0.10181,-0.05682,-0.16165,-0.97994,-0.64,0.84,0.19,-0.31984,-0.12153,-0.13538,-0.92984,-0.63,0.83,0.22,-0.48248,-0.13037,-0.16997,-0.84931,-0.62,0.81,0.23,-0.48248,-0.13037,-0.16997,-0.84931,-0.66,0.79,0.11,0.30969,-0.06846,-0.14904,-0.93659,-0.66,0.82,0.15,0.16091,-0.05171,-0.21017,-0.96294,-0.66,0.83,0.19,-0.24676,-0.15021,-0.20807,-0.93448,-0.65,0.82,0.21,-0.42752,-0.21353,-0.19354,-0.85684,-0.64,0.81,0.23,-0.42752,-0.21353,-0.19354,-0.85684,-0.67,0.78,0.11,0.24755,-0.00168,-0.38039,-0.89108,-0.68,0.8,0.15,0.1696,-0.08489,-0.27394,-0.94286,-0.67,0.81,0.18,-0.11787,-0.14126,-0.30156,-0.93553,-0.67,0.81,0.2,-0.21782,-0.22303,-0.28605,-0.90608,-0.66,0.81,0.22,-0.21782,-0.22303,-0.28605,-0.90608,-0.5,0.8,0.15,0.1774,0.17499,0.01274,-0.96837,-0.48,0.78,0.09,0.1774,0.17499,0.01274,-0.96837,-0.52,0.78,0.12,0.39983,0.34309,-0.50852,-0.68105,-0.55,0.79,0.13,0.27222,0.24301,-0.48024,-0.79763,-0.57,0.79,0.15,0.26823,0.27196,-0.55806,-0.73666,-0.59,0.8,0.17,0.26823,0.27196,-0.55806,-0.73666,-0.51,0.79,0.12,0.1774,0.17499,0.01274,-0.96837,-0.53,0.81,0.17,0.13831,0.25566,-0.03945,-0.95601,-0.55,0.82,0.2,-0.05751,0.24468,-0.06307,-0.96584,-0.56,0.82,0.22,-0.16319,0.21215,-0.07396,-0.96067,-0.57,0.81,0.24,-0.16319,0.21215,-0.07396,-0.96067,-0.49,0.79,0.12,0.1774,0.17499,0.01274,-0.96837,-0.51,0.81,0.18,0.13584,0.14265,0.0202,-0.9802,-0.52,0.83,0.22,-0.22447,0.14214,-0.01944,-0.96386,-0.53,0.81,0.24,-0.43573,0.12856,0.01382,-0.89074,-0.54,0.8,0.25,-0.43573,0.12856,0.01382,-0.89074,-0.48,0.79,0.13,0.1774,0.17499,0.01274,-0.96837,-0.49,0.81,0.18,0.17487,0.09033,0.07791,-0.97734,-0.5,0.82,0.21,-0.30949,0.13642,0.06423,-0.93887,-0.51,0.81,0.23,-0.58948,0.17116,0.0451,-0.78815,-0.51,0.79,0.24,-0.58948,0.17116,0.0451,-0.78815,-0.47,0.79,0.13,0.11598,0.07045,0.23452,-0.96259,-0.47,0.8,0.18,0.2344,0.00413,0.14441,-0.96135,-0.47,0.81,0.2,-0.3233,0.08575,0.19915,-0.92112,-0.48,0.8,0.22,-0.63648,0.19661,0.16487,-0.72736,-0.49,0.78,0.22,-0.63648,0.19661,0.16487,-0.72736,-0.6,0.8,0.21
59,-0.64,0.81,0.13,0.28817,-0.06968,-0.14972,-0.94323,-0.65,0.78,0.08,0.28817,-0.06968,-0.14972,-0.94323,-0.62,0.79,0.11,0.39482,-0.16512,0.52363,-0.73666,-0.59,0.8,0.13,0.13922,0.01264,0.47272,-0.87005,-0.59,0.81,0.16,0.01149,0.03481,0.54173,-0.83975,-0.59,0.82,0.18,0.01149,0.03481,0.54173,-0.83975,-0.63,0.8,0.11,0.28817,-0.06968,-0.14972,-0.94323,-0.62,0.83,0.15,0.00854,-0.07034,-0.10339,-0.99211,-0.62,0.83,0.19,-0.36508,-0.10711,-0.09516,-0.91988,-0.61,0.82,0.21,-0.51681,-0.09408,-0.08329,-0.84683,-0.61,0.8,0.22,-0.51681,-0.09408,-0.08329,-0.84683,-0.64,0.79,0.11,0.28817,-0.06968,-0.14972,-0.94323,-0.64,0.83,0.15,0.08173,-0.05628,-0.16166,-0.98184,-0.64,0.84,0.2,-0.33612,-0.12038,-0.13601,-0.92414,-0.63,0.82,0.22,-0.49413,-0.12787,-0.17074,-0.84282,-0.62,0.8,0.23,-0.49413,-0.12787,-0.17074,-0.84282,-0.66,0.79,0.11,0.28817,-0.06968,-0.14972,-0.94323,-0.66,0.82,0.16,0.143,-0.04981,-0.2103,-0.96584,-0.66,0.83,0.19,-0.26296,-0.14756,-0.20945,-0.93017,-0.65,0.82,0.21,-0.44036,-0.21047,-0.19619,-0.85047,-0.64,0.8,0.23,-0.44036,-0.21047,-0.19619,-0.85047,-0.67,0.78,0.11,0.22625,0.00252,-0.37939,-0.89715,-0.68,0.8,0.15,0.15396,-0.08134,-0.27454,-0.94568,-0.67,0.81,0.18,-0.13312,-0.13688,-0.30288,-0.93371,-0.67,0.81,0.2,-0.2322,-0.21866,-0.28873,-0.90272,-0.66,0.8,0.22,-0.2322,-0.21866,-0.28873,-0.90272,-0.5,0.81,0.15,0.14799,0.18584,0.00643,-0.97135,-0.48,0.79,0.09,0.14799,0.18584,0.00643,-0.97135,-0.52,0.79,0.11,0.38537,0.3675,-0.49788,-0.68451,-0.55,0.79,0.13,0.27216,0.27827,-0.46731,-0.7938,-0.57,0.8,0.15,0.27665,0.31002,-0.54301,-0.72972,-0.59,0.8,0.17,0.27665,0.31002,-0.54301,-0.72972,-0.51,0.79,0.12,0.14799,0.18584,0.00643,-0.97135,-0.53,0.81,0.17,0.02593,0.29215,-0.07624,-0.95298,-0.56,0.81,0.2,-0.16878,0.27023,-0.1068,-0.94185,-0.57,0.8,0.22,-0.2738,0.23115,-0.12412,-0.92531,-0.57,0.79,0.24,-0.2738,0.23115,-0.12412,-0.92531,-0.49,0.79,0.12,0.14799,0.18584,0.00643,-0.97135,-0.51,0.82,0.18,0.11569,0.14941,0.0144,-0.98188,-0.53,0.83,0.21,-0.25296,0.14587,-0.02861,-0.95599,-0.53,0.81,0.24,-0.49036,0.12694,0.00246,-0.86222,-0.54,0.79,0.25,-0.49036,0.12694,0.00246,-0.86222,-0.48,0.8,0.13,0.14799,0.18584,0.00643,-0.97135,-0.49,0.81,0.18,0.18335,0.0907,0.07346,-0.97609,-0.5,0.83,0.21,-0.31623,0.13579,0.05819,-0.93711,-0.51,0.81,0.23,-0.61684,0.16827,0.03678,-0.76801,-0.51,0.79,0.24,-0.61684,0.16827,0.03678,-0.76801,-0.47,0.79,0.13,0.08609,0.07434,0.2247,-0.96777,-0.47,0.8,0.18,0.21521,0.0075,0.13338,-0.96739,-0.47,0.82,0.2,-0.33063,0.07875,0.18878,-0.92133,-0.48,0.8,0.22,-0.66474,0.1899,0.15376,-0.70599,-0.49,0.78,0.22,-0.66474,0.1899,0.15376,-0.70599,-0.6,0.8,0.21
60,-0.64,0.81,0.13,0.27747,-0.07007,-0.14647,-0.94691,-0.65,0.78,0.07,0.27747,-0.07007,-0.14647,-0.94691,-0.62,0.79,0.11,0.38508,-0.17043,0.5263,-0.7387,-0.6,0.8,0.13,0.12997,0.00886,0.47714,-0.86912,-0.59,0.81,0.16,0.00408,0.02989,0.54618,-0.83712,-0.59,0.81,0.18,0.00408,0.02989,0.54618,-0.83712,-0.63,0.8,0.11,0.27747,-0.07007,-0.14647,-0.94691,-0.62,0.83,0.15,0.00018,-0.06567,-0.10231,-0.99258,-0.62,0.83,0.19,-0.36588,-0.10141,-0.09673,-0.92005,-0.61,0.82,0.21,-0.51415,-0.08832,-0.0862,-0.84877,-0.61,0.8,0.22,-0.51415,-0.08832,-0.0862,-0.84877,-0.64,0.79,0.11,0.27747,-0.07007,-0.14647,-0.94691,-0.64,0.83,0.15,0.06884,-0.05319,-0.1591,-0.98342,-0.64,0.84,0.2,-0.34108,-0.11526,-0.13592,-0.92299,-0.63,0.82,0.22,-0.4906,-0.12137,-0.17185,-0.84561,-0.62,0.8,0.23,-0.4906,-0.12137,-0.17185,-0.84561,-0.66,0.79,0.11,0.27747,-0.07007,-0.14647,-0.94691,-0.66,0.82,0.16,0.13049,-0.04681,-0.20744,-0.96838,-0.66,0.83,0.19,-0.26932,-0.14187,-0.20908,-0.92931,-0.65,0.82,0.21,-0.43963,-0.20345,-0.19823,-0.85208,-0.64,0.8,0.23,-0.43963,-0.20345,-0.19823,-0.85208,-0.67,0.79,0.11,0.2162,0.00493,-0.3755,-0.90124,-0.68,0.8,0.15,0.14442,-0.07825,-0.27171,-0.94826,-0.67,0.81,0.18,-0.14124,-0.132,-0.30107,-0.9338,-0.67,0.81,0.2,-0.23542,-0.21211,-0.28886,-0.90341,-0.66,0.8,0.22,-0.23542,-0.21211,-0.28886,-0.90341,-0.5,0.81,0.15,0.1367,0.18691,0.01657,-0.97268,-0.48,0.8,0.09,0.1367,0.18691,0.01657,-0.97268,-0.52,0.79,0.11,0.3805,0.36943,-0.48794,-0.6933,-0.55,0.8,0.13,0.27194,0.28482,-0.45451,-0.79897,-0.57,0.8,0.15,0.27661,0.31586,-0.531,-0.73604,-0.59,0.8,0.16,0.27661,0.31586,-0.531,-0.73604,-0.51,0.8,0.12,0.1367,0.18691,0.01657,-0.97268,-0.53,0.81,0.17,-0.00536,0.3029,-0.07476,-0.95007,-0.56,0.81,0.2,-0.21399,0.2785,-0.11207,-0.92956,-0.57,0.8,0.22,-0.3342,0.23593,-0.13636,-0.90225,-0.57,0.79,0.23,-0.3342,0.23593,-0.13636,-0.90225,-0.49,0.8,0.12,0.1367,0.18691,0.01657,-0.97268,-0.51,0.82,0.18,0.09616,0.1536,0.02244,-0.98319,-0.53,0.83,0.21,-0.28613,0.15208,-0.02492,-0.94572,-0.53,0.81,0.24,-0.5425,0.13028,0.00286,-0.82989,-0.54,0.79,0.25,-0.5425,0.13028,0.00286,-0.82989,-0.48,0.8,0.13,0.1367,0.18691,0.01657,-0.97268,-0.49,0.81,0.18,0.16741,0.0919,0.08206,-0.97816,-0.5,0.83,0.21,-0.33387,0.14056,0.06506,-0.92981,-0.51,0.81,0.23,-0.645,0.17437,0.0398,-0.74296,-0.51,0.79,0.24,-0.645,0.17437,0.0398,-0.74296,-0.47,0.8,0.13,0.0735,0.07304,0.23318,-0.9669,-0.47,0.8,0.18,0.20199,0.00738,0.14139,-0.9691,-0.47,0.82,0.2,-0.33027,0.07932,0.19609,-0.91988,-0.48,0.8,0.22,-0.67801,0.19593,0.15685,-0.69088,-0.49,0.79,0.22,-0.67801,0.19593,0.15685,-0.69088,-0.6,0.8,0.21
